0 
131 12854 13210 
255 12636 
374 12931 12978 
521 13081 6654 12879 13481 6097 13187 
523 
579 903 824 2520 3195 9850 1993 3198 4242 1291 4360 11840 12524 8497 10554 2737 10387 10487 9157 13192 8725 12254 13151 7683 11960 4997 11979 756 861 2942 1140 2912 213 7268 1679 2319 9904 4804 7452 1947 9667 537 10071 5503 12129 678 1364 8138 6710 8967 6926 12471 2620 4433 367 7849 1536 9952 630 2669 1261 1962 4527 12644 6590 10110 4028 5311 8927 1409 1678 11322 4648 5528 4917 12674 1250 13207 6656 6909 5782 13363 1957 11483 5698 8292 7731 9444 979 5323 1215 3989 12149 395 5994 3255 4694 3671 8906 11601 8314 9476 6092 10581 12032 866 12772 6024 6200 9529 10980 2023 10090 897 7700 10714 11636 3771 4437 5294 7348 6885 9166 6592 12175 513 6021 4626 6553 1155 5092 6054 2870 6721 6429 9179 1877 3683 3759 5620 9512 178 7762 2109 8954 2498 12416 744 9754 2793 3398 12290 3804 5474 6385 8401 11363 2481 6266 7354 8412 1489 10806 4696 6900 9674 4775 6552 9603 1480 2850 9868 3815 11612 327 12102 3692 8275 2592 3684 3764 6499 8334 4476 11606 3978 12357 8148 9152 10576 10892 5969 9883 11067 12141 7031 8548 11616 4760 12015 6781 12583 3336 4664 10416 8224 9620 11219 11766 1380 12702 844 7568 8574 1015 4513 2226 12360 4911 6119 10803 356 11947 4415 5384 494 5663 10862 5083 10853 11272 7201 12317 1263 1981 11678 5621 5841 7733 1391 7298 5222 5430 11211 1546 3786 12528 3533 12117 2274 5161 819 5742 9044 10106 10443 1570 2825 5957 9178 4071 9054 1589 3491 4042 780 9447 12038 3370 12448 3257 9612 2711 11027 5781 6929 6239 9930 1068 6167 9201 7725 10513 6102 6261 10890 12544 5831 6335 12483 5305 6373 8343 5336 9774 563 8190 8266 11349 12260 846 9887 4170 9889 11002 11829 617 12030 2042 2522 12126 6557 6963 485 11834 3335 6369 10040 11169 635 6311 2869 7498 669 1405 913 8025 10346 392 3432 6827 8414 8435 1361 6137 10271 10905 5937 10971 500 6635 2370 7398 3425 7334 3181 9711 11186 5489 11123 928 4153 4201 463 12057 4288 7606 11697 2399 6647 12162 3052 5402 7866 10587 7870 12819 13398 9108 10833 1392 2802 9859 13106 4329 9839 10874 3300 11591 4313 7732 10101 1729 5512 10880 4763 5702 366 10851 9443 12233 10774 11101 13104 145 4817 637 9471 3259 5153 11536 13118 541 5947 10252 12930 12955 530 814 4671 11210 3314 3959 8179 5160 6172 6908 7547 2048 8487 6485 11213 1519 11114 2183 9799 4601 9249 7017 12311 10262 11183 634 12064 2359 5248 4739 5449 2463 4343 8015 10540 4582 12560 2784 11125 6563 7806 8110 9194 5168 10775 598 905 8321 8496 9993 629 7436 11416 1772 4675 8638 6245 6585 4640 12020 7350 11168 
601 
1394 1870 2507 6362 7165 348 4331 5517 6067 1154 4550 6615 1550 7571 3333 10329 261 8473 9187 10158 2571 4727 2150 4842 7403 3646 10608 4883 7590 7390 7654 879 2663 4723 5085 5881 9578 6038 11206 10074 11921 1377 5225 1048 4718 2852 3346 6228 8932 11957 2687 5278 4761 8267 1138 9771 6297 10598 6367 8105 1342 3357 12054 1108 6764 10007 257 11626 2591 3531 6889 3826 5623 10025 10760 438 11103 5227 5760 4156 10939 977 7451 12212 10350 11486 12058 1919 4843 6216 8502 10359 1728 10556 11106 1012 12114 1653 5066 7106 9670 12651 509 11070 6966 12258 8215 12018 8185 10319 3206 10613 976 11577 1370 7046 1543 7407 353 5695 10836 5628 7199 3066 6807 1063 12468 3825 7790 3078 9879 12121 2906 7113 11030 5464 10397 2332 9901 1345 5097 2185 5283 7246 10647 10717 553 5676 1260 5240 6768 8799 8903 1262 3365 5912 2036 12376 2120 11306 614 4858 487 6435 6519 6915 7789 4585 11949 7026 11450 3337 7822 875 6035 1456 4972 4916 6890 1078 1365 12220 7099 7976 1736 5457 3981 10918 11019 11541 232 4501 2062 11242 3841 12530 3414 3662 8576 9835 138 217 4305 4161 4698 1732 12446 2720 6213 2678 11188 1901 4574 155 11485 3021 10924 11380 5913 9886 2933 7365 4051 10597 4350 6837 11469 421 1141 3791 4778 8673 169 1682 10604 1926 13030 7373 11970 3493 4525 10016 3553 7266 452 8965 5652 8132 5832 9167 7552 8773 2065 3049 11189 12609 5826 6235 12312 103 7480 12348 5262 9329 6607 12815 11740 13008 2134 11643 3069 6828 9146 11293 5134 6540 6657 8880 12460 4383 9461 1495 9865 12591 5396 12292 4712 5479 7941 11952 839 7021 7579 12239 10654 11594 200 2084 6403 9383 9394 3563 12773 92 1018 4703 9442 5459 11399 573 1415 1602 8842 10643 4784 10450 7512 9386 1292 4996 9350 9164 9456 11597 1429 1633 1026 3039 9573 5716 11863 5906 6208 5783 5803 11442 4249 5986 9423 3975 10596 4147 7771 3256 7441 11202 4020 10762 6863 9181 9119 11809 3375 8940 6990 11230 12792 7860 13245 2210 6556 8757 4098 7478 1234 7503 1037 3168 12242 12835 385 8391 2031 11550 1895 5715 10514 3140 11074 2899 4979 3596 4439 2926 8975 3703 4061 4233 11347 4594 8811 580 2882 7162 6033 11174 1711 11964 961 2040 10119 13446 5891 8468 1840 7257 1067 9695 10532 1132 3203 3008 4449 5086 1866 12123 871 10046 2180 3332 7209 11060 10172 13225 8812 13441 8195 8300 13537 
705 13424 7773 13393 13414 
701 8669 8381 10309 12444 2941 4191 5437 119 2345 12734 1476 10734 5329 12638 3138 7949 1514 5473 5033 10871 12661 2427 4776 8452 4217 6220 2794 7631 4765 9660 6933 10273 848 12325 442 2530 8456 9728 4435 11917 1673 6623 10117 11457 1873 2125 4234 8214 12643 11081 11499 1484 5951 11914 12999 8400 12713 122 538 2517 5941 8293 2369 4182 2164 4575 7169 5163 11696 5468 5852 2407 7548 2484 8286 2526 4529 60 12007 1202 4638 110 6810 12245 2610 3546 9748 7210 12364 12811 11138 12577 4572 6894 7751 12070 4165 8192 4677 5905 7368 6516 12377 3293 5699 8749 173 5201 299 7697 10680 12222 5028 8299 522 1662 8613 2609 7765 2814 7952 475 9015 2141 11728 12345 2156 5264 6482 10478 6572 7019 11069 2822 3211 7330 4893 8119 9247 11887 2631 8982 9784 1625 5753 7212 1069 5552 7369 8724 1776 6503 5211 8529 5436 7861 1645 3299 3280 6873 8905 5239 11665 1516 2954 1915 5900 7386 1850 7022 8206 8641 11666 3029 5450 11276 6439 8104 195 6218 6440 1165 9922 13314 2217 2735 3084 4380 9399 7084 10724 8432 13369 6383 10827 7325 11199 704 11782 4490 4830 1994 2001 7245 8029 7497 10148 5397 10631 1639 6811 2138 7128 9218 3956 10764 1188 2700 1614 10747 3130 10522 11073 5009 11866 5111 7463 3979 5674 8337 13170 653 4711 1244 12207 1802 10931 1587 11353 2719 12790 3507 4580 5893 5219 12315 7286 8958 9549 12337 6271 6836 627 3480 10525 11000 628 6750 8995 11045 11790 7316 10347 7531 8336 3560 7953 2523 9809 919 7058 8999 9340 10434 11590 5371 10336 8361 11299 735 2203 11586 12722 11632 12359 5944 11847 12476 1175 5784 7778 2470 6549 12535 3564 7877 1803 7255 8545 2811 5109 9923 6341 12071 2728 7148 1318 8014 8634 6796 9102 12438 2705 6621 11572 2159 5498 362 11283 7766 10460 12770 13057 7370 13179 386 5376 8049 2934 8129 4243 11723 1208 7275 4096 8924 10623 11097 12621 2666 7584 1797 9216 10559 5857 9812 3866 11227 10265 11823 12147 256 1938 2452 3458 3160 7063 850 4851 7387 9710 3590 7612 2366 5723 1801 4172 9221 2525 8059 4961 6078 7068 10208 1268 1979 3986 4321 887 6359 1612 2266 3097 2908 3570 10727 1164 9795 1899 10356 2347 12704 858 1976 4647 6692 9591 10741 10913 11722 10223 11462 4989 6959 12053 13 8739 4852 7488 2715 12714 4522 8794 8658 10177 3653 7189 1623 9301 7582 10207 12629 343 8443 1205 3961 8949 3186 11976 
983 4965 7903 5452 5717 4001 8939 6384 11958 641 7997 4081 7832 4930 5439 11484 5115 11163 4933 7793 8369 3037 9043 2038 11348 4689 8379 10798 12265 1988 6312 6763 12388 1844 8447 5766 12384 3142 6217 10298 273 7094 9931 9545 10353 2475 9040 7232 9312 1014 11509 3238 7092 9485 2092 11575 6327 10852 6424 7154 7686 2212 8047 10948 4111 5875 9030 10628 3797 5677 9779 
1148 7506 
1161 
1251 6363 
2054 11827 11990 1897 9294 214 4285 9087 10848 12498 1834 3747 5482 11652 370 2759 8367 2681 3176 6112 10406 3000 11063 3851 11215 2985 9441 2535 12693 390 3948 1433 7180 7231 4396 7558 12683 1995 8686 2221 3152 5681 8187 1049 3302 6259 12379 8565 11620 1780 1794 6477 11258 840 7581 10681 3430 9105 4327 5191 3177 6857 7592 7717 1092 10865 12294 1179 8923 12295 4029 12732 675 9928 2102 7676 1672 7075 12431 2537 8577 8709 11158 310 10589 12261 5733 8081 4720 8735 7460 11305 9690 11711 115 1925 8834 4750 7843 7888 8168 3840 4400 88 4545 4942 9101 10799 4553 9306 10082 10879 11690 204 3442 6019 953 11848 1271 13288 4319 6872 10800 5802 6870 12078 7285 10144 8931 12035 2874 6479 8645 3262 10691 663 7124 922 3051 1007 3121 7193 10444 4966 9270 9827 9958 11490 5549 10616 1977 2007 11481 867 11629 4033 11005 4742 13031 2365 5954 5706 8789 12785 6473 9371 1971 8165 5151 9854 12084 406 10467 5080 7186 8028 4777 10073 6282 10488 3918 11452 490 5035 6037 11930 2151 10413 1707 11557 1434 12052 330 926 7988 4480 7589 6856 12802 5541 8242 6898 7816 8851 9846 9847 10332 7043 10712 11774 2323 6602 5968 6100 7775 10173 10657 5270 5456 6226 2937 10141 10472 1502 12190 8233 12600 460 12786 308 7295 8408 1032 5535 7367 4825 12491 1407 7569 8117 11741 8928 9162 96 3837 1891 11075 2658 9421 4455 10067 1400 1702 10093 1276 4482 7798 11059 13356 2587 8546 9391 2840 9279 3915 5077 7875 10567 4733 5682 5415 8464 11291 12158 2495 7217 3117 6847 7328 9172 1708 10804 9405 10482 9797 10659 758 3728 6456 1198 10593 3125 3202 4533 10553 6500 12789 8411 11017 3470 11438 1593 4289 3286 6971 3040 5729 8115 1811 4700 4486 7000 2686 7139 7001 8951 11356 4515 5078 8980 2401 7264 9617 9208 10340 10579 12398 4089 11212 6731 12701 2626 5902 6907 6671 12579 1568 13351 3218 5417 3377 11488 899 3526 1173 1904 10700 1374 2929 2449 12730 3224 4173 4693 12691 4207 5044 1062 6871 4539 7287 2516 10550 9025 10123 3276 8097 8934 4740 5810 61 9275 11409 1879 7614 8568 9855 294 10583 
2952 11079 8849 10752 768 12580 923 9657 1163 9315 9864 1274 2384 8151 9871 11965 1985 12106 6191 11260 9240 12170 247 2241 1389 6040 260 9259 1622 1972 22 9848 12188 524 9234 7786 8703 12143 12677 4969 7179 8454 8508 13131 5853 10970 9203 12154 2632 7562 5387 11424 10733 12797 1861 8636 10185 2368 9445 280 10546 4557 10923 5096 10313 1595 8649 4500 10041 2445 9621 8530 12470 1065 1201 5501 11080 529 4405 8619 8860 2208 12355 1907 10826 2729 8252 1107 4268 4279 6902 7175 7393 11248 4773 5870 6090 9019 5204 11480 175 12297 1338 10935 1744 6388 7528 3210 6399 1698 7322 8257 2130 2968 2750 3651 2147 5244 168 4128 4787 11792 2574 5728 6558 11664 3748 5756 6801 11833 12670 5304 11500 9130 10269 7250 8042 12314 12627 1946 4864 6777 6842 12411 6041 12558 6291 7479 9758 7811 8887 8917 10352 10790 9398 10955 11977 6506 8896 7297 8816 4075 9643 4631 7417 3311 4190 5996 1747 1916 468 11526 253 5094 3654 8575 5195 12421 657 8001 1096 2169 2527 6249 3361 8777 3997 7156 8141 3494 3589 8352 345 11814 1090 6108 3966 11004 5291 9597 2624 6536 2884 8171 6952 9380 10338 4523 12122 336 3842 1177 4995 2625 8953 6651 8101 10220 1425 2272 952 8973 4063 4644 5007 2127 6413 6935 10432 631 3373 9651 2124 2385 4474 656 7910 1473 6542 2014 11084 10976 11785 3472 6633 1630 3591 9648 2540 11773 2025 6146 8788 10751 4859 8659 1298 7214 8717 10138 12111 1355 2806 3699 11160 8246 9470 12073 3344 7237 9404 4410 7956 2199 5159 7475 10048 11820 5165 8767 1373 9564 11180 1506 7671 2096 7688 3629 8492 3326 11456 4967 7340 1011 4890 7467 3283 7567 1874 6846 8941 9326 1958 8555 42 7701 10167 12723 2172 6285 2950 13232 8585 9141 1986 4530 8978 9080 6036 6405 6070 6295 12179 1401 11656 7396 10072 1838 1992 2599 3863 1419 5413 7184 10954 1322 11003 1973 6749 13423 2608 10821 8062 8657 9496 11167 13164 4658 10850 2213 4456 9677 13394 918 4222 4659 5736 10100 126 3737 8579 1611 2576 5276 6896 5509 7381 1735 11929 8236 13024 12335 13086 
1357 
1382 12825 13048 
1466 
1512 
1697 5845 16 2770 796 6300 10909 2300 9499 12137 3754 10225 11243 3235 4678 4085 4102 10370 1010 2747 4870 8356 11695 43 3901 4984 7745 7329 7603 342 10519 1809 8983 3765 4039 612 6134 78 3732 1428 2184 3805 4419 416 5828 10375 12165 12434 10003 10835 6256 8238 720 5565 7705 2905 4146 5659 7141 9191 6818 10257 10972 5792 10908 5651 11029 1283 6453 5606 6420 9196 11288 111 12426 2927 8921 5466 11352 3483 9781 11778 1739 6492 5885 6004 6109 7741 124 6075 11869 1659 5265 6154 4253 6825 991 9462 2310 5660 6878 8759 11010 11794 12229 4229 9707 2582 5378 3054 5148 7889 8697 935 4399 5352 10661 11585 3436 10844 1235 3559 6505 10078 10671 5421 12199 1293 7014 8770 12166 9555 11931 12178 533 8305 10489 10529 11501 11574 6185 8778 9299 10337 864 11048 12503 2736 7624 11285 1195 12034 2019 8398 5522 12523 666 1846 2064 4370 9986 6010 12128 170 4312 7271 6533 12949 12951 2656 7874 5772 11718 13344 1133 13500 13561 1717 13547 4452 7239 9649 5038 6983 9204 12518 4538 8520 3413 5254 8765 10151 209 2466 377 3099 697 12598 907 2501 2512 2878 5825 13511 144 355 11156 4543 6230 835 4919 6787 9407 1095 8635 571 7929 3405 3542 8333 664 8037 3397 3636 63 5481 2309 10771 2094 4507 9574 650 5296 4672 6982 4031 9515 373 10279 2168 7473 2336 4398 190 4013 8387 9460 10625 339 2085 4365 4746 781 9353 6775 9409 1839 2856 1457 5629 10388 6653 10787 890 10205 424 3511 7897 2796 7309 9794 11026 1487 3769 12970 2140 6005 1199 5508 3285 7923 5166 12440 1396 6546 7047 1196 5257 1628 5820 7698 10975 9662 11384 6377 8469 9787 13301 2886 4560 6695 2611 8353 9144 4409 10481 891 5420 739 5386 7016 7876 9592 9791 11220 7115 12511 12756 2804 5704 6390 10435 1112 5217 1920 10125 
1703 
1743 
495 1100 1488 2251 9373 2465 3618 1281 11229 3046 6693 3141 3543 6644 9541 5591 11146 1750 10186 6729 9506 4808 11742 1453 6986 8705 12281 1468 1737 4950 4048 12705 6063 9890 240 1963 9723 2807 12419 4943 11245 6394 8848 738 6569 8221 6283 7196 5584 6450 10837 11378 771 4388 6532 6661 7074 10521 5598 7565 5401 8166 3119 8377 10994 1270 3223 9891 11426 11777 11031 12189 36 12334 7372 11870 284 12736 2943 3374 4005 7317 6773 12366 1999 7945 9719 8592 12009 959 10609 183 4348 4544 7972 3282 10985 12161 3092 12096 9730 11311 129 6822 1610 9743 12607 2605 3914 4302 5539 5807 10102 1116 6610 7930 8304 3945 9589 10156 6927 8675 1359 13193 132 3030 2439 7792 1734 3540 2386 3853 10089 10306 2132 5183 6882 9772 5597 7944 4107 8916 1388 10655 3610 8203 8279 12003 207 3261 3881 4149 3919 6742 3006 4453 441 11315 12391 5627 10933 11240 7292 10241 11580 8418 10176 10168 10289 1686 8338 1730 3174 430 10688 1854 5412 9596 7265 8376 5833 9154 11878 1862 7823 4322 10831 6744 9572 10585 11112 1427 5516 7244 7763 11428 7258 8774 6121 7040 10127 986 9989 4618 10014 10703 1893 10582 2586 6114 8112 13354 1755 8109 2202 3349 9325 13420 70 2187 2204 2752 3087 4142 4315 9124 812 10163 3434 5048 7591 8161 1648 8929 7474 7943 5451 6999 4245 4552 3664 12486 4308 4924 93 9065 5981 6082 1190 7580 9968 201 2043 9255 2569 3810 6315 10723 1003 1987 2688 11249 496 4755 3902 8462 3829 5859 7424 8366 2667 7352 6140 7549 7913 10430 8763 10217 9297 12316 2513 8985 11883 8720 12551 4662 4906 9673 10692 1105 12342 5073 10633 12081 6755 8226 9992 11259 6347 6757 9926 3985 10520 998 5661 10693 10776 519 9602 11419 575 10866 12499 607 4423 2334 7692 8682 8096 11798 11091 12620 3161 5794 4551 11407 11992 12442 5475 8199 8325 12323 5433 7453 9011 1052 3309 8403 13221 6454 9832 3498 9198 12023 12821 11253 13053 7174 13044 872 889 9150 11744 12400 11342 12433 912 7689 8963 12901 
1757 
1769 
5538 9557 7274 8402 8018 10419 249 6996 8157 10783 12645 7882 12263 2431 4873 6084 2650 7542 8751 8702 12276 137 2855 708 10403 1180 1835 6925 508 12139 9 5074 5179 6529 9962 9237 12352 4613 6098 7736 6050 7465 4021 9382 5358 7107 1091 4576 1709 7360 3381 10454 2322 10695 2967 5813 1521 10872 943 1685 3096 11035 1083 4000 1085 9232 7129 7326 3187 9219 347 3884 3913 7109 8830 1984 9840 11359 3847 6741 11495 3476 4387 603 7566 10250 2106 10732 12744 5560 12605 851 2423 3456 5281 11391 11614 1417 4701 6164 9207 2764 12119 2977 5302 5036 8902 5131 5625 9770 552 11494 1721 4176 3896 12301 4401 9338 1982 2768 5654 10591 5911 9050 6380 7779 938 12412 4483 11998 12095 6277 8784 5067 5110 9153 10770 778 3659 12436 5926 6250 987 11126 4231 5879 5925 4310 5361 5379 6643 8077 7211 7611 1269 12584 5487 12280 3270 4163 6501 10153 8154 10039 2932 9298 5407 9292 1951 6138 7301 8947 10010 11699 11912 4278 7515 79 5476 11041 2809 11745 1806 5892 6886 9951 3443 5199 3850 10147 5561 7648 8470 8798 11281 12159 2307 5889 3153 10358 3448 5414 1761 5985 5735 9313 7527 11247 215 8143 1903 10122 4424 11991 8960 10322 11853 464 1232 2639 4357 5460 6947 6993 726 6061 1302 6562 2378 5207 11321 12502 2197 5400 6448 11394 5821 7747 9896 2446 8614 340 2073 8734 1378 8956 1753 7056 8710 11621 605 13110 477 3925 3605 12236 4827 6441 2467 4645 8783 2622 9608 1740 9973 9783 11346 379 8536 1237 12509 2170 2506 3368 8160 488 3467 3348 4888 2745 5348 6984 9775 5471 8146 10019 10254 32 2131 7546 10860 11099 9362 11381 2404 12214 5084 6645 1362 7013 6961 11434 504 731 7446 297 5391 10411 12107 937 7652 3744 11850 3067 6584 4900 6376 12262 5494 7664 1319 9449 1443 1598 2662 5548 2026 3123 4686 3670 8839 4612 10552 
622 11028 2588 5042 12225 1616 5366 2434 8158 5324 9765 2701 10857 6799 7915 9016 262 9308 3247 6765 10373 11881 3212 9419 10864 4256 7037 5978 6672 7946 3496 5521 11631 9375 9629 9281 9978 4816 12496 596 7349 696 1403 2390 6665 2121 6017 2716 5662 5734 6181 4931 7132 2585 11440 5008 9916 7411 11567 337 966 1547 988 3725 2391 8174 7089 8478 4497 8667 431 1712 4688 11832 2265 6113 6631 10927 3940 4340 7802 2820 9224 2613 3105 2833 2836 3641 1566 4339 5312 8351 11068 11336 1017 4244 4879 5581 4088 9925 680 10495 2647 3163 3463 5921 3987 5380 5523 730 7097 9302 10120 11754 12235 1832 9099 9481 2772 10170 2990 9505 2925 10152 10501 11151 176 7817 962 8291 2097 4247 12282 1305 4297 5574 7412 3666 10038 6281 9927 11320 963 2555 3832 2655 7586 450 5150 10919 6663 11377 11547 12695 8873 9998 9252 9661 8066 11217 4168 9095 6443 10282 999 12659 5785 8127 2889 4219 6003 8297 4764 11231 184 11655 3146 6065 4632 9820 1626 11345 2503 4262 2182 10136 12040 503 9744 1136 11373 1913 7426 7158 12062 4106 4609 4730 7708 8092 8972 12632 1822 4633 9363 11209 188 8543 1279 1624 225 1961 5740 6307 1527 10381 4728 6972 12209 584 4351 7550 2703 11523 4050 5355 4511 7259 105 2292 8683 6214 11789 8481 10231 5019 10794 10544 12213 21 125 2417 9287 10248 198 9508 2627 12572 5289 11340 87 12307 1193 8943 2234 5801 3976 11735 727 4949 3576 12581 8420 8430 10047 12806 
4505 5116 9680 5649 12430 1576 6203 3222 10572 2995 10926 1571 2302 2930 1875 7359 2777 10034 970 11810 911 9057 9830 5507 5846 6609 7942 486 8824 3632 5287 6062 11685 4605 6967 7422 2211 7629 11950 11954 3086 12249 1134 6462 1572 4246 8020 10666 11844 7524 10210 2053 11012 3569 8813 12812 1023 4597 7616 9497 1079 6606 6821 10614 11922 2964 2997 5192 10610 8013 8829 12813 2247 4364 8883 4737 8646 12285 3167 6865 5610 6862 7602 5868 7105 6194 6528 8322 10310 9849 12672 6427 8114 8997 11717 2105 3586 9965 2033 5888 7791 11531 9411 11899 3451 9535 6469 11556 3331 8957 4299 8876 6527 12068 2254 5975 4337 5022 6697 2095 6155 2733 7102 4196 6641 1339 3294 8152 11228 6318 8180 5363 6625 6310 10641 2499 5365 2061 10202 11326 3680 4250 5308 9599 9036 11432 3103 3895 9416 12698 711 6788 8208 965 5267 2891 10673 1059 3449 9266 3690 4280 5162 10843 10849 2838 3983 4436 5395 1927 7339 9969 12694 12748 5462 8363 3761 9173 2215 2411 9647 4799 6148 1782 7847 2325 12215 3740 8841 11176 3649 4907 749 7039 3561 7625 9721 4514 8648 4228 4810 2395 6045 12543 6321 7674 6917 7632 326 3064 9072 8260 9090 4927 11646 3149 5404 7513 9035 4824 10898 570 4991 7299 7394 11115 11885 3423 7572 9022 3708 11906 5960 6110 2792 7583 2276 10599 3468 12361 4981 12330 7627 12036 8540 10638 11760 8731 11738 8301 9238 2654 3189 10796 11274 1332 4617 4588 10446 10386 10938 12619 1652 9056 7413 12072 3827 10452 8571 8594 6901 11647 2749 5230 6433 874 7227 9077 4699 7409 12223 46 877 4140 4874 7070 1615 5964 7753 11072 12010 3598 4159 9296 11781 981 3083 12321 583 9280 1696 5241 8819 1054 2454 5749 9857 3133 12044 8933 11689 3935 4062 5031 9526 3450 12011 1876 2867 1692 10246 564 2235 4446 11403 7837 8330 1807 10053 12206 12743 2604 3927 6727 9088 9245 10157 10159 2293 11747 3934 11854 1343 2721 4635 6539 855 11329 8968 10032 10134 11672 5089 10431 6026 8034 10690 1254 10276 2291 5331 5630 2377 3023 9764 3529 10200 6666 8694 1666 8326 3197 3833 2246 8593 3137 4794 1597 1848 4210 4467 10027 1045 6241 5585 6814 944 3668 5976 8244 8962 679 4052 4719 2433 6371 3517 8869 10284 4255 11313 2685 9659 11880 9636 11670 4193 11441 8526 11298 6039 8998 9414 11859 10203 10780 
1974 13065 13223 
1983 
3209 3390 10618 6370 11296 11479 624 4520 9169 11963 5634 9357 10043 8100 12781 177 4138 5103 8383 5657 9815 750 9250 375 1192 7103 4957 5799 2004 12013 2448 11148 2916 12293 3416 12299 5350 8676 5057 8964 2072 5185 12602 6829 12098 3440 11292 7041 7249 8150 10448 3225 12050 7533 8436 5093 11648 1605 8159 13092 2871 11791 7958 11466 1171 4160 9971 11023 993 2485 11295 4877 5685 10651 3234 6559 8145 13127 2612 6893 6981 8210 9358 1189 9438 113 10486 8893 10932 11808 13015 11155 12860 1748 11542 4199 9892 7404 7752 674 11162 11287 10382 11944 2375 2963 3010 3656 4203 8616 11337 11996 914 964 3521 3893 5445 1266 5834 7215 8566 642 2430 11743 4978 9824 2621 5518 1423 8499 2453 11354 3822 8345 3623 4596 12555 4137 6478 8384 4143 7205 10083 13058 2518 13461 670 1613 2387 13002 13198 1001 7640 1719 4865 3017 7415 3328 3611 2167 6514 11596 992 8511 1892 9595 10365 5318 8919 3134 7608 4704 12573 9334 10569 3798 5297 9511 9684 10897 5408 12318 6642 8374 13228 3719 8339 4450 7502 270 11366 1387 3305 7878 5229 10812 1111 6421 9017 1313 6002 1617 4214 2225 3557 567 7119 6921 6978 8228 7183 8222 12463 543 3408 4936 8133 9908 8370 9821 3799 12286 1224 7644 4221 11327 12958 5064 5140 6348 13246 2863 11006 13434 2422 3674 4656 4772 7818 7925 10429 13119 3604 11975 1230 10412 5242 6463 9768 11360 227 7992 1436 10557 12274 1086 8425 1185 11129 5367 10166 6595 7905 797 1940 384 6031 8989 3356 6253 885 12210 5497 7229 3127 5915 9899 8002 8522 381 3509 658 12563 6290 8946 11865 948 1448 4189 4831 3360 4275 9964 1766 4629 2865 11707 3172 3502 6269 8541 6608 8086 5943 12198 396 6707 11830 10683 11882 2081 3318 10944 13235 842 5493 8 9761 7332 8560 5405 11172 754 8149 12 1497 1878 13467 6044 7493 3578 6589 12257 453 9816 5335 7024 12763 10473 12004 2957 11016 5613 10474 5795 10366 3907 13383 6349 13439 6136 6760 6502 6969 2851 11855 9472 12221 8662 9076 1295 4404 3926 8249 12505 7281 9575 9836 9851 932 10658 5175 11256 818 1002 11331 6848 8639 7494 10124 1375 6077 1216 8961 6161 11046 5447 6541 84 10818 1607 11051 
158 11640 740 7029 2294 4802 7280 9262 10911 7499 7661 4741 10709 58 8501 3904 5147 120 5843 5307 7979 12740 1724 2028 11104 1619 7481 2163 3782 502 10026 1970 6834 9882 4323 4681 5505 2320 2992 8106 6619 11772 5839 8329 11118 853 8754 3250 3380 7742 6196 6423 7096 10461 1071 2842 3661 10459 1490 7171 189 4581 11187 1764 5442 4947 10792 4499 5819 1449 2256 3044 9295 8942 11122 2487 3248 2827 8563 9697 7672 8668 12985 2640 4691 4083 9757 4608 10423 4759 5124 3085 6937 10645 11273 12942 2578 6287 825 6361 11364 9495 12766 23 13148 1120 1664 2986 210 8375 13244 6188 11192 5594 8120 3772 7327 4406 10051 5271 10814 13088 9244 11651 643 3969 9645 1346 2186 4477 7525 11675 7867 11314 4212 11546 4192 6018 11842 
2177 13071 13168 
2249 
2443 13191 13401 
163 7126 6660 10008 1954 4570 1379 10390 7083 11705 7122 12279 2789 3778 2289 12552 5858 11849 77 1996 10181 3013 8350 4934 7937 1936 4266 3342 7669 2998 8681 3341 12457 1153 6126 3734 7519 8429 11328 9402 12559 785 11645 1509 1760 3996 6794 5133 8863 1810 7932 7233 7939 3003 7095 3794 7526 644 4536 3382 10779 4118 12838 5506 12138 222 4964 6962 7935 11147 3905 10754 12837 1004 8596 5301 5731 13054 6603 6655 10656 1416 2451 9450 723 5383 8311 11604 3075 5145 5840 6336 6774 12049 3583 8491 11892 479 3232 11334 2383 4311 8885 11861 2243 5245 13281 2531 8198 251 2823 7116 2643 2873 7464 11719 4294 4904 12271 6813 9681 9627 12608 5774 9513 24 9619 1075 5923 3263 8578 5703 11633 8688 10515 3213 5601 7919 8607 12415 606 12564 2122 9023 5158 6650 7261 3697 5216 1053 10497 11262 1631 11119 2976 9991 4183 12283 4752 9111 3050 4422 3388 11517 10056 12275 2508 7596 3660 7130 5691 9491 745 12256 6745 9264 4726 12593 2421 7447 10669 325 6064 8992 4725 9742 238 5403 7783 10154 7385 11579 1914 8521 1991 12425 6560 11190 821 2071 12654 6152 10784 5389 8803 8974 11333 1310 11825 6118 9041 625 11613 211 7458 8925 7203 9431 11330 12306 5596 9228 4466 4811 492 1960 5156 6076 6669 2672 10797 3166 13395 2052 3788 11308 13112 7921 11714 1114 8328 8424 2279 2633 3936 12368 3184 11102 8547 8670 10979 10171 12291 901 8039 5220 11319 482 11050 3497 6726 7902 352 2725 7840 1472 12588 6254 6732 5299 8714 147 1833 3113 4087 8899 3715 6209 11135 2732 6159 1144 9464 279 4151 8399 1016 2044 3574 8380 6143 12666 1128 5965 3537 7012 1127 4015 2704 3944 4498 5342 4377 5667 2579 7756 1431 4908 9786 9291 10331 4112 9440 894 2133 306 5543 3418 11461 511 3967 10274 12037 7635 7893 180 12517 766 4579 9307 9942 878 3852 11415 2931 9331 3892 6465 9747 10698 7430 9147 11720 5269 10907 1640 5861 3016 9990 703 10675 86 420 7314 1762 7178 9873 8795 9693 1252 3943 1869 3131 10470 11872 1949 5463 7198 7694 12203 8289 10451 4330 10367 10699 4568 11290 832 4625 6142 10439 7881 11034 3156 12642 11307 11560 3880 9227 212 3558 4532 6351 6658 10410 4806 9631 11771 8465 9168 9343 10639 3606 12595 3702 6366 12663 4910 7060 774 9200 5563 9223 12494 3637 11508 9876 9982 11195 11981 5453 9856 6058 6622 6298 12716 286 799 3287 5790 6816 7025 10707 3109 12234 3594 4402 11100 12340 2418 3383 7146 5266 10145 7896 9642 11623 236 7529 3735 11280 12754 
1841 6442 2515 7136 716 6449 10480 9686 9716 351 6115 10415 9600 11800 3704 12747 4073 8948 9845 11436 11460 37 793 3004 3687 152 11208 276 11767 3249 9802 4754 11642 6795 10303 544 10841 89 7242 836 12101 9082 9635 8484 8988 11131 1649 2710 6600 1906 8075 160 1725 8054 3002 8642 457 4108 1574 11430 6547 12140 1860 6333 11961 412 1328 7796 12612 5188 5972 5237 11379 6605 7854 2821 9288 10716 11498 8038 8058 12288 1460 8448 9084 9126 690 10679 3372 5123 5838 2174 7399 9616 9936 181 2258 153 10066 3055 12527 2492 10528 4454 5787 11052 1494 5713 6354 1884 2160 7541 5455 12115 686 10662 1817 3321 10989 6275 8364 13126 752 9945 3691 11618 1500 5836 9510 12373 12840 2233 11286 6770 10264 8050 8695 13143 801 4333 68 3233 1561 9939 639 687 1567 2157 2086 5982 10180 615 12046 419 3753 10922 4197 7880 2046 4440 2107 5797 2668 5876 6804 7176 3396 5874 3652 12759 3241 5708 7082 7273 1294 5776 2904 6127 4915 8196 9397 4411 4854 3817 5072 893 8046 5837 9132 6447 10394 1402 1478 5144 9131 9458 3787 5167 4744 11435 5349 11149 4171 7545 8461 6087 13206 5139 11518 2776 5438 3633 5113 8278 9665 2305 7594 9715 12585 456 11835 1855 3731 7282 1327 3538 2575 4428 9118 9953 12356 2892 8144 4223 11214 2196 2514 
411 9170 13552 10036 13506 2573 13227 4022 13230 9519 13020 
5553 9197 6510 11532 733 4914 8290 9463 3809 4432 2372 11309 5514 11386 2572 8959 5959 13042 689 5849 11058 11408 10449 11831 6694 11886 3556 7691 11953 6402 10333 3376 6344 9263 6568 6861 2261 2447 7487 2722 7429 1845 13021 140 9712 10243 11066 6954 10960 7091 11191 3269 13063 6626 9320 4702 12943 6711 10584 526 7907 10566 2236 2636 593 7655 5887 8537 11838 3994 6640 11873 12803 8069 9081 7585 8053 6013 11653 3709 9465 4641 6408 1087 9663 2075 6198 2457 10617 10706 11578 1066 7993 3991 6231 9709 10391 2262 10218 2255 3609 2318 3484 11184 11924 2412 7577 12669 1968 4373 10518 9401 11796 724 8428 7351 11082 2382 9995 7125 12692 10670 11969 10573 10856 4833 12319 7810 12753 3252 11467 4785 5855 7544 2544 3389 8996 11795 4336 6175 2483 8405 5650 10624 6431 8920 5856 6422 12108 892 4382 3347 4944 980 3635 7104 4985 10562 10469 12022 4559 7718 9339 11553 3306 6705 4248 12596 10 4840 9260 12298 7108 7142 350 7320 10547 2 7230 8310 6975 8760 5176 9236 1006 7628 4451 9517 1600 2474 10323 3385 11465 6782 12477 13072 3215 3784 6988 7852 9086 1956 11130 3963 5804 3871 11454 1455 3977 9550 10580 1978 11562 5236 10517 10997 283 3320 3627 5848 8332 11780 10133 12778 4983 6406 10568 13472 3555 4395 11514 3005 11088 8737 8769 1330 3185 6766 13211 2494 8918 1888 8994 6624 9911 2740 12407 2769 2913 5570 10466 4834 8840 811 7346 1515 10901 12590 1538 3990 5377 4484 7600 9117 12647 8390 13253 4709 8855 6458 12305 12832 8175 8823 10318 7990 8606 2034 5631 12997 3522 8671 3180 9897 444 5381 10720 834 5510 6173 6460 9726 7714 11136 8392 9713 9656 12099 2584 11644 4 9756 11674 590 9566 3027 6812 12358 3020 4946 5890 6860 12875 1041 8775 8990 11433 9979 11984 12481 13327 7160 7336 3473 12382 9020 12668 
6471 7685 8446 8729 933 1880 1414 2297 700 4666 8898 10129 1115 12404 1412 8188 8587 8664 1166 12042 1657 1934 8631 9914 2756 3478 6057 300 7848 9500 9975 11515 1285 10902 1798 2051 1304 6080 12264 718 2619 8251 2815 12362 691 1523 3070 12622 5316 5934 11234 4925 10889 8095 11491 4284 4359 8419 11676 2035 11018 7364 10321 2753 8274 8099 9789 6001 12761 1921 3848 9452 4845 10021 4220 12639 4394 5767 3592 9860 6236 11874 10201 11037 585 8303 618 5034 3648 6808 2900 4241 6104 12160 5973 8269 4014 7197 773 8382 3638 7724 10363 11805 10105 12027 349 2206 7507 7799 10485 4054 7827 1371 7788 10966 166 10998 5090 11350 1865 11871 4429 5622 2191 11982 54 5897 234 265 673 757 5051 5268 5410 12329 5697 10092 473 5901 2682 4531 4535 10886 9420 11049 12798 324 10000 9943 12678 1537 10502 4706 10212 706 1088 5956 9639 102 4603 1081 3094 7138 2324 6446 2312 4145 4901 7392 838 7620 9328 5864 5938 3363 12176 3845 4300 4937 4713 7869 6085 6522 9055 10686 6551 8864 8901 12341 4291 10858 4381 9149 9689 5575 10146 6888 8294 7444 12008 10049 12512 274 1791 11369 2490 4564 1220 3175 5500 7428 1952 6679 12459 2690 7959 25 7951 3169 5626 11658 7395 7719 10951 9217 10964 8847 11493 9205 9425 1301 10128 11417 1267 12711 1240 2901 6904 6995 2765 3514 8327 11057 8488 8738 10953 652 2425 4211 10766 4590 9521 1353 4352 9028 12055 4650 5353 10230 11318 51 371 11599 831 4298 4607 6046 12169 954 12051 1745 5313 2637 5182 3738 6207 387 1444 1716 3903 4615 1099 6124 12227 2907 5788 2114 3009 3343 1816 9026 2198 11973 10464 12328 2220 11400 2078 5527 9884 7190 7276 11410 1675 7419 9736 1564 7157 6815 7194 11085 12634 7416 10739 3855 4738 10893 542 2596 7151 8253 1200 8093 2362 8504 3695 7028 3063 7347 12021 11254 12193 5368 11980 230 5617 233 359 11737 6596 7397 8357 4185 7522 2280 10267 7098 7917 9903 11709 539 6919 9692 5737 12012 5542 6280 12484 1656 3970 8608 7819 8045 1752 11595 305 11587 1334 3910 271 7699 3135 7824 5758 12428 8643 9009 10087 7110 10758 12561 794 9625 2353 10667 10959 12461 2250 8699 2883 3714 5486 2379 9961 4157 5177 2713 5137 2098 8780 534 6015 11851 5873 11956 5087 7800 4006 11093 3307 6579 12066 10292 12489 301 8067 734 5319 4115 11382 1731 2603 2949 5284 1749 9570 7668 8181 9151 9738 1955 12699 9837 10005 1231 10184 665 3860 9001 1980 5930 6702 8442 1563 2771 5288 9156 2068 12516 732 972 7687 154 5936 11325 2879 6701 2875 4003 2947 2973 10592 11841 3819 10165 11357 6178 9528 12304 2694 7839 10842 7224 10807 3599 9220 6618 7101 4224 9819 162 11406 1442 2844 1909 3916 4813 5102 2244 7253 7491 10426 2316 9708 1923 9960 5793 6883 1632 9640 1158 5769 3045 6133 218 8558 11816 921 9467 2104 5562 4598 11464 8463 11533 1900 5895 3079 12707 4204 11539 44 3750 3155 12204 5939 11904 7532 8060 11317 11769 2606 12168 4027 6358 2146 5322 11813 3032 7344 4847 7153 4803 11895 4064 5554 466 6696 7093 1677 4407 11896 581 11935 1441 4391 6372 7319 7737 11025 5551 6852 7609 12277 4548 5214 12466 1756 4265 399 10956 3928 6673 7471 9981 7300 10131 11608 5341 8466 1125 6107 7574 425 8557 2214 9185 837 9579 4905 5791 216 1248 2583 1535 1852 2521 8559 3688 5238 6517 8870 11993 164 4611 11134 1826 4862 6561 7468 4668 10722 2984 6509 9135 12246 12780 3878 7423 5171 11124 307 4174 1210 10226 6576 7838 319 10266 
4636 7466 8012 12977 13558 11370 12549 1774 12807 501 2553 7684 1350 6091 10084 12365 3639 5726 10004 6613 8235 2742 12454 4276 7657 6989 10414 4715 10301 13322 149 8640 13051 2665 5075 4095 6806 4304 7484 8663 2012 7073 5600 11185 1306 11617 242 11801 1186 10161 8674 11055 2356 7090 3993 5370 5375 7462 1162 6859 4332 5640 7645 13556 4956 8406 13019 6845 8825 11251 13004 12150 13108 13182 6 13459 4441 12962 278 9091 12729 2709 7052 2837 8421 2923 9630 3048 4448 6042 1333 3227 4341 5993 10160 6355 8892 1825 8087 713 4044 12458 1858 3806 3780 7375 9161 11343 10630 12648 4110 12686 8128 9947 8417 12303 4060 7950 4187 10251 12771 12809 469 668 7216 9336 1245 11748 743 1432 11624 3573 4155 4549 12488 4263 10962 1236 8207 7005 11756 8528 8549 2227 6444 4416 13289 6265 12611 3164 9817 967 9963 489 2181 3196 6869 5015 8637 7927 8485 2786 12755 8346 11692 4508 12696 7321 9810 10749 1385 1507 6201 9388 10684 29 13056 11470 11654 13310 3758 4301 4123 4347 5970 12886 2148 3942 5002 8080 1467 10099 2795 3106 4849 4766 9269 8378 9823 12667 7072 11443 1713 2113 3911 11216 7868 9554 9732 10088 3258 10233 7127 10050 10715 4630 11919 2938 12026 3612 9390 2441 2763 47 7310 3358 3730 10063 100 1585 1638 6353 10906 8827 12508 3242 12791 5105 9739 1603 11703 2380 3319 6521 9724 4074 10884 2594 5997 6716 6293 8385 5920 9626 3312 8197 3887 7986 9807 10096 764 12727 6329 13477 6303 9158 1135 7366 1779 6670 12061 1658 2022 6073 7374 7926 9623 12185 186 11178 7033 10280 12019 12177 13522 7539 11205 3958 8728 2706 9920 3874 12981 3012 12393 3775 9970 1815 11819 4215 7006 2696 9010 7831 10401 4283 9838 6504 9999 974 1157 6419 12439 817 3528 3410 5587 7957 296 12414 4392 12336 6378 7262 7433 11083 2409 9482 1518 8032 3883 4822 4844 3065 5388 3835 10702 1077 1967 101 8845 454 709 281 331 4094 8564 3148 5047 7954 1218 3917 13003 1793 7049 2083 10612 1446 11110 2991 4643 1918 9366 6166 6964 2567 6153 10772 
243 747 7069 2041 5252 7149 2826 7002 915 9544 3098 11701 2479 11764 8740 9396 10763 13039 2965 3143 6690 9261 12353 1038 12853 759 5273 10694 10249 10362 3199 12866 13415 5525 8255 12197 789 1726 11362 5101 9523 5883 10305 10753 10507 12520 1229 10320 2176 11414 2050 5988 7829 483 3968 2881 8584 3593 5511 810 3885 9053 12800 383 9474 10999 554 4008 12539 3392 4162 10832 11761 3607 8894 7331 8726 9559 1533 9924 2577 11270 4619 6202 2419 4680 8772 11934 303 10526 795 9100 2222 6554 7985 3707 11634 11986 535 4921 259 7615 5226 10118 1247 1499 10816 4232 4235 5198 6187 8838 9652 10782 1552 12443 1680 9885 7023 8486 3608 12113 3711 9051 8831 12783 4751 9798 7961 9138 3677 9352 4317 8142 5502 8736 1033 5751 1687 12232 2112 6270 7975 9653 3062 8455 1864 5583 1479 12631 1233 7509 10649 3288 7247 3111 5392 5118 5709 11392 5961 11094 3379 5152 3240 4079 354 5441 5576 7551 11558 3621 12515 5917 7607 971 6682 13443 3675 7970 8007 6581 8218 7020 11032 142 1022 3614 8625 4974 12525 3984 12472 2917 10986 12313 4489 5688 9571 13406 2835 3071 3954 5995 1008 6255 9351 549 3462 12191 6511 11598 5256 5771 6867 5526 7168 2832 9064 2290 5213 1169 6197 13530 244 10059 10232 13091 620 7425 5001 11932 8753 10402 3527 9536 10421 949 5648 7695 8833 11372 2442 2781 11712 33 1821 6438 12182 1819 6704 12378 1650 11166 2601 6977 900 4324 3091 6838 7064 7906 9567 6326 8750 2424 7042 8182 9503 8971 12284 8691 12787 1975 5974 6323 9344 1894 4528 10369 107 6713 3951 7048 3325 11843 1225 4848 7267 8441 12805 5187 6767 9585 9844 1555 3324 401 4309 458 7251 3595 4591 4940 10558 11900 2468 12231 3359 4782 391 6043 10348 3464 4166 5189 6389 12347 6122 10622 1440 3647 7200 9479 1741 2194 3122 11368 5120 6678 7563 9687 11089 1883 6193 12186 98 1307 6599 9365 6649 11568 7901 11867 4154 9013 7518 10538 5129 8986 7371 11398 3818 11693 5987 12750 5757 10017 8147 13133 346 12047 546 1150 10663 11939 8140 12132 1676 12085 10192 12820 8307 8889 6089 6309 9079 6776 7223 7729 8354 3457 10555 9720 12681 3038 6675 10398 2228 3041 6914 11300 11818 5470 12427 3303 8523 3194 4951 5049 10493 8033 12278 3220 10588 753 1257 12954 
2914 3733 3861 4091 661 12002 1286 12649 3465 8601 1255 2864 3870 8044 10542 8024 13000 7173 9067 13358 3706 6221 2661 4853 31 6027 465 13329 1352 10859 3279 4512 10263 12657 9068 9235 3785 6451 12685 4926 8362 2223 2641 182 2849 2845 5635 10343 11995 6374 11388 9624 10189 3814 4593 12500 2860 4770 1123 8003 6205 12510 10736 10945 6835 11128 9327 12228 4968 13539 332 8605 1273 8752 13311 9093 9309 4889 11401 8904 12934 1470 4571 6416 12801 13340 547 6906 2602 5773 3752 11552 4379 8004 4982 10475 5665 10001 2200 6094 208 7758 11053 13159 194 10877 3712 4120 1661 2890 4009 6494 11660 12397 8183 9556 5910 11555 117 8094 5763 9696 5909 6401 1508 8259 10767 7890 9061 10978 8135 8169 856 12016 2600 9063 783 9878 4344 4768 6566 4213 11098 4867 5014 6262 3237 4928 6393 9473 12664 3228 10881 10914 12387 4122 7833 2536 9337 10228 3770 9069 737 9494 1074 6412 2260 4338 3718 4546 6128 7641 6793 10135 4918 5390 9522 10471 1242 12553 7185 10341 11239 11822 3824 12679 3581 6340 6956 10910 5817 10930 4002 7192 2854 10447 10672 12269 12565 3634 12684 1452 2275 3481 12709 8070 10854 187 10342 510 9498 3742 10536 4198 8079 12480 681 9628 10869 5292 7521 7996 8445 9604 9303 12532 4684 5202 3886 4796 7856 9955 10665 10378 12982 808 7427 480 9671 920 3173 10304 712 2313 7575 1336 11008 710 4169 9977 6117 7054 4516 6182 7803 1219 1790 10586 9012 12240 1372 12333 597 5434 1964 5867 610 4281 910 1560 4923 10607 1496 12338 7991 10887 2675 6464 6564 11571 989 9014 1051 2188 3216 9007 982 2478 5967 11544 3435 6052 7152 498 11951 4205 10838 12156 1551 7682 11962 5614 10743 258 10996 2045 2488 4236 8846 12953 2902 9370 5761 7288 4372 10993 2689 9317 368 2231 2218 2895 7883 859 10646 4007 9335 2919 11967 995 5806 9243 1072 10828 11668 11746 5582 7690 11294 2857 8422 1842 9477 9587 6474 11181 860 6391 3720 6730 3128 3547 3875 7318 8599 8832 847 9186 827 6294 1608 8801 3802 8505 91 12025 2458 9406 6887 7728 5534 10511 11662 11667 6628 8600 6525 11376 2126 3178 2533 4420 10867 3145 7305 6940 9907 671 9581 7034 7820 277 5798 9763 2155 11421 7380 10364 3116 6597 12628 2920 11988 3204 10179 11420 291 6809 9669 12343 3339 4826 1541 2808 12208 2480 7634 6215 9790 11339 1690 11989 9031 9133 4121 10973 5399 7660 10013 10737 10109 11040 8030 9356 10744 1922 11374 10834 12216 2712 3923 3428 12390 5829 12937 12991 5021 5427 5104 13492 12130 13150 6257 9316 8651 12145 3182 13400 2373 4045 313 2556 4334 10920 940 11154 4705 6237 7170 11545 65 11610 4807 7781 2408 12180 676 9722 5398 9577 4952 12205 6000 8809 159 8349 8741 3244 8554 9024 12344 10957 12363 12633 12650 7383 11108 1701 8685 2374 6582 3823 8000 775 13312 13353 4823 8853 13326 849 9582 1580 11706 13290 
3107 9563 13260 13408 
3115 12836 13496 
3190 
12192 12653 1290 5556 8247 8524 10115 10875 830 12048 1093 12371 693 7894 130 6302 6899 7977 9113 1296 12230 1009 5232 8193 2982 9539 3290 4708 321 12569 5011 8048 6877 9994 7784 12167 896 7846 2361 3412 3505 6858 5933 7534 6976 10808 9534 10549 12810 4657 6998 568 4863 9074 192 12624 13213 1451 6246 2462 7873 322 11605 1989 6330 2805 4832 3854 7994 7966 12547 1606 6120 6168 8653 9318 11753 295 2959 8189 9675 5605 10896 1525 8358 5533 11828 3205 13555 1047 6853 4032 11159 3755 12903 13196 3789 4167 4487 9813 7646 9183 5550 11650 6400 7140 4790 7774 7857 11238 1554 1945 8227 2363 8121 9725 10098 3207 10936 11395 684 10921 11473 45 6006 8250 10113 50 6495 7885 13014 6072 13038 2547 4892 1781 12424 8200 9683 38 3350 5743 655 6279 7342 1723 7234 9769 12841 11387 13497 302 4642 3139 6934 9861 1226 3846 7439 8881 7088 9078 527 1348 4970 8945 10468 1174 1768 6918 11437 5337 7218 10726 4485 12482 2803 5440 12251 7459 10404 8603 10453 432 10615 770 1788 3767 2015 5231 823 6484 9459 6029 7272 1813 7355 1558 10368 3429 11439 4346 10785 2788 9527 6565 6720 8693 1287 10967 7940 8815 1109 10759 623 3930 8677 12804 4868 8531 9870 7908 9776 5924 11687 6407 6854 8850 11607 9385 10668 4097 4971 9706 10825 2100 8065 8713 2267 11474 3534 5588 
3246 
400 1932 3811 9143 10817 648 11527 2738 10786 1278 2020 2824 3136 8970 9060 2018 7530 5992 8444 2229 6430 1667 2697 5666 12077 1309 6165 7313 7587 3532 4080 4758 8439 10275 12211 2165 9246 3028 9188 12005 12526 4637 5135 685 4113 8706 11 2739 1943 5170 5863 12493 2684 2872 5536 7858 2195 11528 1771 12469 408 3710 4175 1691 3274 8404 9548 3669 4534 5687 805 2958 3330 6476 5206 7633 3355 8826 83 10307 493 5362 11033 969 4240 5173 5490 7252 165 9875 12793 654 11812 10705 11669 10524 11826 8019 12080 806 1060 9330 6747 7984 2644 6779 7456 11804 4254 9759 7225 7277 3475 10204 4584 9097 6724 7899 10462 3964 13515 1413 12570 5112 11657 3562 8804 12272 4526 10238 4687 5314 8727 10300 902 3774 2145 6059 6223 12742 1681 4547 5326 2263 12728 5411 10107 6305 8205 9468 10742 714 10840 5059 8036 11727 12604 6544 12219 5125 9905 9417 10963 1577 1830 2119 9888 5320 6712 6751 2653 4158 9504 2473 7597 4457 4986 5639 4771 7710 10561 8173 9222 9174 11821 1366 12402 6928 7323 369 5293 4792 6578 7489 9128 4682 12936 5835 9524 9777 4504 9583 1795 9664 3957 6260 7279 12784 2381 2730 6066 6466 4953 10140 11141 3239 3308 12001 8895 9116 5025 11923 1159 4502 11201 12045 1383 10868 2101 9906 1050 12259 2110 2354 5700 3616 6733 4036 6210 1463 1655 10788 2848 3566 3061 6022 315 3340 6591 1349 7511 8620 2341 2351 5707 8797 3626 8888 3354 7748 2746 3800 6060 6304 9165 4368 8747 1549 1669 2429 7379 2894 6284 4046 6055 2093 5495 12513 2333 7182 13390 1282 8453 2859 2877 6897 7517 2477 3519 3101 7738 9283 5 1882 4793 9480 3352 10112 6132 7010 4105 4270 3411 9767 1784 2971 3572 10206 314 6364 2748 4756 1704 11942 66 9634 1635 6680 698 8580 9987 11907 2013 2179 12405 4148 10620 2306 6176 4960 12614 4230 12675 4177 10545 528 6754 1042 6841 4876 10314 90 241 6950 9531 127 10371 5770 6248 873 7155 3120 9826 2486 7243 467 6833 6343 8348 9273 8711 10023 338 12817 4620 8431 5664 6662 5786 9215 1601 5894 1036 7135 1553 8742 7764 8355 1773 4226 7754 12775 76 1557 2726 611 9103 857 7716 702 788 4602 7553 6573 7960 4717 8280 9507 12963 7626 11898 12944 2153 2230 13564 2371 5504 5672 9121 6936 12637 3291 6876 8164 4540 5578 9727 12181 414 11807 1249 11683 12174 2743 7830 5789 6071 11044 2461 5690 11157 2406 2888 8479 10773 2839 7537 6356 8248 1953 10565 235 5750 8562 10335 9811 11453 3694 10018 5317 10253 5796 7914 10006 11086 252 5644 3110 8806 578 2152 1126 13123 1857 3129 2350 5593 11225 12479 2303 10578 8052 11257 3909 11749 6457 13479 6864 10188 6910 11312 4353 4390 5013 8597 10934 1034 2349 3267 11120 2563 9800 2397 6756 5184 10755 10888 13166 13189 4101 6068 7723 9872 12043 12270 960 8331 5645 9058 4447 6948 3524 3836 7438 7981 10947 5744 9290 10781 5955 12697 
3304 13303 13416 
1121 10297 94 3525 9954 12603 1265 8514 12473 2843 4791 135 1182 5615 5564 7610 10424 12712 1411 10637 358 6020 3579 4555 9580 10847 4104 9543 1722 10060 4994 5359 10660 5842 6664 5419 7032 10244 1439 10132 11824 1299 11943 7195 9226 1184 1998 2659 2707 2751 6684 3588 4134 3371 6490 3743 4655 6520 11413 3679 10477 7324 8209 5126 10137 7057 10527 4962 12796 5234 11445 4510 6319 1102 9324 470 11142 11241 1308 2545 1381 7995 1277 4030 8335 6234 8103 1213 5884 11588 8116 11920 7283 9066 10904 7535 10634 3726 5169 4894 6497 8098 4378 6648 8792 1147 8017 9984 2497 3271 10086 9209 9750 1055 3289 9937 12133 3682 12452 3567 10374 1256 2428 1422 4732 1579 5443 5830 6577 7177 8854 565 3513 6317 10512 5777 8915 3552 4430 1785 5286 476 9782 572 2774 9814 5569 6699 8295 11007 10399 12562 7445 12331 558 4903 8808 4316 5261 6508 12652 7035 7100 4251 11164 4393 11431 12136 3862 7884 11011 5927 9253 2149 5360 1503 6345 12960 7131 8874 3876 9533 9714 11261 9735 11133 1530 12296 904 7559 12891 555 4604 6147 7505 9478 9552 13364 1588 5658 8078 10095 4040 9701 4566 6743 6570 13563 3620 10433 12849 8021 8655 3602 3949 10015 6386 10456 3461 6725 1209 9424 9466 12567 574 591 4661 5347 10894 12093 604 5922 10539 269 10981 
3565 12909 12979 
3676 6740 
3757 13352 
3766 13258 13470 
3783 
7150 7221 1284 3894 4606 7206 8434 2677 5122 6171 10899 7639 8897 18 13219 2224 10740 5727 8977 5573 5694 9493 8745 9568 3630 4592 5979 3471 7514 10995 67 2049 2317 8844 826 13433 4356 10891 3072 5343 106 11994 1853 4762 2090 2649 3243 6125 11351 12578 2589 9304 9558 3960 12610 5642 12497 3179 4119 13186 13430 6891 8272 1800 3273 13402 1770 5811 4695 5193 7621 7315 8672 7649 10199 2416 4464 9277 5765 5916 9917 11516 12751 957 3482 1458 2648 9853 1660 8258 12799 3193 7647 10777 7947 11702 11876 3033 8318 2924 8556 9672 586 12545 3857 5686 4072 4200 4078 7085 2810 4837 6238 9241 2566 4753 12200 2076 8609 1076 5748 8588 4130 6698 2502 2915 3151 9392 7448 8265 12529 1243 1529 3760 2338 4595 12332 4408 5327 3619 11860 7999 8090 4180 12309 298 4141 12475 1783 4975 2232 6930 2413 9289 3700 6968 1272 1511 3327 3219 9613 505 8347 5545 10977 3402 8271 9114 9379 11600 13399 7408 11355 1246 11911 7909 12884 8055 13093 659 13421 8730 9123 1253 10315 1139 12887 667 2376 223 6515 365 1727 5701 9195 6512 10324 2161 3183 12248 4800 10396 5070 5860 1663 13337 8687 9900 1498 1693 6903 3090 6843 12302 2201 8743 1341 3421 3074 3891 8074 6550 12413 196 6905 3998 5339 5250 6668 8582 941 3059 3345 4880 5778 6247 4076 6263 787 1227 2135 11113 3226 5005 4181 10728 5040 7079 6489 7362 7859 1315 11095 4049 5814 7850 12898 13510 6251 8698 11775 2006 7062 7045 8027 5114 11540 3317 3723 6324 7027 12024 3444 11713 2128 4016 8661 7501 10499 8877 9032 11937 717 12146 12449 4103 6190 6992 10360 13236 150 10428 10372 12762 728 2493 13218 906 3722 5333 9142 6737 9378 2116 4878 7220 516 8194 6771 12519 2568 2664 3701 7418 3580 4519 9921 4814 7402 6056 10193 5824 8678 335 10427 638 9785 11565 11889 226 1474 4345 4861 1082 2469 4616 6288 11268 48 9104 719 5730 5670 9601 8629 9206 862 8821 8910 5520 8264 7204 10114 7617 12474 7871 10012 11815 12396 5815 8768 2708 6534 13239 2420 7841 9175 13535 4109 12671 193 2314 2828 10676 6953 7440 9702 12074 1399 8344 2158 11396 559 1152 57 1715 2239 5253 7973 3036 11250 5711 7556 10548 12582 6571 13389 1367 9372 9948 2699 6296 9980 1221 3812 4749 1320 12267 1384 8204 6211 12244 12658 13023 185 11476 803 1316 2039 7536 2940 6103 8245 12757 3298 4461 4184 8787 4912 11972 5720 11177 12375 3571 3807 4129 6980 12196 865 1030 3295 3322 5963 7391 1792 3150 4099 10436 12028 7974 12104 1421 4397 4897 8793 7163 8884 12346 551 2841 1545 3015 11524 2342 12157 6445 6805 3972 9229 2139 2264 3489 7680 5592 9641 556 3933 2734 3890 820 6204 4697 7053 6432 7389 10178 12987 5088 7744 9538 12079 13267 
4047 
4239 13055 13335 
4426 
1642 5484 10632 2103 2450 376 8313 5998 8696 5485 9618 229 8040 8756 5762 9160 3510 9829 9929 6014 7333 1532 9435 5045 11566 4747 13132 8602 9180 12300 6436 8061 8805 6467 7928 2118 12478 12718 8341 9974 318 8281 4963 13134 4290 5465 5948 12739 1204 10182 11901 1520 3821 5058 10991 7968 8666 6938 9042 9251 11997 5903 11534 9698 11839 9546 13251 3504 4376 5194 12067 12184 10982 12173 447 3859 9611 883 12995 3721 9841 12041 12383 950 6244 4795 9909 561 8718 12984 2460 5949 8309 11739 1420 4012 9514 1565 6475 1360 7485 6328 7853 997 1363 6414 11024 1859 7767 1818 13294 5394 8950 6123 8650 320 5971 1812 7730 7405 10961 869 8302 1172 3756 594 4011 5641 9049 2800 6179 11521 886 6830 7143 7557 3217 8509 3585 6634 2259 8124 4070 8011 4092 8324 3667 10121 3221 6331 6851 11561 1073 3313 3479 2946 6357 6093 10022 6728 7924 8712 4303 5290 1637 12660 5027 6177 3882 4126 8744 10942 1149 11425 2123 7302 2321 2983 10791 5862 12310 2887 4627 8319 4225 5364 1106 3518 888 6580 9834 9658 13285 5164 13278 3929 7769 9704 13372 436 3982 9033 4884 7388 6717 9387 3939 6053 4227 9193 13412 10064 11673 151 7776 722 11252 3793 10929 2055 10778 5157 8043 2496 5683 1217 2546 9654 7962 8068 1950 12726 
5062 
5063 12882 13293 
5203 13034 
1212 11200 6965 9381 929 4478 12655 7011 9788 5210 9403 5899 7378 2111 3995 2017 11978 6342 12202 707 3042 5679 8890 12110 2692 3600 3100 8857 5755 10149 3284 10164 10600 3792 11945 9322 11020 364 3001 3147 3393 822 12504 3192 12592 5896 6683 108 577 11787 1823 2115 5221 5478 3315 6379 5243 7813 10288 12031 410 784 2657 5823 11682 328 10062 1119 6396 8126 3424 12266 497 4114 10735 3796 4518 531 2552 5738 9822 10221 2009 4707 8654 9233 11681 621 868 2853 2193 8156 3310 6276 9005 1534 3301 6688 74 5032 10606 8288 11341 5684 7711 12075 6524 11811 2787 10308 4745 10345 8733 9650 11092 12435 123 11512 5425 6048 8586 9004 589 2398 246 10441 11267 2016 4306 6958 7081 143 334 3672 5303 5255 12774 7492 11266 28 7638 10272 931 8595 10061 12541 9321 12501 2634 11235 5537 9997 378 12700 2718 9109 854 7078 3655 7202 4820 8023 8312 5557 10296 9092 11165 3716 5669 1513 7564 1787 3879 7835 10293 1097 3779 4958 5055 7750 7900 10731 7595 11492 7886 9455 2021 2162 1599 3727 11478 632 7055 12594 829 2996 5039 4748 6095 6313 9059 8306 8810 4651 4736 9988 3191 7785 10195 2799 8396 2438 10392 3613 6452 8413 9699 7187 10719 10642 12467 2037 2173 8082 8108 4037 4786 9448 4583 7918 10885 11365 11797 2326 6629 2327 2482 767 5754 12039 1142 12537 4463 7636 11959 2766 6639 9278 6264 6274 6941 8525 64 5532 2237 5865 5818 11204 7337 11625 239 12673 800 6491 10079 4660 5215 525 10534 10756 7570 8518 11793 4018 6028 8912 9808 11916 2614 5306 1586 6346 10028 12152 53 3515 9038 3445 10992 6735 8415 9484 9751 1896 2972 1129 3831 12485 1025 4296 7761 4735 5741 10042 6299 10458 11576 8212 10822 11504 5149 12808 2693 7357 6415 9703 10937 2846 12451 6943 8623 7516 11549 6769 8057 9437 1450 11908 285 8296 7706 9377 9439 10379 6009 12464 
5467 12824 12829 10819 12851 
5483 13254 13319 
5869 
5977 12948 13426 
6051 
6145 13087 13284 
6157 
6212 12834 12910 409 13181 
97 9284 5718 6392 557 7891 562 12656 1695 9083 4757 9778 10442 11915 2219 11009 12082 1775 12217 4374 12816 2171 5056 114 5354 9230 3746 7755 2542 6567 2953 3625 5043 10417 1222 5023 4797 5178 7561 8155 609 8937 11482 11913 2524 9880 9453 9691 10290 82 8979 9540 975 6932 2315 10882 3386 11731 4922 4993 1214 5186 5655 6778 8981 3415 5705 1912 3698 746 9935 2099 8624 8459 9129 11538 3628 6874 6278 11852 9760 12769 7809 8690 2775 10730 12720 7911 10437 1966 5558 2723 8581 1887 2253 4495 2534 10354 8732 10895 272 3501 1331 7207 11335 2063 3717 12531 782 1910 12349 5246 7038 2866 4264 1329 8701 1836 3965 9489 11783 12253 8388 9487 11752 128 10704 2695 3681 3736 1636 4652 393 994 4676 6135 10037 6588 10479 9029 11758 3946 8626 7982 10883 7622 11704 3971 6131 8191 2910 9354 600 1297 2758 11344 245 1492 3843 5638 11447 1447 4418 5423 12495 4828 5480 6428 11121 1510 2077 2154 11582 2238 7455 8477 5616 7862 8786 7238 7601 7987 8113 9134 9139 5143 7134 8493 8914 2248 9276 11724 2909 4587 8886 11677 1504 8569 5827 11223 7895 11404 73 2617 4269 7931 4493 10011 12172 52 10509 515 8056 3763 7879 4434 11475 2651 7538 440 647 1505 3508 5282 772 6258 11903 11940 1406 12381 99 10748 1438 4665 7619 341 5604 1325 4491 11477 2948 7912 10259 2082 4558 9376 1239 8782 3867 4670 1482 9159 4057 10795 5422 6719 1849 3539 5547 3251 4100 4066 4164 2311 6049 8359 9062 12687 1335 10697 6614 8926 688 5095 11487 7120 7782 1459 5026 3469 3947 3739 10644 4838 8865 5334 6911 7814 12201 3657 6272 3745 8063 11513 12765 741 12410 619 978 11284 1569 5053 7007 7 5330 7338 2476 6632 10636 5580 10030 6184 6616 8866 12689 2616 3485 161 6219 1829 2088 7477 9902 8561 8828 1594 6593 11946 7363 10418 7482 11332 8241 10234 9532 9806 4010 11338 2646 11371 4427 12029 4836 5624 4496 6183 6149 9944 582 9733 7740 9430 9367 10570 11732 12059 1843 3520 5338 5746 9094 10029 6156 8598 7948 8984 5800 9520 10258 802 3506 10590 1118 2813 3584 8859 6758 9457 4781 8220 10696 3275 8707 10750 1089 5611 3869 6748 8872 10900 12125 2329 8976 4779 5041 10621 3741 4258 4445 11736 8262 9632 6375 12171 9516 10033 
6267 13512 13550 
6410 13216 
6411 13263 13362 
6604 
6687 9561 13089 13407 8814 12957 13027 
6780 
6786 13471 13501 876 13097 
72 13333 6839 13067 13379 
6916 13077 13519 
7036 12857 13078 
6308 13116 7111 12983 3941 12915 12973 
2590 11143 3816 13022 13345 5952 13270 7166 11659 11684 12916 13529 9137 13083 13475 11933 12858 
1101 3474 4307 7030 4067 8572 7955 8498 2190 6229 7406 1804 2559 11635 3865 10312 3678 9547 602 6360 4023 6434 12717 4788 12662 4375 6785 4521 8256 8907 10302 12155 49 9843 1084 8721 4578 10242 5280 6487 4556 5406 2779 5668 7384 288 6425 9254 9389 2348 4178 7066 1223 11264 9112 10295 11548 12153 1710 2337 3334 8219 8632 10594 955 3749 10653 4987 12752 7721 9940 11397 1070 2670 6468 6708 815 5128 35 6016 4194 12109 3643 7734 12795 2564 6681 3047 4743 11471 2762 10541 7675 8460 11862 7432 11042 5247 5279 2966 7772 898 5491 6461 12557 10903 11698 5315 7864 12090 12548 417 4563 3316 10949 4371 12163 595 12447 5469 11836 12514 3420 6884 11918 9912 11301 333 3673 10240 1562 12445 13304 7117 11140 7226 10465 5515 10830 518 12587 4131 7643 7938 790 8394 1187 3906 2595 10198 437 8987 1851 7161 1461 7291 11708 1644 7307 9364 4385 7693 7834 3433 9605 8282 11868 1575 1824 3460 4948 2944 10640 2989 8692 4941 12241 5983 8506 3813 4055 6417 4116 6332 5636 10605 2790 5071 10408 10729 1699 2340 1778 5100 8450 5546 8879 5632 5646 5618 12124 206 4959 2010 6840 10718 10283 10969 1746 8240 372 2393 1040 11864 1582 3364 9190 7727 11803 9588 12741 4286 13489 5696 8223 4857 6960 12998 7821 9256 11902 2580 5942 7144 8263 13520 2831 11948 69 7051 1751 8005 4818 5991 7916 11310 2561 7114 10496 2980 7450 1160 4458 10761 12243 5082 7341 9048 10746 1326 9753 4084 9046 4326 10710 11776 118 3272 9469 4403 5608 7147 9607 9446 11497 11507 3165 7270 1805 2510 8482 1317 9863 4206 10216 1591 2296 10619 13324 1464 11619 4024 7588 9257 10711 11207 1146 2396 1522 3899 8006 7382 13264 699 12782 1604 2780 3035 9852 4774 5540 7191 10537 8202 11224 682 12238 422 10330 12682 8544 11779 4273 5016 13374 2405 2671 7815 12665 721 1742 3018 12833 13521 389 3056 4043 12794 2607 4537 8410 7836 11062 1540 9454 10261 11700 3644 12417 5006 13474 3777 7222 12703 5866 6912 9486 13357 7844 12788 2389 7213 6973 9393 2388 10311 3369 4209 4034 7678 736 6322 7345 3803 10626 1462 11637 3053 6844 7967 10377 8268 8490 156 9361 2801 5531 9225 4856 9347 9345 10984 7400 12134 14 12273 4731 9096 7739 13161 4068 8820 6222 9562 10222 12856 
7476 13429 
7486 
7576 
7604 
7642 12933 13507 
7651 13076 13276 1647 13100 
7673 13334 13523 
7707 13174 13444 
7760 
7787 
1733 3014 930 3265 3477 5393 7181 6151 7164 3170 10081 2969 4462 5196 843 2548 10139 2205 3955 231 8315 146 958 2761 8130 5599 10943 282 3025 3158 7679 1486 5369 4444 6797 4721 8449 6023 8552 418 2268 3254 8630 10065 1590 11111 1043 10162 2724 8991 3362 3536 6535 12492 4314 8371 3685 4252 8938 4053 12776 2615 6243 4624 4841 10235 6320 6612 8184 6426 7219 9881 11968 191 9107 895 8542 2673 3658 11529 2628 3399 34 5172 4896 11038 3551 9248 3844 6892 5209 10708 11611 1167 6531 11444 75 4976 5966 9867 11691 695 4855 6548 11390 6007 10870 10385 10678 5154 11584 9755 10169 755 6292 2032 4929 264 6530 9877 10031 13095 506 1718 5567 646 3019 1665 7845 1080 8867 3808 13066 10543 11036 761 9089 4541 11846 3541 12218 5012 5351 10058 1863 3953 2970 5037 3839 10912 742 4135 7794 9737 8722 9615 10648 12640 1868 3597 5586 9176 2067 12350 5233 7554 8507 4913 10765 8891 11047 973 8386 10409 3828 8475 1344 4366 5117 7801 9894 433 8407 5477 8041 174 2939 3387 5710 5809 427 1928 5559 9688 5108 5880 8451 11750 9258 9569 1705 3830 2529 3724 1889 7712 2005 5929 9933 3897 12533 1942 5200 10091 10650 4216 9286 4438 6994 8952 11233 316 1324 8761 9314 8719 11144 1258 2024 5136 7401 9966 10075 10445 939 5572 4354 9598 5854 13136 10150 11817 2331 5990 6180 12120 13070 
8136 13171 12135 12966 13028 
263 5174 2691 10077 10380 2816 8084 2281 10104 3773 6537 6325 8644 7735 10876 13283 1539 4479 6617 1058 8139 7236 8273 7018 8755 228 10255 449 12017 1959 10351 10393 9818 12423 12320 12453 765 11759 1493 7269 2565 5424 804 8510 8553 9646 12768 9780 11182 6163 9959 1259 5300 7508 1700 3864 10035 1005 1931 2069 5321 7496 8360 1885 5416 7797 2456 5603 11688 6481 11641 985 1491 2057 3631 4442 9729 11244 4663 6418 4328 7703 1609 4260 8131 1596 7618 7696 4945 6144 6486 11194 1581 7613 11402 8900 11661 9410 10940 3281 7599 9637 1930 10076 2029 2129 8276 8285 10506 11725 12764 85 5127 9985 2773 2897 5260 8342 71 6518 2861 6096 4361 4573 4690 289 12601 1856 3615 5141 7087 881 9804 4669 7658 481 1481 10455 3873 4586 6832 6881 11139 1020 8261 12731 3776 9488 6523 9433 12646 1323 7720 968 1517 3554 10103 5060 10484 3403 6951 4038 8796 11153 3076 9408 11150 292 1418 545 760 10950 3603 7702 5119 12867 2358 5496 13534 9594 10287 11858 11255 13473 4798 11710 3214 7936 2562 4257 10916 1029 5607 203 4413 11891 136 7061 3441 8178 12455 4899 7804 13101 8704 10801 9918 10214 3696 8746 2598 9125 1170 13050 59 4261 2741 3952 5566 12676 1347 2830 2955 7983 10490 5571 8781 9349 9542 9039 10237 202 1039 2767 4932 11757 41 1684 12589 3577 7457 6620 8993 1151 1501 6944 12091 10503 12094 769 6849 6923 8589 9192 11511 5000 8239 3889 8177 2298 8277 397 4443 5418 11730 6483 11966 237 6350 7431 1620 12418 540 5919 1094 5069 5446 4805 6496 1837 10024 2000 4610 2702 5106 5692 3118 10516 6875 10175 1654 8102 8573 10187 12105 7003 7933 2030 4938 10080 12151 12289 
8237 
8153 8372 
8395 
8409 
4649 8416 10498 
8427 
434 1758 2058 1908 3384 1754 4977 250 5356 3888 3924 946 7361 9115 12522 662 4271 4017 7540 1872 2500 1312 9967 3868 7630 934 7343 1759 3277 10407 12089 880 12369 2056 11265 3292 10595 6946 10530 12908 2271 11043 3297 3665 3920 12374 5197 6352 8656 10190 8373 11615 2676 10009 2754 3417 13454 2988 6199 9560 10405 12968 845 3154 672 8550 10219 10789 1935 10483 1646 10990 2402 4186 7121 10677 1917 4136 5426 2951 13222 13452 5816 7208 12877 19 12226 748 3278 1019 4272 2060 12706 6987 10245 8785 8935 4475 5822 984 11502 5357 8076 11324 2343 7578 11554 12746 3568 6242 1668 7306 5780 12401 3104 7050 3264 8254 3544 6736 4623 8532 4542 9676 361 4891 3530 9638 12630 613 12322 6942 8955 2080 11278 4421 9717 1621 5218 10209 5808 10281 2960 4132 5745 6791 11897 1410 6337 8162 2798 5328 2257 6459 8170 8622 221 2945 1531 1573 6638 3650 7470 4056 4729 6677 7248 2550 8519 1528 4431 9282 5409 8232 3516 5555 9098 7353 11894 2539 4274 8861 2660 5530 2364 6206 7137 268 1831 8822 2683 3932 8500 10236 6008 6455 8476 9614 4082 10757 4362 7483 6047 8123 8517 11361 6273 7971 4481 10256 7746 10523 11638 1738 1890 1477 2491 104 4980 6240 7543 10054 6826 7922 5693 8539 1321 9490 7059 9996 
8535 
8615 13105 13238 
8716 
8969 
9047 13183 13275 
9155 13266 1627 12890 360 12893 
9395 10277 
1130 13013 13453 9429 13286 
9869 
9898 
9938 12878 13487 
10055 13450 
10510 12975 13107 
10564 
10768 12971 13378 
474 5647 6286 6397 2136 10839 2189 11054 5499 8035 9214 2783 11304 15 1143 429 2975 576 7067 7980 2074 11592 5844 6088 5138 6636 139 8790 2935 8837 6659 9576 3068 4724 1021 3024 5155 7887 5962 7235 3908 8389 27 2638 11458 3089 12749 461 12635 2002 2623 5285 12006 1990 3438 3446 3459 9432 4259 12450 2360 10328 11246 12144 1183 6924 884 1390 3236 2287 3922 5752 11152 11589 5454 11622 514 1786 9483 3200 4471 2557 8538 1035 1618 11375 435 3790 5098 3266 8618 7123 11001 5432 6224 11941 116 8083 1886 3026 9913 7768 11649 2903 4058 550 5017 172 6099 8064 10438 9509 12618 1937 9212 5458 6339 4065 9666 3034 5020 6012 9530 6387 11938 3132 11221 779 3548 12065 3060 6627 5764 11039 12380 916 12708 3492 6079 9300 275 11856 205 6700 10384 10682 1475 10745 2269 10349 11468 2755 9027 5259 8217 109 8016 1013 4589 2464 12606 5004 9762 6824 10915 266 9740 12063 1965 6931 10463 4866 7377 9368 1351 8211 6850 9633 2679 7920 10111 9145 10491 5295 12087 7443 9609 2087 4920 12735 4628 9644 2511 6706 9418 10629 9346 11603 3980 9021 3338 7704 2252 8287 6162 7254 1113 11179 5448 8911 12540 2504 11905 4565 6803 649 5018 388 2286 8308 9946 11236 3838 8966 10389 11448 694 1228 7934 9949 2440 3406 3751 4600 10988 7312 11463 2785 11879 3523 3713 7376 8489 4069 11096 56 5513 12224 3729 10802 5958 10316 6030 10344 2778 8779 4425 7667 248 7358 12406 2652 2928 2240 7289 10504 9705 11173 2330 11446 2581 11137 402 11489 9745 12574 
10968 13514 10958 13375 13502 
11117 
936 1445 2008 11263 1948 10383 3486 12862 1056 9071 1057 11627 3950 12014 5680 9915 10805 8628 8930 9833 12131 1280 1765 10974 2731 2974 2079 8472 1027 8818 4195 9171 9436 4412 6232 7965 11203 6141 7757 7560 11422 917 6334 4369 7421 4287 8909 4363 5003 7410 12409 287 9355 947 4389 3856 9590 9305 11983 2003 8516 3973 6991 8817 10130 5847 6106 1714 7555 8085 9694 10685 3587 3849 9956 3208 4885 5076 12597 2642 6598 13212 2543 8340 9983 12092 491 1358 2432 4358 5208 471 3762 3931 9803 4460 4887 1156 8467 7004 12187 80 10824 3088 4035 3407 5871 4218 8111 6866 8922 462 9919 4692 7598 9202 1368 10721 1526 3422 3686 4839 6667 7296 8316 6784 7009 8051 5251 5999 8073 10299 10725 1303 7637 3245 9792 11802 141 12767 5228 7461 7709 10863 1168 5212 6086 10492 4819 9070 7044 11928 6739 11132 12615 2519 4473 428 11170 1064 1871 9332 777 945 40 9537 9553 4954 12408 2962 9551 6970 11770 1820 4722 1911 11412 3437 11418 1933 4577 8882 6685 7077 6762 10476 9606 11875 1814 11383 5054 5130 1641 12507 10508 11393 5675 6195 7770 2570 11845 5030 5461 8762 9136 12069 927 9177 5907 9412 4188 11171 3601 10652 2921 8438 1763 5653 10070 30 62 7653 7715 311 6233 363 1104 472 3642 592 4465 5190 7454 9501 1117 9034 8852 9272 9384 925 10224 11543 1828 6314 10294 11630 3093 9427 560 6395 2829 7311 290 4384 4886 7666 11161 12534 2717 11522 7303 7855 2834 7008 9210 10946 112 7523 9805 12394 763 7510 4325 9342 7520 11765 1337 12142 1808 2528 8503 9110 5046 5275 6192 9492 9610 5428 6783 512 11107 312 10635 1137 7998 4059 8708 9374 813 9293 3512 10044 11472 3409 8512 1483 6169 10793 11985 5263 11680 6507 10325 1544 10845 942 5935 6404 8213 1203 5429 4208 7294 1556 4992 7133 7605 1176 9360 3268 4295 6800 10339 10357 7904 10810 7256 12566 8621 12255 6526 10815 426 9073 588 13343 3921 8137 7118 9239 13448 1430 9434 13129 2357 9972 6306 9586 11222 12437 4622 13147 6472 13111 13274 8186 12183 2936 3999 640 8856 776 11734 4734 4835 6069 7278 5065 6101 6011 8612 3487 6722 2994 9422 569 10713 11226 1465 5946 8604 5886 8748 11427 4561 9037 5472 12521 1902 4988 5258 6709 4812 12738 3495 12760 8802 11733 6868 11909 1881 11455 2645 8298 10425 10602 10861 1393 7500 11323 11530 121 1289 7015 7659 9274 11503 11890 6227 6594 7260 1181 11302 683 2560 4567 9731 6186 11385 816 6703 382 4335 11799 
11405 
4077 12827 11459 13037 13321 
9002 11510 12823 13503 
171 11763 6674 10420 4869 10601 1124 1397 7808 2782 9825 8583 11857 1098 5689 7449 3102 8590 7826 9934 1548 4999 6985 9801 4202 7188 10687 4417 10664 2459 2961 9018 9231 3549 9866 11570 7434 9369 11087 3229 9348 3550 10260 2435 7065 9741 1206 11609 5805 6895 7713 12386 9122 12268 1670 1941 7662 8836 9428 12429 12737 1000 3426 5332 8513 3031 3820 4554 11788 5768 6630 532 12617 1471 5904 1706 9752 2558 4472 9341 536 2885 6488 841 1898 1559 3353 7807 9045 10505 10551 2727 3872 3378 4125 10085 380 3575 8807 5609 10500 2328 5345 1028 6734 448 3452 1929 2896 7812 12083 5984 8440 2047 3427 5272 9525 10239 11877 95 12721 2277 9085 6879 9120 852 5081 8913 10928 6398 12462 451 6939 7978 12487 8908 12237 1767 13543 2178 3499 2415 7663 951 4909 1969 4469 12000 6289 6761 7825 10611 357 863 4139 6252 798 13546 3395 4349 599 13139 6789 13376 5121 9052 507 2091 3260 3490 4614 1398 5568 660 2757 167 2304 10155 2551 5928 5519 7263 4685 10174 4769 12100 1314 10952 2410 8317 9895 10627 12420 1542 2192 403 9311 2339 11999 2593 8009 11679 996 1404 2207 9333 4277 6174 7112 8229 134 11367 6646 11686 3500 8163 13336 3795 4667 13141 7795 12097 3453 12777 13215 4090 11065 13114 517 3937 10268 10577 5309 9842 10494 6637 7308 2288 7469 8368 11232 309 455 220 4282 7681 12370 3488 5223 6689 8423 6759 9182 11289 12506 1688 12745 81 5099 317 4809 12641 520 5205 3454 7726 10143 3693 8611 293 7963 828 2284 2444 8231 6587 10811 2489 5633 12088 12403 2509 8936 4634 10873 2175 11411 3400 11197 1454 3858 10813 4871 6025 415 10334 3108 4898 10560 7677 9932 10563 2618 4990 2714 3645 6979 5918 9148 5298 12195 6111 9415 9475 413 1789 3367 2629 3781 6792 7504 9682 4355 12688 5747 9622 6715 7865 405 3447 4654 11196 1485 11715 5590 10533 1629 8134 12710 3988 6790 7743 7495 10941 12076 5914 10094 11175 11520 
633 11193 677 5759 833 10878 2818 5940 8320 4459 6601 1997 5945 7805 9828 11389 478 8878 2299 3329 5374 9267 7420 8527 786 2956 3 7969 7145 10291 725 12538 990 2847 5385 8944 12252 11751 12576 2817 7872 5850 5908 7414 7670 1469 10229 12194 8723 10535 4902 7335 1275 7828 4815 10068 1867 8627 1211 3366 3545 7665 11021 20 9000 10603 133 9685 11145 1437 11721 39 11768 729 8426 407 3188 10194 10227 9718 10361 8026 10987 8758 11535 5878 6316 5091 11090 423 1944 323 2597 2394 12372 2242 13325 908 4237 9957 3768 6997 9941 2472 4674 2812 5877 4133 4821 12571 17 6513 4683 7437 10317 3439 10069 5346 6974 9862 11926 398 11837 499 6301 4939 8270 2436 8591 8776 3080 5612 2426 12118 6574 10400 2400 8393 2270 3877 6225 3962 9426 11064 11593 6746 12389 1178 6105 12818 791 9773 636 4850 8862 4386 6409 6543 8365 6338 11910 1340 1369 3082 11519 3535 9502 3938 11762 4646 11198 2922 10917 2355 4025 751 8072 1238 1426 2797 4789 12056 2144 8010 2117 7759 6545 10829 12928 7290 9106 8647 8791 9163 12586 4562 7780 1847 8480 2344 8471 9655 8494 10738 6817 9319 11955 1386 5310 3503 7435 304 11987 329 3162 5052 13040 2981 6714 5579 7656 1044 12680 5953 12392 6922 11564 157 8868 5602 8617 199 12287 8225 11015 12465 1131 11061 4041 7240 8483 9796 7593 12546 8022 9950 6538 13291 1592 9518 566 6802 4517 6611 8858 9140 10376 3159 10689 4829 6129 6723 2283 3582 616 9008 11297 12690 6368 6583 4004 9359 10045 3144 9593 6081 6855 2744 10126 4801 10142 11971 7842 9310 10285 10440 12456 792 12616 5851 10769 11316 2392 5010 5373 5724 8534 5656 6820 3419 5372 8176 11537 5024 11551 1720 9668 3081 8689 3114 4019 1145 2335 11269 2918 11755 5577 13455 
11559 
6493 11581 
4470 11628 
11726 
11729 
224 1110 4506 4653 5180 5488 6382 1777 11884 2285 5812 12116 11974 12814 2216 8397 4639 4973 5249 870 2987 4127 2819 3073 5142 6130 692 3296 9003 10846 4342 11583 344 12536 5950 6691 2505 11671 1031 5931 2209 3171 6365 9075 2352 10116 3466 6498 3617 4292 2880 5340 6381 651 10983 956 6831 11237 3801 6480 8091 11429 2455 2635 5882 9679 3043 3992 5722 3455 10183 6139 10270 3974 8567 2403 10002 10457 10575 3124 3391 6189 3640 8230 5719 7293 1046 2137 4124 5643 10286 645 4152 26 715 809 5107 10965 882 12422 2108 6957 8551 8766 3622 7159 8457 5980 12250 1408 1689 2437 8122 9678 11275 445 1356 3401 4414 4955 5714 6686 2471 12715 4318 12626 3095 7241 10057 3230 5989 8771 11806 3431 4524 10211 7989 9893 5529 10820 2414 12725 4783 5181 5725 8243 12613 2278 7964 6945 6955 6718 8201 4492 6753 2166 9189 2993 7650 3253 5524 11927 2273 4086 1122 12399 4881 9793 5029 11663 1435 5061 9199 11022 12033 4267 5544 11784 12327 3007 3077 219 10823 1799 2367 5712 8495 2245 11282 762 2868 6470 3898 10355 11271 4026 8680 4714 10215 11105 909 5068 7623 12103 587 6752 8652 10196 5382 9400 5595 8089 446 6083 6160 11563 12086 2011 6170 6074 9874 148 443 3022 6738 6034 10197 4117 7172 11716 11525 12550 3394 11071 8474 10108 11277 11506 12326 9734 12164 7472 7777 5325 7573 1694 11449 1578 2070 5492 2301 12385 4780 7898 484 9211 1300 3011 11925 5589 8437 8843 6823 7071 6150 7749 4509 7304 8764 9451 10052 2680 9910 12148 12779 2027 4872 2862 11423 3323 4468 3705 12339 4679 8835 4621 9184 1061 8071 11279 4895 5678 8125 5721 7076 12367 8216 8684 5673 8700 8323 9213 2898 3126 8679 9242 267 5775 2858 7086 7722 12733 4488 9265 10213 4716 4935 2066 9006 12060 5779 6772 9127 8118 8458 1827 5932 8284 8515 10571 11358 2911 3157 2143 6920 12625 4320 7080 2674 8570 1288 7228 8871 10326 10855 11013 8875 11451 4238 8610 9285 6819 11786 1024 3900 4494 3201 8031 3624 4882 3663 6032 924 5132 11127 10422 11109 6116 12719 55 5732 10809 197 2791 4093 2295 9746 5050 6798 7892 12247 548 9976 1311 9323 3112 4767 10925 12395 9413 11077 6652 8088 1924 11505 6555 12623 254 7356 2999 9271 394 5235 11573 1583 5435 6880 11893 2538 8665 3057 7442 1634 2308 2549 8800 626 4710 1671 7284 8533 1194 4599 1103 11076 2346 9565 5344 11078 9766 11694 1191 2760 7851 2059 12127 5739 11303 3689 9584 5146 5224 6437 5444 8433 1674 6913 4179 6949 8660 1905 4367 8715 9268 1241 10020 2978 10531 1207 5431 1796 3351 4293 6158 5898 8172 11218 12490 3058 5637 11056 12324 12354 2554 11569 4860 10191 7167 10247 2698 9831 3404 6676 8167 9749 1524 5274 6268 3834 12308 4875 10674 5671 11639 8008 10097 1643 4569 2089 11116 2893 4503 608 2532 12599 1354 1651 4144 8283 459 1395 10278 1376 4846 4673 11936 1424 2142 3231 10701 
12112 
12432 
12441 
12542 12861 13513 
12556 12871 13226 2630 12865 
12568 12965 
12575 
12724 
12822 
12826 
12828 
12830 
12831 
7490 12839 13195 
12842 
12843 
12844 
12845 
12846 
12847 
12848 
12850 
12852 
12855 
12859 
12863 
12864 
8107 12868 13261 
12869 
12870 
12872 
12873 
12874 
12876 
12880 
12881 
5079 12883 13009 
12885 
12888 
12889 
12892 
12894 
12895 
4998 12896 
12897 
1264 12899 13516 
12900 
12902 
12904 
12905 
12906 
12907 
12911 
12912 
12913 
12914 
12917 
12918 
12919 
12920 
12921 
12922 
6586 12923 13392 
12924 
12925 
12926 
12927 
12929 
10574 12932 13185 
12935 
12938 
12939 
12940 
12941 
12945 
12946 
12947 
12950 
12952 
12956 
12959 
12961 
12964 
12967 
12972 
12974 
12976 
12980 
12986 
12988 
12989 
12990 
12992 
12993 
12994 
12996 
13001 
13005 
13006 
13007 
13010 
13011 
13012 
13016 
13017 
1197 13018 13242 
13025 
13026 
13029 
2541 13032 13180 
13033 
13035 
13036 
13041 
12351 13043 13130 
13045 
13046 
8234 13047 13368 
13049 
5277 13052 13220 
13059 
13060 
13061 
13062 
13064 
13068 
13069 
13073 
13074 
13075 
13079 
13080 
13082 
13084 
13085 
13090 
13094 
13096 
13098 
12554 13099 13480 
13102 
13103 
13109 
13113 
13117 
13120 
13121 
9858 13122 13135 
13124 
11602 13125 13231 
13128 
13137 
13138 
2876 13140 13249 
13142 
13144 
13145 
5872 13146 13490 12758 13463 
13149 
13152 
13153 
6575 13154 
13155 
13156 
13157 
13158 
13160 
13162 
13163 
13165 
13167 
13169 
13172 
13173 
13175 
13176 
13177 
13178 
13184 
13188 
13190 
13194 
10395 13197 13380 
13199 
13200 
2282 13201 
13202 
13203 
13204 
13205 
13208 
13209 
13214 
13217 
13224 
13229 
13233 
13234 
13237 
13240 
13241 
13243 
13247 
13248 
13250 
13252 
13255 
13256 
13257 
13259 
13262 
1584 13265 
13268 
13269 
13271 
13272 
13273 
7863 13277 13508 
13279 
13280 
13282 
1683 13287 13526 
13292 
13295 
13296 
13297 
13298 
11496 13299 13313 
13300 
13302 
13305 
13306 
13307 
13308 
13309 
13315 
13316 
13317 
13318 
13320 
13323 
13328 
13330 
13331 
13332 
13339 
13341 
13342 
13346 
13347 
13348 
13349 
13350 
13355 
13359 
13360 
1939 2979 13361 
13366 
13367 
13370 
13371 
13373 
11888 13377 13551 
13381 
13382 
13384 
13385 
13386 
13387 
13388 
13391 
13396 
13397 
10327 13554 439 13403 13431 
13404 
13405 
13410 
13411 
404 13413 
13418 
13419 
13422 
13425 
13427 
13428 
13432 
13435 
13436 
13437 
13438 
13440 
13442 
13445 
13447 
13449 
13451 
13456 
13457 
13458 
13460 
13462 
13464 
13465 
13466 
13468 
13469 
13476 
13478 
13482 
13483 
13484 
13485 
13486 
13488 
13491 
13493 
13494 
13495 
13498 
13499 
13504 
13505 
13509 
13517 
5619 13338 13417 11014 13518 
13524 
13525 
13527 
13528 
13531 
3912 13532 
13533 
13536 
13538 
13540 
179 13115 1 12969 8633 13365 807 4150 13409 9700 13541 
13542 
13544 
13545 
13548 
13549 
13553 
13557 
13559 
13560 
13562 
