0 
49 
76 
131 12854 13210 
233 
242 
3582 10045 2847 8723 990 5623 677 8944 786 1211 2312 8758 5945 12538 8878 10223 1797 6974 478 8320 12680 3188 12252 1847 5091 8847 9812 1791 10128 10229 7670 12576 2744 4801 8591 2344 7414 12456 5373 8183 2299 8480 8627 9655 10738 2818 4386 737 9828 5372 12387 7780 7969 833 4989 2266 8527 4466 7420 11921 1537 5697 2347 5385 7869 858 3507 4096 8794 6959 12438 2901 10356 11462 12629 2707 4522 8924 12704 751 5893 5878 11090 3287 6601 7148 8026 6796 10686 6922 10623 2728 6341 9748 11535 12621 919 11138 11564 12071 6790 10094 887 7488 8658 11590 12714 2470 2934 1629 12722 6025 7316 10265 10525 11045 11728 12053 12577 11790 12535 3 783 4768 7407 976 12114 274 977 1088 8267 1164 3329 706 4459 5956 39 1435 5029 3066 5589 2273 8437 7246 7451 3095 11206 12194 6807 10291 257 879 9494 11486 1370 2993 4344 5881 2027 5628 10074 10350 3826 6889 2956 10025 7145 11726 1048 2150 1543 2185 8643 11577 1803 12121 1342 2571 5227 4550 5225 1936 10675 3341 7025 4402 11275 5068 6602 8122 1799 2471 9228 11103 5940 10007 3097 3160 1318 7582 6894 9402 2811 3230 8293 538 3401 2345 7240 8381 3546 8634 1689 1976 4182 4882 4321 4647 5901 10727 6904 7423 13 2431 7189 2610 5699 9923 1899 2789 10207 7203 11849 12642 4827 6359 6816 8443 211 9431 7937 11290 5861 10274 25 4713 1108 8787 6085 10502 9639 10049 473 1869 2687 2852 7046 4811 6615 673 1612 3075 8925 9055 1640 3383 1740 7620 10092 3363 4650 348 3131 5410 5897 2908 6679 6522 11872 1715 2146 11396 7204 12246 585 5686 9692 3638 5622 6104 9853 10485 4241 11702 324 3970 4064 7153 3032 6808 10667 11935 559 2324 57 8264 11025 9943 10146 4300 5575 1399 7319 1152 5864 9328 12176 4954 7454 8910 12651 1526 9670 492 7458 1960 9642 9990 799 10707 2418 10470 3078 5695 10836 3943 4897 5596 3322 4718 3337 4184 3807 5670 1377 6228 11957 1429 6888 11658 4345 8793 11972 4996 8105 3346 7113 11597 954 10722 307 4668 102 6551 51 4298 11595 5938 10000 3094 4590 10964 164 837 10266 4174 7138 5171 11124 4611 5554 2316 6883 11943 1154 11034 5963 12203 7974 11399 5459 8932 8289 10699 3880 12457 6980 11268 7395 9350 9689 3193 11713 6905 10633 1677 3317 10114 10777 11896 719 11889 7951 12258 5626 11318 4912 11565 12512 5066 9206 9386 1081 6995 1267 2425 4535 2662 10766 1513 1826 7610 4862 9521 11057 11413 2239 7444 11049 4937 9205 1299 4994 7195 8783 3878 9795 9226 9960 3845 8294 838 4211 3175 6216 5758 12169 10613 11250 3910 8864 7824 8045 12483 12018 12341 7959 12008 2490 6038 10087 11297 4901 12711 2690 9008 11417 7428 12459 1923 9921 2828 5353 54 2379 5051 12798 9217 10230 8269 9420 12204 10886 12055 1952 4004 1220 4603 1240 9359 319 9579 4145 8738 4905 5313 10842 11134 4850 9106 8072 12207 6611 9518 1275 7335 7193 7665 3545 3564 4041 4711 8771 8858 10987 2166 4318 3531 10194 4815 6316 6473 6479 9000 10309 7989 10361 3007 9199 6753 12399 1867 8545 11768 10068 10227 7877 9267 5109 8483 286 343 1997 12626 
374 12931 12978 
404 13413 
415 
441 
465 13329 
489 
536 
561 
1401 3326 8659 4474 4995 724 11578 3373 6125 2075 6285 9326 9445 1874 6413 7340 9551 42 6624 126 1888 10557 1389 2445 8555 4658 6846 6036 9141 11160 2172 2589 7701 2213 7351 5736 9470 2576 8236 13024 3347 7346 5413 10100 11003 3635 4944 3609 4985 1992 6749 1973 7184 13423 1322 8062 1958 2599 4373 9496 11167 13164 1330 8840 3699 11082 8994 12022 1735 4659 10167 4222 7179 6295 8717 10954 11929 13086 524 12143 3318 8918 2865 5848 842 11179 1298 4726 7992 12540 1355 2511 1111 3578 6269 6290 3737 8579 12335 885 4725 5242 6463 9816 11865 8911 11780 754 2913 7381 2124 5448 6896 8149 2385 10138 7214 12111 5276 5570 6978 12257 10944 13235 1907 9848 1972 12154 4405 5853 2632 4969 918 9234 12188 260 1107 1622 2952 8530 4859 11248 5642 8636 8508 12497 13131 2199 12692 5916 10670 9197 11351 11969 5765 9709 10856 2255 9564 4410 8290 4819 6198 6408 7956 6783 9401 2649 4833 6651 1986 8428 6891 8661 9304 8978 12200 8941 9080 9558 4456 12669 10573 11532 2608 10821 336 7810 1800 9663 8609 11516 811 6175 3306 7704 5236 7320 27 1978 10547 345 2624 2638 7142 9021 4565 4631 4890 8449 8618 253 7688 5870 7760 4831 12593 948 8246 8560 2096 5204 3283 4773 8619 9259 10072 3265 7164 9964 1011 4128 6558 9346 10943 2368 6291 4279 6777 3890 9229 1436 1861 529 10733 11079 11524 5367 10683 10826 8386 8860 768 6902 9894 4268 5990 7024 12073 12723 2122 3026 8425 10629 6608 8541 10166 10473 3172 10412 1086 4189 4275 12170 3863 12778 9260 9911 2 4834 2740 7104 4382 10133 8332 8737 3627 10469 4336 6405 4787 5094 3804 5195 2566 11664 1087 10048 2962 4839 7417 8171 3842 4967 9651 1066 2457 6667 7296 8316 22 3502 2241 8703 247 7332 12 13202 381 11172 3509 6589 11360 6070 11707 1497 12274 12677 7786 12179 13467 1419 12319 656 1916 8657 9677 13394 1838 11796 11820 11924 631 657 1177 3966 8585 2625 2806 10562 10850 3338 5291 7567 10338 2884 6952 8896 10518 12298 1747 11653 1968 7910 3209 8086 1274 12106 11603 12198 708 9264 12297 1192 11296 4957 6370 7905 8151 107 5209 8475 9688 2005 8041 9881 2619 2729 973 8630 10065 11337 923 2963 8891 9657 11965 4629 10403 4913 9240 10678 5559 8130 433 3828 6023 9248 4940 12533 939 9966 1878 5799 2331 11817 13070 396 6180 1448 9871 4354 12355 1065 9250 5572 9357 2384 3390 11479 1201 3360 8849 9315 3010 3656 4203 11743 3893 8616 1914 3913 3521 12139 3270 3884 4357 6250 508 9237 1185 5216 5453 8002 3356 11882 1357 8133 8228 9908 8989 11830 453 5493 5405 6595 3799 7103 658 8946 8222 9821 1387 7502 3719 5057 8345 12286 5408 6642 7415 8676 12318 270 4656 3822 4137 1423 4596 8339 12555 6478 7878 7119 10897 1613 11354 2453 8384 1313 6002 3604 8511 9595 11975 1743 10569 2421 10669 6921 12463 5497 7183 6031 12210 9017 10812 670 8499 2387 13002 13198 7205 10083 6969 8374 2004 13228 4143 4772 13058 2518 11366 13461 6502 9511 7640 7925 726 1302 3328 4214 4450 
734 
816 
1145 
1197 13018 13242 
5235 6849 1207 6299 7658 8715 1491 10503 1583 5274 11076 11893 85 8008 394 6676 8900 9835 1103 12769 1424 1674 1905 2723 2760 4860 4599 6437 8623 7284 10564 3834 7356 2142 12308 1288 10531 6949 7043 2554 8233 9766 1025 1796 5741 7911 6944 9584 1586 2111 10534 1860 5035 3728 3948 10256 5150 10523 12612 1837 10332 451 4297 8242 769 7167 10247 4108 10822 12354 1707 4225 7231 10413 8075 12324 4931 7546 5237 11379 11800 1305 5215 2017 2846 3100 1649 5898 6605 6342 11218 9403 9686 1460 11046 1573 6620 276 596 2390 5662 5734 12288 3781 10716 11978 6115 9622 2174 7399 1969 4701 9050 3832 4272 9084 5188 6600 8448 12301 457 696 7349 7457 8054 41 1094 8589 1528 4421 5131 5199 5797 9616 5036 9126 11051 7353 8232 11894 1501 12094 4362 4805 4932 6923 6496 10191 10701 11569 202 1581 1531 6273 3466 10983 4106 4632 9679 11638 1039 3002 12140 6638 9118 3577 9802 2121 4443 5446 450 2555 9998 4475 11237 10175 11554 2716 4764 490 3666 5574 1403 5919 8951 214 1904 6856 6382 7180 12052 2686 9847 7000 7264 7816 3286 5931 1098 7412 8583 12691 4481 6333 1574 9120 6871 10340 1031 6047 1433 10024 2102 10002 8935 10575 11438 1328 3000 3124 3470 3391 3974 9245 10270 3801 6381 12520 3146 11356 2819 4506 4673 11671 5340 6456 1376 3442 4396 4942 10278 5706 6019 4289 12693 6691 12091 12536 5822 7306 6480 8565 344 8567 1049 2401 7001 6831 10457 793 2821 11204 1450 5149 5972 11908 2767 6491 4745 9729 11757 3445 11099 3831 4627 7337 160 6769 9005 9751 12152 3499 6050 7586 11547 8038 10038 540 963 1254 6672 10282 11320 951 9338 532 2459 12000 12095 2097 8058 6443 6985 9927 12695 412 5069 11857 7808 7817 6003 11231 1009 12105 1684 2972 10490 6943 10458 4296 7242 5174 11511 8642 10080 181 11498 12101 239 10303 4938 12589 
1653 
137 4893 9799 2183 9660 2822 3158 5248 146 4601 3956 7498 1618 4201 8154 4343 7330 3456 4739 3399 7436 122 4380 5201 5371 7778 4580 5376 5784 8400 1175 7058 3986 8999 7286 9340 8214 11299 1673 4435 12999 5951 12337 10117 11914 11457 12643 2217 10827 8432 12511 13369 848 6623 9399 10434 12713 7766 8958 1873 3130 1188 6157 4234 11199 4217 8059 8739 3211 9710 625 5753 8947 11887 12345 8982 10540 522 1662 1639 3560 4278 12311 5723 9809 891 8353 9144 2700 10747 11081 11499 2886 3769 5009 6377 2140 12970 541 12930 10155 10774 13104 1398 3693 10148 11213 9471 11847 4685 6648 4378 5928 10252 12955 4671 6172 10101 5519 11210 1806 2427 10724 2735 11276 8119 11632 4409 11069 9592 12756 634 3029 8299 5450 7631 637 735 9218 4830 10627 5397 10631 6811 10174 3138 9728 1476 11114 3259 5153 5944 12638 8456 12476 6218 13314 903 6440 6933 10734 442 11586 1484 12325 12452 2530 12359 2203 4817 5329 6271 12315 12790 1024 5923 8192 12618 4253 4638 7084 110 7368 5552 6516 7952 11220 2517 6390 2156 6220 11505 12245 299 2794 8029 7128 8336 1979 8361 6836 8995 5264 5941 1202 8014 6076 12222 628 9784 2141 6078 8749 9247 12377 173 12559 2138 5503 2954 8724 4765 9993 2520 10871 4153 6572 5436 7019 2628 2932 6482 7369 12280 4529 7169 5468 7115 2125 8286 12734 144 2164 5166 3285 9353 7929 10625 781 6503 10388 653 7285 5674 5989 11696 8645 11572 6546 7370 11827 362 11283 8669 12444 701 2705 157 6621 2159 8617 5498 10376 4243 11061 12770 13057 566 10917 10829 11593 530 1679 12057 1947 7683 579 5947 1519 6485 1364 10554 4804 9850 9922 3198 11697 4288 7452 9904 10478 10522 13179 1587 11073 60 12007 2484 2526 11917 4517 11866 195 1165 3195 4776 8452 7949 9667 4071 6439 4746 5473 8138 3084 6383 8104 
1683 13287 13526 
1522 12782 1804 2780 2396 6785 13264 1604 3035 4774 7693 7406 7955 8023 10182 11901 8006 11779 12238 13374 7382 9852 699 2190 10242 7222 12665 1223 13324 8256 8907 2510 7270 11264 11635 1882 12548 2607 7772 602 8490 9215 2389 5279 3364 6960 6222 9257 2337 4034 4447 7432 10711 2349 5247 4876 5955 5411 8205 11042 955 10903 4856 12090 2966 9562 3803 7213 156 4209 1462 2388 5866 8820 9486 14 9393 10222 1601 9547 3777 11637 7967 8219 11207 12703 12717 13357 4788 7291 2559 11619 6425 8721 9254 9389 12155 5006 6360 7588 1644 13474 4024 4068 4194 7345 736 12741 12998 9370 9940 2902 11397 10996 12953 6322 12752 2263 3267 3369 10311 11120 3749 11862 498 982 7288 9524 11470 6940 7820 902 6468 4682 8846 5326 12936 619 9159 12787 802 3506 8056 2651 5604 8909 3881 5648 6632 9457 557 9778 6958 9753 3745 7782 341 8813 6176 6248 4230 11487 7 741 7338 8826 8705 8859 4445 5578 4620 6343 6394 9531 9727 6680 8262 7916 11923 6392 12281 3308 12637 3291 6876 12765 6662 9121 5 1710 11478 8164 12181 241 3584 4540 6466 9048 9632 4084 6487 1843 4948 8005 10496 5056 5330 5608 7114 582 3301 97 4563 5546 11284 12124 3485 6219 2646 9446 978 6758 10590 12410 1438 3508 10644 11732 4670 12391 4743 7675 6461 12163 1146 4941 6417 3316 11310 2564 11708 1461 4403 3643 5315 8460 6305 7734 6681 10626 5983 6911 417 8879 7161 10735 3028 10594 898 7155 1042 10371 3101 10620 4177 10710 4326 5786 6841 11698 127 1943 90 5770 1036 2306 4771 5025 12775 66 528 9188 9468 12557 3520 10314 2393 4518 1084 3239 7051 1464 2671 10302 1851 8506 10408 4578 12241 3460 12662 4556 8632 2405 3813 7191 829 5406 1599 2348 5668 7135 10377 69 5243 12243 3796 4736 2857 4281 4371 6474 10949 3047 5618 9256 12109 9581 11181 11294 9763 11902 1829 8561 4427 8828 8866 688 9094 1751 9607 12614 6950 11371 5095 11776 3906 4273 7144 13520 2595 9588 11224 4286 4857 13489 8422 11803 5696 11559 7307 8263 7727 10537 7682 8223 8692 11471 4987 9190 1582 10607 333 1187 9364 9605 5100 10640 12445 4923 7690 5967 10830 2831 11948 
1974 13065 13223 
79 12119 8110 11260 2106 10732 2423 12214 1180 2784 5449 11041 2404 4355 6645 5179 8798 5207 5925 8734 5747 9219 5911 7107 6886 7129 2452 8974 1709 10208 1091 2307 3153 10250 3476 6741 8961 10122 3448 10358 2322 6084 9575 12688 716 8956 11991 6061 6848 2378 6993 8143 10497 347 4387 1083 5460 10322 6152 7919 603 10010 821 10872 7301 9107 24 4494 7783 10154 11613 1521 9232 1940 5403 5691 5915 8607 3190 3660 3096 3734 3127 4000 238 1984 6562 5813 9491 11495 1053 1607 11614 3697 7068 9301 11699 256 4961 3367 5298 3187 5892 6715 8702 9415 351 405 413 2629 7736 10415 1841 2446 1721 5735 731 5874 2768 4247 3753 5409 5358 7494 7779 10147 8948 9207 1439 11520 7963 10254 12076 1443 6664 9819 3961 9278 4645 9625 3155 8196 1900 4900 8463 10005 11533 3645 9929 2618 2714 3704 3447 4073 7446 11434 504 11904 3750 9148 4531 9783 4990 6961 10411 6984 8146 12505 5084 9896 10019 12107 4104 7101 5548 5895 4598 6629 3716 5532 1411 10637 937 3925 2026 3079 757 5145 10878 10913 4204 11346 7360 12306 7652 11330 2622 12707 2523 7953 2366 2525 297 7531 1598 1623 7612 1268 3590 6441 9549 850 8751 1184 3123 9608 7245 9682 2650 5918 9475 1121 3988 4852 2327 5359 5842 10660 3743 11976 1208 6020 7275 2765 9425 9543 1998 6692 11824 8949 10212 652 10132 9591 10177 12710 6028 7011 5234 9381 1722 10060 4555 10847 7495 9580 2326 11357 3579 4224 6274 5562 7835 11959 5569 9180 7078 9042 2467 11539 3443 7527 11281 215 4686 5319 5414 8470 10552 1378 2745 5348 9836 10124 163 2197 9840 9449 11406 3611 3850 11853 6164 6584 7865 12159 249 12645 520 8018 1362 5476 2809 10419 3490 4873 5391 704 4172 5561 12195 5889 7515 7648 2967 10695 7542 7825 10560 5281 11196 3372 4654 12263 841 9231 9801 4202 8496 814 12020 9369 10611 2631 6996 5168 10262 6563 10587 3260 6761 8157 4614 8611 824 10952 3314 3959 4490 11782 5538 9557 4640 12420 7017 8321 12276 2551 7497 7726 12088 7663 10764 2001 10347 6792 12403 
2107 9775 
2202 
2319 
1276 9797 1400 2837 8892 1062 4207 2929 8097 3526 11409 9807 10096 7052 8464 13356 4319 8568 61 5038 10800 355 571 1802 3542 3177 8333 7367 10435 339 1095 4575 10680 1199 11064 119 2874 5549 9950 1794 5191 7717 10472 852 10488 1925 2221 7581 9294 12294 1977 9662 1614 5508 5111 7047 1487 8469 9787 13301 1028 1879 3377 9025 4539 8590 2047 6971 3427 12398 4285 7614 8081 9208 10700 4480 10123 10579 3224 4486 11488 12730 5810 10928 8187 8686 1568 3218 13351 1995 4545 8834 10712 5733 6282 3152 10848 4720 6870 5417 5802 4455 8577 9105 9172 10681 11258 6740 11652 6477 12261 953 6500 1811 6189 10804 204 9087 7075 7843 294 9072 4588 12431 1196 4029 8408 1834 12295 5820 12440 1628 6005 2085 10481 460 2407 2537 4750 6230 4560 4919 8765 12518 3929 12785 5290 12084 3585 10073 4092 11452 3918 4777 7769 8011 6872 7271 5681 13288 8168 12078 1271 9649 5482 11059 2656 7239 6533 12949 12951 1133 13500 13561 170 1717 13547 4312 4452 6983 11718 10975 13344 115 1897 1092 8923 12491 1179 11990 867 2007 8022 4742 7888 13031 3051 7592 10444 9827 9958 10616 11490 6538 12389 8201 8931 11021 5270 7124 6100 9371 2937 11005 8337 13170 11353 12546 3979 11629 1396 9270 11481 7463 10460 1244 11384 1191 12190 2301 4086 219 9268 5444 7650 12779 6226 10173 4320 6150 2278 4679 5050 4621 5524 7241 4191 4492 2674 9184 5492 9211 3705 10057 4026 4144 2898 8071 6686 9893 4889 7924 4303 6357 3077 5673 11358 5434 7086 7775 8570 626 5146 7076 8835 1637 2914 4716 12625 2946 7722 8284 9127 4488 11128 4509 12385 4780 10737 2866 4770 547 3814 5399 597 7304 5061 11022 10744 11374 5456 8044 2858 4935 11401 2365 9855 406 5080 5954 1502 3121 11013 9854 10542 12600 5224 8283 7558 11711 9101 9690 3870 4881 7405 8433 8789 11425 692 10879 12164 1777 3073 4653 11620 224 4783 3617 10820 5325 6259 9003 2862 6798 2089 10799 7777 11449 587 6752 1032 3431 6105 6857 11145 370 675 4810 2759 7964 8088 5968 10823 6718 11694 1122 2323 9718 1356 7255 4414 7569 8367 4966 12683 663 922 10144 459 2505 5541 390 4846 5725 2414 12613 2535 3302 3394 11583 5180 9441 12498 4342 9928 1110 2985 5812 7676 570 8091 3851 12379 4400 7460 4553 7892 2681 7573 3840 6652 548 8243 9306 1408 2437 2804 11077 3624 7751 6126 9102 11109 2987 4127 1924 3663 9400 8397 11690 12247 4767 10211 5704 8037 10691 10931 1407 3262 3112 12395 6116 12811 5535 9323 4093 11806 55 4973 10082 9976 11215 10809 11305 
2443 13191 13401 
2496 
2575 
7289 8837 5331 8894 10286 5107 5630 1143 4425 576 6365 4232 5392 1499 2577 7067 1033 7509 2112 10624 11644 2783 7583 8035 9576 5868 6527 11173 429 2928 3607 3288 5846 1515 1687 1572 3677 11733 3062 5499 5961 8838 4635 5988 1046 7829 8726 1229 5198 7023 8694 9885 7331 9559 11986 810 3294 3449 3569 12581 1626 6666 1822 5888 8420 1691 5801 2644 6779 7791 5293 11880 4337 11844 3586 6697 8968 9567 2137 4262 1193 9474 2291 6318 6928 8943 188 11209 1343 5022 9035 10898 12543 2061 4467 6241 2792 8326 8540 1504 9944 1615 11477 6606 9414 11332 1134 7064 383 2881 12800 2777 10782 900 1975 408 9276 6625 8404 33 2995 3885 6838 9053 11228 2442 2601 6438 12672 12381 12748 2411 10638 7674 10386 9849 10999 2033 11922 8526 10034 6462 8020 3593 8584 6641 9652 369 6528 7616 9965 11531 8208 9659 965 10849 2891 3475 10690 4637 5659 5362 11012 3091 8998 165 5173 11859 1079 9497 12694 2403 6148 8790 5722 10200 4235 4799 11446 12068 6917 9647 7312 11489 2652 9022 2211 2325 11906 2215 3529 2721 10816 9214 10839 6321 12574 1672 3023 3934 12206 6045 9745 455 2738 6972 7837 5992 10567 648 1060 4728 8066 1961 8972 1932 11345 727 9363 1597 8180 10032 10134 584 1279 1624 7259 8127 4700 6731 12659 3247 8517 5729 10136 6065 12040 2176 11217 225 2658 3040 4533 10053 12209 2182 2840 4340 855 10246 11735 12632 612 3189 7329 8260 1332 11748 8697 12330 2582 4672 3064 7627 7745 3765 7986 3406 11646 10938 11760 9090 11738 2395 5062 5404 7141 8841 3915 4173 6671 9279 10583 1692 11403 2495 5078 3125 8735 840 2604 10589 2293 3927 10307 10482 3562 11672 564 10431 4482 10659 11747 5089 10203 7875 9391 2587 4740 5902 6907 10780 3117 7394 7217 10093 308 3676 3276 5415 9275 12579 1593 7299 4633 9764 9421 10157 984 2581 6187 4991 10593 7328 11212 7139 8115 9617 7796 8411 400 10553 1198 6727 2105 3992 12789 6539 11017 3202 8980 1807 9088 11115 4617 4824 5249 7632 10666 12619 4927 10446 10159 11063 3640 11137 8230 11884 3043 4515 8535 11885 2654 4639 10796 11274 5958 12406 12814 2136 9027 2240 10504 5295 10802 402 9666 10344 12224 
2877 
2894 
630 3340 2101 2558 2354 3354 1261 1993 2669 3052 10971 4527 11960 1962 7732 2848 3566 2746 6060 5700 10905 10487 12471 7806 10139 2370 7398 11169 678 928 1269 2620 4242 9178 367 1536 5161 10106 12644 3764 5222 2048 11591 463 1361 4313 6591 8638 4896 6647 11125 7576 10273 12560 5160 5402 6926 7547 8015 1559 8179 8487 4537 6909 7764 10565 11322 1250 4028 5311 6284 9495 4433 5430 1409 6656 2737 12524 13207 5528 5782 10110 4917 8927 6590 13363 2292 4909 4472 6488 629 2410 7807 3858 11523 87 5289 105 3378 3872 2613 8481 11763 12282 938 12492 10271 11038 1043 2724 5361 5966 10091 11691 75 11584 691 3685 6243 3658 4976 315 6245 3432 3616 6356 9341 11168 11416 4080 5312 7981 1383 2833 9842 988 7426 8036 7748 8597 4879 6304 3626 7511 2341 10868 9765 11068 2939 9417 3536 7946 8938 1349 4252 2434 5059 7225 12219 5975 8543 1366 7915 7313 11727 21 5019 3684 5083 3181 12162 3335 7866 10775 3491 11123 5489 6137 635 8435 11606 2673 2869 3692 8025 1380 6612 7219 327 12102 2359 7334 2399 11678 12038 966 10544 1566 5785 1050 12213 2627 6311 2351 5125 3725 6214 8478 806 3940 5324 6799 10275 5978 9905 337 1547 10381 11821 2885 11789 5710 12776 2748 7858 9290 12745 2824 12697 314 9224 1549 2093 2801 5495 6973 2333 13390 960 2153 4731 9096 7739 13161 1688 2230 13564 3836 8268 12788 4717 6055 6948 11942 7626 11898 12944 611 2429 3061 12513 1557 4368 9165 3800 6113 5744 10927 6573 8797 10206 6631 8368 1712 7469 8747 8888 1704 5937 6747 4244 10788 873 12005 5536 7984 6754 6912 5645 9058 2013 9103 4314 9330 4756 9361 4947 7438 857 1669 7844 10107 10112 4390 10947 3352 3572 8453 3524 10545 1784 9826 3387 5581 2179 2859 3519 174 6936 8895 11907 913 7914 2839 7010 9767 3694 10253 8620 8991 7537 11086 
3107 9563 13260 13408 
3115 12836 13496 
2021 12266 2381 5055 2657 5341 6701 7886 9455 372 8306 9988 4651 6379 8126 1125 8810 784 4055 1101 2010 1746 6396 206 10283 118 410 5280 10605 7384 9843 6840 10969 933 1880 5039 7900 2486 4666 10731 11816 1769 6313 2465 4818 12419 6066 6095 5991 6693 7243 10023 3424 11841 5738 10221 143 12541 5082 5303 3119 5438 632 12189 108 497 4114 3315 7341 5557 5755 9092 7492 10994 2016 6063 7055 9059 6688 9890 4306 6048 10061 10062 10272 3393 5478 11165 12594 1778 3947 5334 3739 4838 562 7226 8987 1459 9046 1119 3843 2077 12504 2944 10198 1241 3628 2800 5641 1575 10761 3192 7147 3469 8701 10838 1447 2989 12592 5423 10296 4374 11538 7207 10354 531 1100 9469 4458 12031 2561 8240 7450 11507 4205 8865 4828 6428 
638 11476 3580 7501 8027 9785 9961 48 787 4103 3090 8745 943 3670 7387 11247 4851 11596 5858 10454 6660 7063 8350 5156 11722 234 4568 7126 4570 10741 1511 12248 9175 13535 1783 5250 3701 5573 86 5701 1272 11892 2161 6930 3583 9702 2883 8699 6336 10676 340 3067 1753 7056 2073 5776 1761 2506 9313 2044 12049 77 379 567 2170 477 3013 2682 3570 8536 8839 12509 2844 5486 2353 5494 1319 8678 10181 11850 12236 265 7198 2469 4352 3169 10451 12329 3605 5268 1632 3714 7664 1294 4888 3467 9973 3074 6668 2708 7440 3219 9613 3327 6992 196 4975 8582 7841 12449 12671 13239 803 4519 12081 2224 7418 6903 12582 6103 9900 4330 12267 2039 6288 12474 1320 7881 5824 7719 488 6774 1949 4294 6813 6056 6953 3232 6669 10797 2643 9681 5840 6142 3156 8885 2672 9948 4904 5720 10951 5383 9450 11394 2383 4311 1237 4612 10193 11861 9942 11334 581 11259 3471 3985 8897 4592 7408 5694 7221 10728 5339 10995 1315 2648 4049 9378 1341 3033 7079 2116 7220 2413 3998 9493 11355 13219 1253 12413 2201 4109 3700 7859 8271 11600 5545 6512 505 6127 6968 9379 1284 1648 3072 13433 826 10891 2049 4878 5343 10693 7580 10430 2250 8977 2664 5177 3368 7514 6171 6515 3183 10324 10899 5727 12461 11518 11851 12323 575 11883 2677 7206 18 10292 10866 12433 13053 11253 12023 12821 13044 2232 5122 2568 4157 7150 10740 1227 5814 4181 5322 7027 7947 7362 10360 335 5073 6372 9149 6324 8226 4391 7402 5040 7609 4407 9028 6432 6489 1251 9992 6358 9289 1082 8743 10427 889 8720 3902 12489 3894 4662 998 1231 3482 5873 10692 1865 7093 4847 6363 8763 11419 794 10959 5551 10226 2606 12262 5769 10367 1353 3045 9640 3916 11895 12168 12551 659 8055 13093 9114 10315 1139 8730 12887 9123 13421 1246 3402 11911 12884 7909 13399 5613 5836 667 9195 4800 10396 3630 10520 5979 6347 5860 13337 
3304 13303 13416 
5779 8509 9565 2346 3011 2999 7749 4710 9489 11078 3547 7228 7071 8764 10013 10471 10052 11667 5775 12447 5071 12816 5932 10704 1695 7508 3698 11681 2171 10417 2542 12217 495 1160 2948 5718 7813 11915 1775 10037 289 3587 5043 11139 1517 6096 10484 1596 6881 9410 936 5826 968 3849 4361 9433 2773 6832 2775 3965 8458 9793 1300 10397 155 1260 1345 9522 9578 484 6131 4652 11344 1214 7455 10479 3646 7390 4267 5097 2663 7590 8502 1242 2315 12553 2070 3253 600 8125 6823 8843 5464 7654 12212 2219 11009 5023 6523 2009 9453 2534 4797 285 2538 8690 8781 9956 4573 7087 8472 10289 2079 5847 8261 4707 5425 10442 10895 3625 7761 2308 8155 8191 8459 452 545 3554 12867 3493 11383 4525 5913 5119 6144 782 12253 994 1219 4676 10882 2476 10743 1569 3501 7007 7015 9599 11647 975 4149 3736 6932 4587 9354 4558 6135 7879 9376 1329 10234 2731 6049 3093 7520 10476 10697 11485 7982 11630 114 12656 4757 8981 9129 3746 5547 1118 11315 207 3415 9540 3919 7912 8085 9083 82 7755 12394 3539 5680 10259 3681 8628 9171 9833 5705 9886 3281 9442 9935 2524 6433 10974 3386 8684 5141 10924 4574 6518 2720 8786 6614 6768 8477 353 2906 8882 4761 5544 5721 8975 2678 7365 4842 11550 4051 7599 6837 7579 7613 9637 3783 8216 11174 12446 4161 7898 9901 10608 12148 1765 9427 8937 12348 5616 10455 71 609 5054 103 3021 11913 6141 6762 10805 1027 6106 4195 9915 11482 12131 8965 11422 11927 12460 544 8057 2030 12808 4735 11625 2069 12485 8665 8800 11576 1058 3889 7496 10042 11573 881 5178 5684 6009 11244 11811 746 11402 3615 8979 9804 1636 2063 2332 9691 2861 10097 10290 11925 12367 4669 7555 5321 9213 3971 6778 1896 11504 11628 5344 6567 2698 6880 6278 6913 5739 11030 4367 8700 1901 4895 217 8323 1297 1790 5186 7891 2910 8624 1280 2695 5678 4993 11447 1222 12082 
874 3827 8571 3946 11484 3761 4826 9335 10342 1059 7855 3680 3895 12343 4169 4250 713 7997 5766 7602 10798 11343 12265 9036 10646 78 5421 1045 7625 12215 1245 3708 1782 12813 100 11441 1848 5828 6039 6430 3339 4689 6557 10337 668 3649 8013 3137 4794 3561 9091 11854 3358 10835 6183 9367 393 5614 10030 9056 12240 4010 7740 5026 10636 5308 10418 7753 8926 2246 10078 10972 4514 6110 7847 8957 3149 3805 4039 4419 12791 469 2964 6814 9535 641 2247 5439 2454 3083 3142 3730 2997 4044 4187 6182 7375 3167 11899 4210 5282 3451 3690 7524 6469 10610 12285 647 4665 9532 10843 6223 7634 9875 6865 11298 4737 5610 9416 273 7575 3833 10202 9931 10353 1757 10027 2126 9243 5462 5534 2499 5267 7310 11989 29 1603 12755 6260 11339 9031 11692 1795 12784 2488 7034 9128 7787 9390 9790 969 9907 1070 6149 2616 9806 671 10570 1594 7814 4280 7482 9977 3435 9664 4836 6184 2218 11008 1858 5365 7152 7899 2478 9133 35 7821 2145 6016 9777 2480 5585 7339 10673 12793 9173 11326 2670 6052 4113 8363 277 10541 1551 9477 6564 12156 2340 5580 4121 7305 610 808 9628 681 9955 2689 10869 3706 6464 11962 2860 12532 12480 12982 510 6294 4198 7728 6391 7996 1507 10665 4684 9317 3216 3886 8599 10378 1496 7363 3178 4236 5582 6525 11376 1072 10993 1842 6628 2045 2533 12338 258 4372 272 11338 11582 518 4264 11758 3720 12333 3717 12059 5515 6597 7117 91 11544 2895 3128 847 9186 12657 7521 12689 2919 8600 10511 11951 710 7622 7409 8626 815 7856 7054 7991 1372 9012 5867 7641 7318 11704 11967 11988 2188 5246 12587 3742 11571 1560 2758 6884 10240 2675 12531 1360 11335 3673 5942 11918 291 11421 3116 3875 989 4926 1661 7038 8079 1123 6835 2143 6887 8362 8605 6451 9487 10263 595 9265 9604 11388 910 9303 860 10887 480 9671 3279 6730 5761 11995 1699 11752 2762 5632 4496 10586 267 8394 2066 3157 9912 5469 12660 245 1331 1910 2223 11836 6772 8118 8388 6123 6920 4385 10729 128 9007 1836 4922 10730 332 6205 4968 10736 7938 8515 12733 4131 9006 1565 9093 10213 13539 1273 1470 8904 12228 12934 6475 8024 13000 8752 9309 2864 3733 4033 6728 9067 3882 9514 12984 7173 13358 437 10465 1051 12801 1562 9014 13304 3479 12510 3785 5292 13340 4512 6416 194 10945 
3565 12909 12979 
3779 
3861 
3912 13532 
4077 12827 11459 13037 13321 
4089 
4150 13409 3757 13352 1 807 12969 8633 13365 179 13115 9700 13541 
4291 
4415 
4465 9601 
4562 
4585 
303 3707 5252 5974 9100 5576 6649 7223 11867 6678 9013 2222 12113 5441 7149 5511 5583 3098 6511 2772 12750 8152 9375 5136 8140 1258 2024 7712 1718 7845 8354 6309 11939 7729 10538 10663 12085 1466 2032 7763 4154 6155 1730 9585 3325 6776 7265 3830 11233 1883 4196 9344 8986 11398 3647 9629 11693 6089 7200 9079 10398 5200 12347 750 3464 6122 546 1705 7554 9933 5117 9864 12580 1163 8307 1889 1942 3324 11390 6675 11144 761 1985 8761 3951 6713 1686 8407 1577 7048 1854 7518 9687 2119 5042 1676 8889 10348 5129 7267 2647 6767 2473 4158 3741 5611 8691 9503 549 1008 5771 8971 6751 9314 10033 1136 5366 1913 7708 8430 2585 6663 6281 8873 6017 7746 4730 11655 2386 7944 6375 9273 742 11513 3540 8221 5597 6882 8914 11724 1830 3541 3869 7074 9516 3597 9286 9569 5351 7710 10621 12171 5187 8916 1741 9772 1798 8251 12362 9615 12817 3595 12805 4256 6548 401 12132 1832 4848 10118 2228 2468 9720 5523 9222 4457 9016 10561 3463 12231 4591 10373 695 3359 4053 5110 7037 9481 1616 9281 622 5521 1324 6007 10650 6389 8150 10558 1482 8984 4528 4544 4781 10402 2095 2653 5363 11089 5422 8886 772 1339 2781 4434 6310 7371 8182 10864 11712 12812 11634 12186 6788 11903 8063 8114 4491 10795 949 7042 1771 12469 3374 4164 4287 11983 3282 5995 2835 8592 7134 7633 12496 8173 10641 9174 12225 316 3362 4135 1309 5206 2529 5320 2615 3254 5477 5929 5154 5880 5108 11750 4855 6569 5143 10870 10963 6712 8719 6272 6593 5639 8371 3212 7597 8493 3274 6719 2248 4534 4175 5338 4438 4986 9634 12675 748 7483 956 1019 3118 3249 2343 5302 10495 2925 9661 2635 12706 6987 10245 9820 11377 1477 7922 11300 6008 10493 12278 7050 8625 4891 7020 7543 1738 3220 3303 5049 1307 5917 1225 4951 9888 7607 7901 2080 12235 184 6942 10152 8162 11818 3614 11362 4974 8532 12630 7615 10753 12322 1621 8955 10120 730 11440 4309 10507 5921 11278 5809 5934 9258 10058 1115 1304 5789 1523 5316 8431 4925 5504 1928 6426 6132 6897 6071 8248 6544 8451 2477 9987 11736 4258 12405 483 10047 3163 10162 3968 3987 5883 2503 4124 11414 758 10276 5101 8123 4609 8785 11361 2050 10320 2419 5643 9638 262 8667 10857 11329 4816 8441 4949 7102 9419 10170 7587 9308 2588 9978 259 535 3608 789 8486 12443 12590 2733 5987 4921 9523 1726 12806 5226 9676 9505 11151 11754 11028 11881 3240 12515 5693 7551 5120 6554 12783 1890 2491 3818 5380 4542 11568 506 1987 4107 4322 5516 3174 6051 646 9844 11843 8952 9479 10075 10765 9755 10582 13066 10031 10543 11036 1665 6292 13095 755 11112 2132 3122 9877 9572 11405 264 3829 8279 12486 1080 9395 10169 12079 8774 11311 12003 1893 3808 7823 8867 9325 13420 
4956 13019 
44 7687 1212 2614 11916 162 2515 8890 931 3515 37 12537 3600 7636 599 8836 1206 2435 12268 12737 2284 5633 11411 2489 10811 507 4417 9052 10143 403 10687 2192 6252 95 4554 6587 7662 2415 9428 1789 5590 3108 4871 7677 10533 525 5210 151 9808 5838 8291 6895 12386 2178 2961 4469 5654 7013 10591 5123 9866 9122 9741 4660 5865 3995 6965 12673 6547 10079 7776 8172 1725 1906 2710 7854 1454 10813 7065 10679 10664 11609 2444 8427 12202 3058 9716 10919 167 7263 4277 12100 6174 9333 3454 7995 12383 2545 6147 3480 4769 6244 6497 4894 10086 798 1404 1542 7434 9443 145 470 4795 11142 2175 8936 11536 13118 5484 13139 4349 6789 13376 9909 13546 950 8341 10563 1485 2509 1532 5899 7333 10873 929 11252 4898 10941 6319 11197 3186 8134 1381 4634 7505 3721 12300 722 9618 12682 1520 6467 8281 3821 6938 7202 8666 4290 5948 13132 376 10632 2450 8313 447 3793 3510 8805 1204 5658 9546 9698 13251 318 4963 13134 6436 8061 9829 9841 11566 2118 9160 9974 12041 4478 10756 5762 7378 293 828 12747 7882 8231 10334 767 1142 2766 6639 8396 10719 5045 9435 4018 9788 8108 12039 3859 9033 12995 3504 12067 3899 6229 4307 8312 7785 10195 4786 5636 10982 682 8450 7918 12173 5058 10885 3191 4376 1950 8912 6014 7968 5683 8068 5194 9654 10330 422 854 11024 436 12310 4884 10929 3939 9611 229 2259 7302 3982 8040 4011 8124 8756 9387 5862 10791 11793 12083 790 7485 7643 11301 886 3313 9327 997 7853 12514 1824 2253 2546 3147 6830 10778 4959 8282 12495 2055 5971 3420 11868 320 11121 11521 1363 4012 1859 6177 4126 8712 10855 5027 7388 1818 6717 13294 1149 5151 10064 10961 330 5394 6093 3756 8165 883 4037 4047 7767 8744 6414 7730 6328 12184 1420 4070 8718 10121 364 2580 2790 5638 3433 6332 1812 7427 7834 8544 9448 5016 5540 8202 11140 594 1172 5431 11774 1106 12802 5081 10326 6037 6851 7851 10022 10467 6331 8028 1703 4693 7589 9846 6898 7988 1929 6734 6634 8440 7812 8324 88 1780 4327 3430 11848 448 1173 2896 888 6398 5609 12429 1941 11557 5805 11430 1124 11961 1397 2655 4869 7713 7978 12487 2091 3395 6939 2103 3102 3221 5272 10239 6053 11561 2449 12462 6879 9085 11930 863 2339 9825 1642 5998 8696 2151 6580 800 5984 8913 9834 9525 11877 2277 10500 11673 11739 4227 9193 13412 3452 13372 5164 8309 9658 13285 5949 9704 2460 13278 64 9708 1129 3879 9699 12451 2115 2438 2692 3284 11200 11787 53 7532 9439 5787 8857 2799 3613 4116 5221 4820 5364 4583 5157 5896 10308 12467 9233 11497 577 10345 10606 2853 7081 12464 1671 2953 9760 3217 8302 869 3667 6179 7557 8043 7570 8319 8650 8660 926 9049 2193 8212 1856 10437 7809 11783 1073 1492 1827 12060 1255 10942 822 4418 5480 1510 2321 11852 2980 5655 11731 12720 2099 5558 1966 3001 4495 8288 9230 10288 8581 10379 1395 10571 1434 12127 7186 8851 1971 8950 10020 2887 4293 3518 5637 2123 11056 12490 5485 7962 12726 1194 4179 3689 7143 8871 2059 6158 11303 2983 10642 5306 5818 1887 6874 8732 6524 9038 6452 7706 1217 10392 1670 8518 3351 6346 10992 2787 10028 419 621 7638 5571 9377 7187 8413 123 868 6276 8156 3310 7561 9004 11267 1259 9373 11341 1700 2830 8415 9484 10237 8654 12075 
5063 13293 
5079 12883 13009 
5277 13052 13220 
161 12072 981 12172 440 10509 7413 10452 1505 5964 12441 382 2645 3133 9869 7105 7359 11717 52 11530 7659 11072 5053 5827 7895 6427 10748 7695 8782 1849 11689 2560 3763 1239 1335 1289 11890 3103 8569 11475 3355 6258 3983 5395 8241 9548 698 10029 4057 7619 5354 7120 9266 12029 12201 6156 9733 12698 99 3867 1325 9430 5162 9969 3222 6323 5886 10602 11685 6867 8455 12182 8416 10498 1902 6326 1894 6704 4324 10526 6977 10369 7563 8750 970 3632 1819 10861 12378 1406 1650 1875 10011 10425 942 6194 5946 11503 6101 11323 6703 12321 7972 8856 2617 11455 1556 1881 4493 9680 10572 4988 8298 5258 12738 9411 10310 11940 4140 4597 6821 8646 2930 3331 3450 4246 11054 4269 8322 10926 10649 12430 9857 10614 8876 8997 46 4364 1696 5935 11810 8829 8933 12010 2717 3409 11472 1483 5461 1168 8757 2432 6314 12534 7904 10492 7008 8621 763 3512 7560 4886 7637 2834 8512 4914 7429 4295 10584 2636 9830 11226 3086 7942 8824 7422 10713 980 9057 140 2261 4702 6568 12943 2722 6626 3269 13063 1845 13021 733 2447 10070 5553 9712 11058 3484 11553 5176 10243 2412 6510 468 12578 6013 9081 6711 7577 8767 10357 3344 11680 5428 12142 6990 9110 6231 9202 5959 10449 2382 11107 11831 2372 5849 9995 3991 9463 7487 8959 11386 2318 11184 12753 2572 13042 512 5275 5429 6404 6192 9360 80 1203 6800 10845 4335 5263 7256 10635 11799 1821 11427 1465 2570 3495 11302 1763 3601 7133 1814 12615 689 11408 3809 5653 9177 11171 11230 927 5907 1337 11309 2528 9422 10044 12069 5287 8053 1176 7585 9412 10339 1181 6227 112 5030 8438 3527 11845 2921 5065 2994 7260 8186 9073 3376 8604 4567 8748 13343 9239 13448 6472 13111 13274 4622 13147 588 7118 3921 8137 13129 
1035 8613 1951 9292 11375 11745 12654 5905 11333 11825 205 11622 500 3459 6635 3060 4163 5601 435 3446 3266 6627 1069 3636 7123 6873 10039 3280 7212 8064 11633 3653 6819 1625 5487 9015 11451 851 6529 9298 6803 7274 9432 11391 1183 6924 3559 8398 11905 11001 11589 11941 1516 2609 664 1915 3436 5028 7765 1546 2498 1263 11869 1570 3398 1981 9754 2825 8206 1850 5481 6224 11352 9794 11026 1776 12528 843 1390 12290 2109 11246 2360 3236 744 2793 3425 1514 8641 11666 5211 5432 124 7624 2736 5239 10438 3511 9986 11695 12229 213 10661 780 7268 7606 12064 884 2463 9711 12584 5957 12583 227 5369 3213 7385 930 12256 3589 8538 5728 10416 7031 11285 4471 9644 8352 9418 1310 2557 3014 3200 10328 5389 11048 11152 6706 7467 2169 4628 745 6040 7156 8777 2252 5454 7254 9343 8465 9768 2087 5943 3980 6079 275 11856 12368 12415 2814 10384 1868 8338 8649 2205 3724 5037 9089 2970 9737 7479 7801 12350 2815 5586 10014 8188 9176 718 12264 6399 6892 11611 2968 11186 5294 9620 4476 8148 8334 3336 12144 3786 11612 4664 6300 8315 8954 12702 6280 6388 3748 8042 2481 6801 9868 2850 7354 2147 3170 6781 7181 6151 8275 4760 9736 12357 3815 9152 191 895 3551 3844 11968 773 12622 1590 2750 6797 3651 8274 1085 5407 1685 9041 3477 6118 3438 3790 1835 11579 1990 5098 6501 1486 7679 10153 2592 6369 6499 10576 12450 1266 2268 9249 6191 12352 3629 9194 2761 10708 418 1733 3955 4721 7393 5196 8252 9 958 34 2855 10248 11111 282 4444 4462 5172 10081 5599 10409 2753 6900 4359 8095 11067 4696 8479 2130 7397 1698 7322 11234 3070 6320 10889 11766 166 1595 12558 5088 10546 427 2067 5233 1744 4500 4366 7175 2208 10185 10790 3025 5244 1480 3210 5474 8552 12761 8257 10806 2574 5393 1489 10041 7528 11792 
672 3665 10483 13452 1935 6206 845 5530 1831 12860 2257 11897 2660 5745 1321 4186 6352 8373 9082 113 1171 3932 6455 9614 13015 2960 8254 2364 7137 8822 10789 5426 11808 5816 10236 7208 12877 2951 13222 4980 10054 3924 6240 6791 3264 8500 2375 5834 797 12502 8830 12575 1766 6947 11287 6925 7109 6253 8522 10639 7229 12299 3408 11129 3041 8902 6161 7041 5447 8639 9098 9892 4199 10658 7470 12226 4056 6677 7121 7248 2990 6181 7132 7251 7411 268 7404 7752 8550 2851 9358 2072 5185 1375 5518 9770 12605 1417 1982 2764 458 3225 5008 221 2945 8170 11648 2798 6077 3278 9302 5093 5808 2058 9490 1410 10555 1189 9684 5297 8960 8210 10818 84 5175 674 7281 1748 6760 9472 11162 4138 8383 624 6707 1605 4166 5189 6893 7958 9761 10150 11466 13092 543 9169 8145 10651 5335 12781 104 8476 753 10757 12954 5470 12539 7097 10209 6829 10281 552 5328 778 4978 7326 8566 1257 10588 6914 12047 12427 7059 9717 2539 11292 7249 12050 5685 11295 2683 4082 2871 8159 346 8539 1150 12820 391 993 4274 11791 2485 9996 10192 10622 5218 12681 1555 3038 10501 5657 12436 3457 11494 1232 5103 5445 9815 2448 10618 2612 6981 6337 7533 8861 8893 3516 6459 11148 11155 1903 11542 4520 6044 4877 11023 4936 7493 8 8100 8370 11963 13127 2639 12293 5350 12004 12763 464 914 12013 3416 5634 7401 4160 10486 6559 9971 2916 3234 3798 8964 10382 177 9438 11944 12098 125 11529 11996 7211 9867 964 2430 9824 10770 2417 8542 3897 11126 4231 6531 642 3659 4782 7215 9153 10385 4424 9962 12602 3353 10783 6098 8784 1167 4021 12307 4582 7465 9382 11183 598 5869 905 12744 5205 9895 10551 690 4613 987 8402 2977 4401 6380 3896 12412 10231 11567 4176 8436 2621 5560 6277 8077 5625 9916 6665 10448 3440 5879 4483 5926 5067 7611 5074 6643 7089 8158 11900 5379 9045 10794 11340 4310 9508 3496 9095 11998 198 10235 9287 11444 
5646 
5702 
5707 
6630 7188 6307 8807 10268 357 5121 11999 380 3575 2328 2593 8009 171 8229 2782 9934 12721 134 6674 1548 9839 2703 12701 4511 5689 7449 7550 11232 4999 8513 3795 7826 176 4219 3105 9744 2889 4339 8351 10420 3550 10260 3549 4139 6289 366 996 1898 4125 8317 962 11570 3229 10601 2304 5568 2207 7112 2727 5904 4675 6585 9018 10833 11087 4353 9182 431 5223 6910 6364 8806 11832 5593 10578 13479 6864 10781 3488 10188 317 6646 4090 13114 517 3500 7681 8163 2516 5044 10550 3426 3937 7287 309 5355 1857 6457 11312 5768 11686 4809 7795 11788 12097 13336 1767 10577 5332 5345 8908 12237 1374 13543 660 2265 3641 9752 1463 11289 1655 1706 6493 12506 6022 10880 11581 1729 2802 5512 6759 8423 81 6689 11679 1667 5666 4282 5740 899 5077 8052 8444 10524 10494 11225 6637 7308 4050 12641 1017 2836 3031 8683 9925 1772 4088 9311 11367 2757 12233 1314 6908 3300 4763 9108 11101 1392 7870 9859 13106 12819 13398 1000 1471 4667 11065 13141 5099 10851 9348 12259 10085 12617 3453 12777 13215 3820 4329 10874 1413 13123 3227 6355 7798 13515 2709 8421 11669 11812 2763 4504 7252 12080 2195 8439 2053 2684 685 12526 1023 9143 11670 2234 2958 2867 7323 2020 2303 2235 2391 10817 11749 83 12043 578 8727 5013 10934 5490 10300 3110 5863 2152 2397 252 5644 220 4341 9872 1126 3129 2350 12077 12370 2563 5184 8331 11257 12270 278 2697 3964 12570 8546 12479 1876 2377 3811 3576 12743 3976 7158 8092 4168 11373 1638 7530 1527 8034 4240 10906 4254 8593 4446 6026 967 5835 2739 5135 5170 2229 9636 11527 3909 9060 11528 4547 7721 9800 2088 6708 12742 654 6215 4436 6724 7723 8019 4526 10462 6059 11826 5314 8804 10238 10742 493 4584 4687 5112 11657 9963 10705 2165 8706 2685 2872 4193 11946 999 2820 12211 6765 11336 12402 2288 7802 4351 8174 503 9252 8297 11631 12572 1278 2701 4688 5309 10786 3136 12062 3532 9759 4758 10840 12493 805 3330 2254 3669 4426 3710 6165 4497 6476 7456 10006 5687 11804 4148 8580 8355 9906 10018 12604 11 7864 4960 7678 714 3120 7277 1034 10755 2018 5746 3657 7477 8970 9246 9902 12272 711 1927 5491 6616 1681 6068 4101 10653 5128 5624 5798 12728 
1737 5032 12423 4257 5300 136 3952 4586 11182 765 7061 5076 12092 9125 11255 13473 292 1170 12455 8178 13050 1468 7269 9436 4453 10176 1020 3873 74 11512 10950 11627 4389 4690 2543 3950 7702 947 10103 6334 12731 3076 9694 203 7236 2565 2598 3214 11710 8704 10801 1029 8746 9408 9488 1005 1323 1634 1931 3403 3776 5060 1493 1959 4413 2691 3441 4261 11150 7516 7936 10916 7357 12151 2258 10937 12289 1418 2358 6951 8340 4798 11858 760 4899 5496 9594 13534 8050 8273 9510 11286 1817 3321 12840 8364 13126 3731 10989 6087 11835 9458 13206 3241 8249 5144 7541 2603 4463 5939 154 11436 5284 5679 8595 12110 1731 3926 6979 1442 4115 456 589 3307 32 2634 1500 4333 301 4454 5072 7273 9939 10066 4197 11214 59 11891 9715 12527 2233 9959 5137 8985 2776 12585 4006 6757 3055 3538 6735 7282 2955 9039 11549 3696 4171 3787 6617 8139 7804 13101 68 6275 11435 3233 6770 4744 10351 5566 12676 3744 5708 6447 9132 7082 8067 6376 8160 1478 8372 12066 365 1663 3348 7800 3652 5795 13383 2376 3907 223 2713 3633 8780 11382 5471 8153 2904 4915 6448 5821 9397 893 1561 5982 615 8046 8614 9851 334 11266 2160 7545 3864 5455 11091 12342 4950 9541 8096 10441 9650 10035 1105 2513 5139 9646 12400 9255 11956 6163 9349 9542 3618 9780 8682 12499 10393 12115 6579 9665 1402 1727 5070 10180 1884 5837 5087 11093 5113 7594 466 4027 4906 9673 9926 686 1327 10077 10662 2196 9945 11642 1512 1539 1855 4479 4754 6415 1347 7983 7431 8360 263 6350 11149 2741 5607 7933 8296 2492 3042 5713 6354 11235 9131 11381 153 1494 3396 5349 6449 6795 8278 8461 9362 752 2514 4223 1002 7176 801 6442 3691 6804 1567 4404 7880 9600 818 2046 5555 6541 4440 5985 2131 4411 9703 2693 10860 2398 11945 707 10600 11052 89 152 4431 9437 10480 9282 10841 9288 11208 3004 9936 3687 10164 10394 687 11331 2157 10474 1216 2668 10922 7747 11621 639 4854 2086 2305 5167 12373 2892 5876 9953 8695 12046 4428 10380 10677 12356 10264 13143 
63 650 935 11665 2295 5217 9746 1708 11029 3740 5792 1235 2785 4399 5352 9515 1645 4165 3299 10908 6505 7386 3423 7572 172 11879 7861 10844 3523 6099 1920 7876 3751 4600 2791 5378 9238 4370 10671 6256 12199 7039 9779 4229 9707 779 6185 2300 9336 533 10225 1659 4766 7022 10370 4870 8529 2527 8405 3494 8047 7108 9380 11814 12122 8001 9597 4523 8575 920 2275 3037 4930 11083 11216 11822 12269 2042 3238 12126 5452 9774 4060 9485 12384 10489 12458 3754 5845 4085 10599 4111 11770 2540 6963 8141 796 2770 2870 6054 4437 6721 8401 1014 9499 9179 9312 1090 1844 3517 3548 3132 9030 2038 5831 2711 11636 666 1697 6429 8447 7232 11221 4844 5717 6327 10852 1630 11509 3997 5092 5677 11500 3361 6424 3654 6763 8343 8788 1675 12565 3931 4081 8087 10714 11575 897 3797 6592 8412 6542 10751 16 1215 1877 1786 12503 1010 9512 4630 5323 10529 1293 11931 7014 9482 514 8716 7092 8305 979 7700 7762 1967 3235 231 9483 749 1988 8379 5241 10948 877 11556 2276 9269 10298 12523 6217 8819 4933 6312 7793 5192 9526 4907 9040 5749 12065 8869 10628 7154 9280 7671 8492 864 2548 2969 1506 3771 5304 175 1425 2025 12421 11480 12545 1846 6387 2623 9300 4069 11938 2064 3034 12006 4866 6339 7934 8547 12087 2755 4785 12749 916 12380 3713 5458 4920 6700 1096 7544 4035 4255 5020 11039 4395 9949 11448 5259 6422 8920 3492 10111 10915 10491 11458 944 2002 3729 9530 5855 6108 5285 9705 1195 12361 5960 11304 7629 9545 679 8537 6249 12249 7975 8244 983 2212 583 6371 7294 5649 8883 4052 5116 6203 1233 3468 3668 11467 3935 5887 6868 6173 8217 8389 6286 11795 2302 12635 474 6397 9352 2440 4102 6010 10988 6012 7889 4981 9721 461 1937 3054 4062 5148 5522 11004 12388 2019 12034 11176 12128 2475 4299 1571 12011 9161 10210 4505 11313 5976 8962 9212 10284 1054 12648 312 11950 4992 7500 12760 911 4605 4208 6967 3268 6975 8503 5165 6506 3389 6431 9236 9339 12803 4559 12099 2544 8996 8823 11886 12313 892 6406 6705 7230 8310 9020 350 4248 283 8069 444 486 5647 9656 6640 6659 10 3252 834 5510 8175 4719 12596 7686 9643 10824 1544 3709 5031 2433 6536 9465 10810 11873 7297 8816 
5977 12948 13426 
6043 
521 13081 6097 13187 6654 12879 13481 
6145 13087 13284 
141 9032 5730 11937 2940 4461 8687 8877 7536 10499 1221 11540 8074 8629 12302 13236 6190 7617 2006 3151 4016 4076 226 3619 6263 1983 4595 6698 3421 5005 3723 6550 6251 11775 7062 11113 11876 298 3226 7850 13510 5228 11095 2135 9277 8698 12898 509 10464 6373 11239 1117 6233 7190 9034 925 7999 12408 3088 3311 12627 3472 7475 11180 5996 11412 777 6146 7157 7194 7276 11027 363 592 5190 1911 9404 4692 7653 9610 2014 4130 4965 1373 8922 6866 9919 1820 4190 3407 8111 4218 7237 62 8051 11781 1368 2154 4577 5046 471 7998 4470 4699 7227 7666 11404 11522 5240 6395 4325 6784 10299 10725 3598 7303 8213 11765 6862 9296 5999 6507 5230 7903 8113 1452 2313 9792 7832 11348 1303 10325 5871 12255 4159 6526 7931 7510 10815 5336 8185 10341 472 3762 1508 2600 9803 12030 12679 856 6262 6566 9473 7170 11610 6393 8094 12561 12016 12664 5763 6809 8169 10447 9043 10854 12709 2854 3173 3237 10758 11369 9063 10535 1156 12328 553 8903 1415 1933 10450 1828 4358 30 3642 5208 6208 7009 7598 9501 10721 5251 11161 1358 2915 3245 9573 3422 9332 311 3686 2502 7715 491 573 6685 4784 5676 1064 8821 1018 7163 7512 7106 11170 4883 5283 1026 9771 10556 11802 7004 7601 1292 10647 4727 9878 5115 6929 4874 7070 7094 4001 8939 4059 5781 4722 11418 5014 12058 9337 12216 6588 7833 4887 11106 2920 12187 7238 7987 10228 3481 7380 8070 8135 8467 1074 7872 11955 4213 11098 4867 5759 1161 5390 5085 7862 9139 11420 1652 9077 712 2749 6901 1922 3204 10364 1964 10179 12349 2536 9009 4460 11958 8073 9342 7604 8594 9880 2238 8799 9134 12223 428 2158 862 5253 6367 6966 3039 8215 1633 1919 11070 1104 2338 3036 4564 7973 8901 10224 1012 10359 4843 5711 10598 462 4188 9492 813 7044 9070 2128 4408 11815 12146 10012 12396 1421 1871 7461 2262 6086 2519 7709 7448 10218 2416 3444 4641 7125 12529 12751 385 7789 1602 7822 3571 6657 12028 12104 3298 7871 4861 12375 8245 12757 11177 12346 7026 8468 7162 11863 1037 11928 6169 10436 1792 5891 8884 4703 8391 7311 10294 580 10643 11469 92 9374 7077 9606 8708 10793 1234 3168 4099 12767 4432 7860 12835 3375 8940 4473 7503 13245 6739 10863 7993 9392 5514 10391 1137 1474 7257 8842 2210 5212 4098 7478 9293 7373 11970 13030 10119 13446 2040 2134 4778 5262 6540 6607 12507 421 5675 8762 1141 1948 8673 1641 2933 3791 1682 7770 10604 12815 1808 6556 11985 7757 11875 1926 4384 11132 2829 8237 961 6828 3150 11949 12242 614 3596 4439 5134 10514 5715 6213 4350 10597 9146 11293 
6410 13216 
6604 9561 11729 8814 12957 13027 6687 13089 13407 
3465 10189 3962 8365 4379 7758 6094 13159 1386 5310 5665 6545 8647 20 5437 133 10001 1369 9773 1437 6955 7080 7828 10141 2400 4902 10657 6225 9624 6338 11721 407 729 5953 9319 11389 7805 12033 1592 6543 6746 6802 7593 13291 9426 12035 1178 9685 208 2941 12649 12818 8601 11053 1007 4091 1286 12002 329 3162 1131 10069 3503 9163 13040 4646 7656 5052 6081 6714 4025 6855 10126 636 1044 9796 2355 8225 9216 11015 5374 8862 304 12586 3938 5024 6409 4789 7759 2922 8494 7435 11551 7290 8791 11198 12465 9140 12928 
6815 
6839 13067 13379 72 13333 
7036 12857 13078 
3365 6843 1367 4749 1262 4129 5912 6732 6519 7391 4397 7045 6035 12196 1316 7694 1252 4625 6296 9980 3016 9786 185 1384 2243 9372 2873 12074 12271 6435 10331 1431 11307 3295 6571 10548 13389 4858 6915 1840 5716 3069 11060 7646 11650 5803 7846 7857 7774 8945 322 5605 5986 9318 1945 3789 7534 9813 2361 4916 9383 12547 1365 6254 1723 8653 1451 3841 4501 7873 5933 13163 8576 11189 8300 13537 4020 8812 4249 6863 7571 11450 1132 2180 13441 8132 13008 5652 8880 3603 11380 2036 8195 3203 3414 11442 12220 487 4908 200 601 1144 9291 1866 2120 12123 12376 871 3003 11242 5299 8899 3008 7771 5086 5220 11319 3256 7756 4579 8714 5595 7896 12037 4087 9440 6211 11306 3332 9695 10172 13225 651 12401 1813 2298 3384 5357 5418 5950 6170 9075 11974 2108 7293 2352 11429 148 6029 3022 9706 3534 8247 11071 770 6130 1788 8551 1151 1524 1620 10187 4875 6268 5435 5780 5000 8285 6498 7971 5127 12764 321 6483 7272 4346 10506 1668 8167 2880 10674 11936 2959 6470 10368 693 10846 1558 6957 1472 6738 10108 7172 7529 10215 9874 10197 5266 12326 1153 7893 12773 4712 6403 6890 11102 4972 10596 2507 11506 839 7159 4117 4503 4569 2805 3563 8713 9865 4147 9423 4156 12327 5760 10760 5714 12234 2367 12715 445 7623 4468 11784 5832 9329 169 5906 4698 11740 2065 9119 12312 5011 7266 7696 7797 8796 875 11643 1138 2031 2882 6067 1711 3140 1495 7552 11074 12591 3975 5783 6362 7099 12530 1394 10762 8679 9181 261 9187 7165 11809 8474 12239 896 1606 8773 3049 12609 3553 7480 1895 3662 3622 4945 7021 1885 7703 4167 8227 6235 10016 3412 10654 11594 481 5416 9539 7784 8457 4442 12601 5603 7618 10940 397 1732 5980 8766 11639 2029 8342 8276 10076 2129 9461 11605 11753 12569 985 5260 5337 9167 2897 9985 608 12339 1651 2978 9749 11279 1481 6858 3505 5396 6033 5671 7941 11952 2532 5181 3231 9831 3057 7442 2549 3404 9242 11661 1061 8680 11716 1930 3126 1354 2899 9910 2680 3323 1870 4233 443 5479 8533 11663 254 9271 11105 4714 11423 4305 11964 2591 4872 4955 6112 6945 1694 6074 5529 5712 5488 12086 1643 12103 3357 3703 4061 6764 12054 438 11347 7199 9879 3109 8681 909 7790 9678 3333 5278 10939 6034 11563 12550 878 5790 6160 8039 11280 6083 12468 236 10422 11100 1550 4331 5517 1030 6297 9456 2926 12292 10329 11116 12250 12725 703 8473 7146 11560 138 8811 4594 4979 10717 7403 9164 865 7441 10158 12754 1063 3825 9734 11623 
3941 12915 12973 7111 12983 6308 13116 
7122 
7136 
7350 10505 
7462 
7476 13199 13429 
7489 
7490 12839 13195 
1647 13076 13100 7651 13276 
7707 13174 13444 
7711 
5203 13034 7863 13277 13508 12568 12965 
7923 
904 1055 9209 8874 9750 2597 11823 11920 9552 12133 9984 10634 4604 4747 5465 5903 7928 1530 7559 9478 9937 5261 8021 10399 11133 1579 6508 9782 5214 6107 10216 3165 4206 4548 2186 6673 10981 11608 5443 11548 135 7177 1852 6577 269 1535 288 8466 10312 2214 7030 7471 2162 11682 3602 9735 1256 2428 555 11534 12891 1209 5360 6345 2149 3461 10131 10539 1422 11007 3949 10433 10456 399 2249 8854 10619 1346 1503 9424 12960 3513 4430 591 4903 1040 5777 2973 12712 10592 12304 476 5286 7100 12562 7035 12652 5823 6683 2173 8915 10718 11797 972 6264 1787 7445 5754 6941 8295 8525 2718 8082 6178 7564 10293 1588 3819 8482 8602 11997 1805 2296 3474 8498 2037 10991 4067 11864 4375 7815 4732 8078 10015 8572 9251 10095 11839 2771 5791 7029 5347 6517 604 11011 853 9981 3928 10956 8209 12227 7525 10400 9109 10512 12331 12718 558 2774 9324 3655 12739 1147 4030 9714 11445 1277 12296 732 10165 4510 11993 12478 12655 572 9528 5615 7468 94 6561 3552 4655 1182 10297 1785 11164 11431 725 11599 831 3514 10709 5346 7324 8471 11640 2666 10559 3866 7584 4821 11723 8514 12796 4962 8129 6520 11097 574 3679 8327 8870 2436 5612 10527 6490 7437 4133 4791 9701 4134 5126 5927 9253 2843 8808 8488 10894 4706 10953 10477 11493 12051 12136 3400 6111 9932 3525 11000 1265 12603 1205 1801 7504 2715 5877 2751 6750 7743 11175 11588 12571 4251 4393 12118 2394 9954 17 2812 2472 4674 2497 8116 199 10317 908 5579 2981 9862 3768 4237 1944 5602 12287 4683 6997 3289 3876 5857 9533 4040 6513 386 5163 6684 9941 11227 8049 12392 323 8868 5219 10336 358 2482 1102 11261 6699 9814 1308 7131 3682 5169 423 2719 13325 8017 10374 12372 3271 12473 1213 6234 2659 5419 7032 5884 10244 3567 6549 2242 12147 7283 7535 8098 13364 8792 9066 1994 3726 8103 8335 627 9221 5914 11715 10904 11241 1720 11675 3862 9668 1120 8375 13244 3114 3588 2918 7096 6574 7057 11926 8120 9262 10769 11192 398 11314 565 6725 499 7327 10814 2335 8270 3080 11837 3182 11269 5577 13455 3439 9957 2426 8689 3244 7884 4939 6386 6570 13563 3620 12849 3081 6743 4566 8655 10137 10911 
8107 12868 13261 
8234 13047 13368 
1713 7657 974 1918 10088 2795 7366 11501 1793 4849 12336 2113 8128 9732 10050 2594 10884 3874 6303 12981 7033 7957 9158 10280 8770 12019 1779 6869 6378 7127 12185 1162 1774 5640 817 3528 4095 4276 4715 5370 6989 10414 12414 10301 13322 3106 8663 5265 8674 11055 7072 8845 2148 7049 296 9623 7262 11801 101 3410 6091 4304 10084 1350 6859 7090 6845 8825 13004 8406 11251 501 5375 11601 3993 12177 13522 2356 12439 7645 13556 7684 10581 395 1957 2553 331 4094 281 866 743 12365 9823 12137 1467 11483 1186 2796 11794 1446 6419 12149 709 4392 9444 7731 11574 2747 4259 10909 11243 4626 12416 4678 10099 12667 5620 11010 2092 10980 6109 8356 6653 8759 9781 669 8548 11616 844 6827 1739 8409 3533 11617 12117 4648 10984 4694 8562 9447 12766 5841 5885 10443 6021 9044 3671 12549 5600 6092 10161 12807 6200 8906 3759 8314 9476 513 1391 2274 11185 12032 861 1140 2942 3989 1306 10071 6075 7073 6710 12661 537 7897 5466 9196 7466 7484 2012 8012 4636 13558 6004 9054 756 12129 12977 1291 10387 2912 7298 4997 11840 5075 5742 4042 9952 7741 11370 8725 12254 13151 8497 11979 4360 8967 9157 13192 6 3312 13459 2923 8197 4441 8385 12962 3164 6042 1333 9583 10160 6293 6670 697 6521 1658 7374 1666 9626 12508 12771 12809 2441 6353 4792 8417 2838 3806 2231 9097 47 10630 11703 1585 11746 3774 10204 2181 7927 5993 6578 3957 7279 11654 13310 2938 4263 2786 6444 4301 8485 5015 9739 9817 11205 12611 5970 7539 9920 2706 9630 12886 368 10063 5105 5920 3242 9947 10251 991 5002 4074 11919 12026 12686 3612 8378 3942 7868 6154 6982 8778 3483 6878 7216 10715 111 2878 6453 3319 4110 9724 3732 6134 7309 11288 4448 6716 8827 8238 10257 764 7926 3197 7603 8080 310 8731 416 7705 1428 4984 326 3901 12434 2094 5682 2905 8934 11033 2184 5565 3048 12165 43 10003 12158 720 11291 1702 3837 6847 3887 6420 9204 4733 6818 12729 7513 8330 5997 12303 4146 9191 2626 10067 1809 11075 7295 12623 8117 10406 4524 10125 4825 9162 9407 11156 6555 11741 8709 10865 11158 1891 4228 5732 8648 4507 7874 10925 12036 835 8635 8928 12786 2054 3405 9405 1112 8921 96 1283 342 10519 2927 5606 3747 6695 4543 6787 12426 5257 12732 870 8983 7698 8301 2512 5825 9574 10375 5772 10151 209 10205 3397 10771 1148 5629 1457 2856 424 9462 2466 5296 9409 5900 11585 4365 6492 5420 7325 4031 6775 8387 9460 2611 7506 5852 7548 9791 2336 4013 890 3413 190 4538 5254 7486 13511 4398 12454 2742 5726 2168 7473 907 8520 6613 10004 373 5651 377 2309 2501 3099 12598 6073 12727 13477 2665 10787 3639 6825 5033 11778 5660 8235 2380 9299 2310 10279 149 6329 6806 1839 8640 13051 
1534 2439 8598 2251 3161 9284 12705 1453 7292 3973 5539 5048 7948 1488 4808 2334 12435 7689 10241 11742 2807 3543 4245 6729 5794 11229 9506 11240 738 4748 9520 9818 10933 328 1326 1281 3141 3046 3272 4649 8872 4048 10168 515 2813 7538 6610 9719 10750 2424 5526 4005 7945 1359 3610 1610 1862 6773 8161 4302 5627 6121 6748 8976 9351 2329 6986 8848 11677 2909 3071 7258 8707 10017 6744 7244 7792 10186 771 1089 10306 2832 11878 7930 8109 5412 8376 284 6994 1755 10655 3275 10585 5800 6255 10696 8220 10521 12125 3030 7453 7317 10089 12768 9011 12320 912 9198 3092 8675 5807 8199 8963 9589 4142 12017 4423 10130 3087 5424 9071 8553 11759 2204 3434 12366 5591 11342 7692 7943 11146 449 12607 426 11870 183 640 9590 10421 683 7425 10985 12183 4734 6594 12334 121 290 560 7523 7605 12566 959 2003 2311 9274 4369 8359 2974 4363 2082 6069 8930 11223 4100 8833 12161 11203 12687 3954 5001 1116 5757 4412 6011 3487 9136 10383 1912 9805 10946 7985 11909 1440 11598 10249 11701 1038 8802 5472 11385 6186 12521 8753 12736 129 9536 6709 11166 4812 6344 9731 5256 11932 6690 12197 3143 12853 287 917 2187 4885 7720 12646 776 1445 2008 5130 8612 1056 12409 12597 2642 6598 1393 4835 1057 11734 3999 6232 3486 12862 12014 13212 7410 9983 9062 11263 7278 9305 6195 7965 8818 9210 10508 6722 11393 915 2041 2965 3199 3621 12866 13415 8255 9365 98 5833 2479 8740 13133 10763 11764 13039 795 9396 759 9544 3462 12191 2290 7002 1169 9064 6197 13530 6599 10362 6193 8147 2194 11428 12284 244 3914 620 12009 4315 7168 36 2357 2943 7372 4348 9434 10059 6306 6822 8304 11222 70 3261 8516 3945 9124 10156 1427 8395 1999 3349 5213 9154 10232 13091 10258 10609 2936 9586 1430 9972 12437 2752 7591 7421 8510 6991 12453 3208 3856 5003 804 3006 8418 1714 6742 3251 8817 4066 10685 
8369 
8426 
9047 13183 13275 
9099 
411 1584 13552 2573 4022 13227 9170 13265 9519 13020 13230 10036 13506 
9429 13286 1130 13013 13453 
9504 
375 10970 5501 9598 7562 9203 5096 12120 5854 10043 13136 280 3953 5387 12797 3019 11047 11080 1545 3933 10313 10752 12411 4557 10445 10688 5183 5567 11368 1344 9621 12470 986 4618 2264 3015 4929 6530 10277 3489 13267 8588 12475 8953 10617 11526 1770 8454 11424 4644 8672 5007 5811 2076 12799 2090 5193 2127 2734 523 3243 12610 10199 11656 2950 7315 4141 8272 4530 13232 13402 3345 5778 3722 4880 13186 906 6737 1853 3855 516 7621 12519 3179 3273 13430 4078 4119 7649 11994 6247 12024 2924 10372 551 2342 3972 2841 12762 12987 4695 6445 3960 4200 4180 5333 820 4063 9142 12309 1243 8194 106 4464 9917 12332 4072 8973 586 3246 4308 6283 7549 6140 8507 496 5584 6532 10912 67 7639 4606 7799 2493 8318 728 6771 13218 6114 9968 872 3664 11580 2586 7424 8929 10703 3309 3498 5475 5433 12096 5859 8462 1052 13221 1529 7556 3059 9672 3760 5520 1076 5159 3437 9553 5748 9384 10706 717 4814 9568 3891 5114 4381 8090 7647 8556 4697 9241 8852 10893 941 4738 12678 5327 10739 8265 9537 40 11543 2810 7085 11860 1441 7737 1734 4388 6450 11378 1863 7794 430 11846 12404 1003 2139 132 10831 12218 1371 4541 6935 8887 11977 5527 10935 6041 7522 5034 7416 7917 7197 10955 8382 12042 4014 7053 5542 6919 8303 4755 5592 7744 9641 11249 10923 12432 7389 8258 7913 9297 957 10178 10998 9065 12157 93 2667 2317 8434 4356 9602 2688 7680 1190 4551 556 8366 5661 5981 6805 10105 11805 12316 4837 7352 1458 8844 12277 150 10428 6204 6238 6082 9538 1270 1750 2569 10723 9891 11031 519 8325 607 6644 6015 10776 9150 11992 8203 11744 10163 12442 4552 11407 4924 6999 2043 5451 8348 201 8403 10217 812 9989 7174 10127 9832 12901 1388 9743 6454 7040 9730 6927 13193 2605 10102 8112 13354 349 9884 5973 8608 1656 9674 6385 12428 945 7098 2280 5788 6239 9166 1473 12634 2078 8344 5305 9272 11084 2198 9898 9135 11973 7819 10513 11085 1068 6335 7185 1816 11254 1564 9026 2220 9648 3857 8101 3591 12314 6970 11773 4075 10976 168 7250 11785 7811 11833 4054 4753 4864 7396 10220 11456 1660 2272 9398 4762 6633 9758 10432 1338 7348 12670 359 11363 9130 11737 563 7419 9452 8917 10269 1946 6842 9019 952 6090 
9596 
526 9320 7718 8760 593 6270 2236 11066 2917 8606 3522 12647 5631 5650 4983 13472 4484 8855 10318 4709 7907 10986 6458 12305 12832 7091 10960 6861 10333 7655 12472 569 4561 9263 3990 13406 5502 6062 6954 11191 9798 9897 3180 6609 3215 9653 6694 10566 11838 7990 11136 3984 12724 7691 10652 1296 10785 7235 7358 2100 10875 2330 2935 56 3089 10183 5856 7887 4724 6636 7980 12108 1552 1864 12631 5273 7247 4317 11953 243 5525 354 2826 8736 12353 8142 9037 9571 6402 9261 73 4751 1479 10694 5118 7906 3994 5507 11954 1576 7961 2189 2483 2975 9086 9713 3111 5751 3556 3784 1538 6988 6782 13072 1006 5377 10720 5688 5709 3977 10901 5381 8392 8671 9138 1290 5018 9517 11592 12232 715 4971 3930 7852 5556 6484 4152 8189 1021 1989 7667 9534 15 6460 7336 12997 5844 7714 11984 3963 5804 7628 8772 11465 1348 11130 139 2074 5962 5138 6088 830 1956 9675 3024 10115 9683 11433 2034 4451 9979 12424 6006 13327 26 8677 12230 3871 12477 13038 432 9924 809 1226 5882 10468 5231 7355 10453 3392 10832 4008 4680 11761 554 11502 882 11270 12422 1533 3711 4619 11934 645 4292 3767 5719 8524 747 4489 2209 4079 9051 11094 11392 4970 10580 142 6072 3379 6202 7439 11454 3385 9550 1680 7069 6581 8007 1022 6826 5152 7970 8523 11032 8831 11558 302 1455 4642 13014 3194 3675 8033 8218 971 3888 6682 13443 
9858 13122 13135 
9938 12878 13487 
10055 13450 
240 7196 467 6661 255 5090 7788 2191 9723 3839 5401 4003 5669 9220 7839 11769 12636 2694 6618 3599 4316 216 7253 5664 8711 10746 10900 1285 8898 4216 11044 300 1412 1414 4284 1657 10267 1745 7364 3853 5041 4943 6833 11245 12640 338 2371 4779 5012 2637 9914 7507 8722 700 1963 10129 10648 1752 6509 3343 6576 3648 7344 7838 2244 2294 7661 12260 2206 2984 9603 1444 12012 189 12794 1249 9295 392 3978 4624 5317 10040 7738 11947 1405 7379 2971 10853 3411 6733 7716 819 1589 4036 1678 10335 5621 6210 8414 11272 2051 8184 1742 2406 7201 10792 11683 11453 12317 4841 6535 10346 356 10902 11219 3257 9757 1015 3592 4513 7568 8266 9860 7517 9811 178 3370 9612 7725 10892 8329 9930 1716 12448 3695 4775 2362 2907 6552 6596 1166 8357 10966 5617 8631 6001 10321 5737 6080 9789 10352 12484 4185 6471 8446 11676 740 3903 4220 4192 5922 1563 2068 2730 12001 5930 6702 665 3848 9001 9156 2879 9185 8419 10459 1099 7300 2583 5830 2875 5182 7066 7574 3478 8559 4958 11492 2947 11464 7224 7595 921 5238 9467 9975 2521 9903 7750 8587 2297 6057 5288 7565 7827 8664 230 11709 11350 11871 1635 5894 4105 4793 7754 1773 2743 1159 3727 4226 11062 702 4270 7830 7848 2996 10140 1097 9500 1553 1953 8742 9480 1282 5672 5796 9283 1934 7685 11491 8729 11141 2842 4502 12174 2779 3334 4178 1490 12045 425 4953 9645 3969 6124 8557 2035 8504 1980 8093 10021 3860 12516 10773 12639 542 3009 4615 6207 618 1334 8190 11118 11349 387 1248 2114 539 1921 11515 371 12780 3135 8969 12093 8442 10858 2596 12567 3688 6446 3738 4661 378 1749 4803 5793 1210 8060 9570 218 8733 5102 9845 11020 3817 4813 10184 2949 5255 6133 11317 11325 2900 6696 7491 11982 6852 7724 1955 6755 1158 12027 11813 12160 4429 10363 9151 10837 7474 10528 11777 6315 11798 3810 7668 8166 10426 9738 9837 1823 3792 6317 11365 5564 10424 10807 5936 9321 5537 9822 2756 5598 3223 8586 3672 12501 28 246 2098 9322 8181 12699 534 8377 8558 11426 12620 1909 9997 2552 10149 2237 12774 2104 12700 
10365 
10395 13197 13380 
10510 12975 13107 
10574 12932 13185 
10768 12971 13378 
5467 12824 12829 10819 12851 
6756 10888 13166 13189 
3661 9347 11807 10645 11187 9345 12795 11201 12417 6844 12134 2726 3018 13521 4602 7836 7182 7960 5531 7553 12273 12856 1071 6434 1317 3053 3865 4581 4521 9863 10295 4023 9116 12153 9112 10261 1756 9454 788 3678 11700 643 11842 4212 4477 7867 1591 12466 414 8099 1449 3056 3044 11018 6018 8942 3644 6937 4265 9244 12942 5663 11874 1764 11546 7171 11651 3255 4691 10201 4845 11037 9883 11211 3782 9887 5698 8292 12360 4911 8574 2028 6167 11443 1518 10890 12178 3683 10026 4170 9555 58 7979 120 7280 7028 7742 5307 6236 1200 5442 2461 3904 5767 6301 10461 5147 5594 8501 305 9889 6102 9201 12021 4741 6619 11587 12544 12740 4607 9466 7499 10689 4759 11273 2256 6287 7400 8410 8280 9225 9507 12963 721 4499 389 4043 5750 4046 12674 12833 158 4802 1301 6368 6046 7392 616 2817 7699 5908 6129 12616 2283 12690 4928 5500 6723 11751 3159 11772 4829 8554 10772 5656 11316 210 313 5124 9697 5271 13088 2556 11755 2986 6188 6423 6834 1540 3085 2888 5690 3248 8563 4323 4406 4681 6196 1664 10051 1619 6119 5839 10803 11829 3063 9529 9882 7481 8106 1970 2163 65 3380 12684 5505 6024 1724 5843 7151 11002 2320 4608 11104 494 825 2827 7672 2487 10423 5969 8224 2226 10090 1157 8564 12772 23 235 4394 2110 5819 6553 11122 2578 7849 11364 5994 10862 6361 8668 12985 2640 7733 5384 11157 4083 13148 1728 11400 3206 11980 7110 10914 3144 3250 8754 2992 3772 271 9593 7347 8253 4705 6261 5368 6583 10319 10930 1155 5756 6266 617 6384 11410 846 2023 3065 6885 11834 12015 12141 12175 
10932 
9002 13502 10958 13375 11510 12823 13503 
10968 13514 
109 924 7376 10745 2216 5513 8779 12719 6030 6931 197 11463 1475 5764 4065 9145 12735 12275 12708 266 9762 1965 9368 1351 5752 8083 8489 11096 2269 2903 6899 10463 12606 2679 3908 9740 12063 9609 10316 2704 10907 3166 13395 6366 8863 10759 3702 11308 1230 8287 6162 11981 3320 7447 8919 11147 11720 13112 9223 9334 9876 11195 1631 10008 3778 11035 1938 6465 11912 7519 9951 9619 11262 723 3847 1996 3674 3381 11119 3606 6351 8531 10698 3794 10171 3184 11282 4752 9747 550 3936 2976 3892 2998 9285 3967 4868 2633 10056 10668 774 9307 3388 4183 2931 7596 11135 6854 9200 3898 8089 4383 11687 1013 2369 7210 3900 9509 1311 5017 5386 6810 739 8875 8905 116 7016 9913 7768 8016 10349 4589 4677 11649 3458 12070 1247 3171 5155 11236 5142 12116 2285 6139 248 7977 3296 3455 10116 6824 12192 2778 8850 5924 10825 11439 11474 5543 9074 11607 2267 10896 325 9742 1892 4377 5318 6064 12716 3134 7608 3557 9873 384 1617 11359 4704 6421 1379 2167 2508 4422 7130 6560 8992 4910 9147 1833 6209 9111 12279 2225 3305 6745 10390 12425 279 9227 3050 7430 1991 11415 3263 4576 10515 6143 11190 180 7902 8795 12552 1016 4112 1954 3852 446 11525 3594 10145 10196 7894 10355 130 2084 2868 2464 5004 5132 2011 5382 2893 3176 6407 8495 11127 11277 901 4266 2279 12283 766 4934 1075 2289 3201 3735 4572 8031 8429 6032 12340 4238 8652 3293 9413 7472 11271 7669 7697 4058 12364 1228 10979 1886 3922 8688 8211 9633 2286 5509 6720 8769 11562 1113 4532 2769 7377 212 3838 5563 10967 8693 8966 1287 10389 5158 12663 6058 9023 6622 12595 6298 11508 606 12563 3637 12291 6650 9899 8670 11517 2504 12564 6850 8803 10682 8521 9168 9991 11468 3342 6138 5703 8610 10784 475 2287 2071 7261 8578 9856 11328 11786 7443 7920 762 9385 3555 4840 9113 9946 694 6302 1093 12653 649 3537 2245 12371 3020 12668 6565 9631 50 5890 4946 8358 12875 1781 6998 12481 1600 7160 1041 8775 9117 13253 4657 9756 3027 12624 5301 13054 2462 3205 8990 11828 10323 13213 295 590 9776 2474 7940 1525 8065 6812 9527 6246 10549 4097 12588 3788 10410 6962 7921 9982 11714 4 8328 12358 4964 11645 1114 10466 1611 3185 10517 6766 8424 2081 2494 12407 6603 6976 894 12810 1078 3996 192 3981 568 6655 2062 11202 1004 2133 7966 7976 7012 7908 11461 1127 5269 306 7233 232 8596 10656 1067 1128 6658 12494 1509 4015 4449 7939 1456 9870 2732 5965 3418 5588 785 4863 6794 7060 9566 388 3068 6330 8815 11771 3473 12382 6860 11088 3558 10997 3005 10568 13211 1109 4806 2788 8308 11674 12048 2584 7600 11514 8390 9726 479 2422 7314 1736 7083 12608 1762 5064 420 482 1416 2451 3574 11705 1224 7644 7818 11016 3623 8311 1719 12759 2725 5667 992 5342 2863 13434 4221 12573 12958 3113 4151 8491 11050 3944 7932 147 6159 5140 9464 4536 9331 10532 7635 8380 12666 832 10439 511 2579 8204 9627 222 3715 1760 10918 7526 8399 12517 3382 10779 4118 12838 2052 4498 5731 7095 3905 10754 12837 4998 12896 5133 5506 7935 12138 644 11019 5245 9513 352 7840 11327 605 8662 13110 932 6349 1001 5229 9076 1295 11256 8710 10366 2957 13439 3017 6136 11321 12221 4865 5400 6514 7566 9693 11604 1693 5457 1810 7178 2531 7116 5774 7464 10046 2823 12244 9104 12658 8198 13023 2420 4616 10977 193 5815 1498 6534 3812 5463 8768 251 2699 11719 7209 11541 13281 2314 3497 6348 8347 6726 10429 13119 11006 13246 
11092 
187 10304 1608 3634 3802 10973 11110 3824 7192 6401 6956 9061 10672 2522 4643 4822 10702 5388 5875 3883 5817 2409 11432 5806 8549 7883 7950 7803 12208 1701 12180 2408 4002 3012 4283 2227 5587 12488 12696 3917 10920 13003 940 2373 3228 1218 3148 2083 4334 6582 8685 3923 4045 5829 12937 6000 7781 9024 11756 10612 12363 2374 10767 775 4823 13312 13353 3428 8853 12390 13326 2458 4516 6494 11662 4122 10834 1336 9669 4723 9356 5398 7660 8801 9029 12628 9577 9970 995 9406 12393 6340 7890 8832 9722 10978 9451 10135 1578 10883 1135 8207 2022 3258 3911 3196 11624 4347 6201 6117 10910 10828 12061 1432 3775 9366 1541 4007 1825 3780 1690 8505 8528 859 9554 10233 2696 12633 5010 11762 11987 5021 9235 159 8349 6257 8741 2808 3581 6780 7005 7954 827 8032 8259 10957 6237 9010 4155 6153 6964 11154 5850 8534 117 6128 11040 2567 5910 10881 12193 454 485 2991 11545 502 5047 3835 7433 6166 12166 3758 4215 3573 7321 9388 12205 10867 12025 4009 9498 31 4853 9696 10109 1815 3823 8000 4508 11819 1580 7006 7383 9838 9999 12650 5724 11108 6221 11660 4019 4807 7842 9582 5851 11971 2392 9310 9316 13400 8651 12145 12991 3371 8776 849 2712 6820 10142 10285 8176 8809 792 11537 186 4332 6265 1077 4416 1385 10749 4123 6504 8346 5909 9810 5202 13056 1236 3145 4796 11668 8637 9587 4420 10684 7831 10401 13290 3958 4549 8728 10962 13289 2845 6412 6793 11193 1469 2260 182 791 2270 2797 3770 9069 2849 4918 11626 9189 10603 2911 3877 8030 8393 676 4338 4546 4952 2641 5635 8003 2890 12397 633 2155 10440 12344 11519 11555 2117 2200 4571 10859 13311 5773 6906 8004 10877 661 2602 12685 1340 11552 12500 2144 3366 3535 4982 8010 9556 3082 9502 11910 1426 3419 3718 6817 2661 9068 4120 11706 1352 12112 10536 11117 6027 12130 3712 10475 12056 13150 4593 8445 6374 10343 3752 5104 13492 1238 5427 
11163 
11178 
11188 
11372 
11460 
11496 13299 13313 
3816 5952 13022 13345 9137 11933 13083 7166 11659 12858 11684 12916 13529 2590 11143 13270 
11855 
11888 13377 13551 
12044 
12150 13108 13182 
12351 13043 13130 
12554 13099 13480 
12599 
12792 
12822 
1382 12825 13048 
12826 
12828 
12830 
12831 
409 13181 6212 12834 12910 
12842 
12843 
12844 
12845 
12846 
12847 
12848 
12850 
12852 
12855 
12859 
12542 12861 13513 
12863 
12864 
12869 
12870 
2630 12865 12556 12871 13226 
12872 
12873 
12874 
12876 
12880 
12881 
12882 
12885 
12888 
12889 
12890 
12892 
1627 2979 9155 12893 13266 360 1939 13347 13361 
12894 
12895 
12897 
1264 12899 13516 
12900 
12902 
12904 
12905 
12906 
12907 
12911 
12912 
12913 
12914 
6575 12917 13154 
12918 
12919 
12920 
12921 
12922 
6586 12923 13392 
12924 
12925 
12926 
12927 
12929 
7642 12933 13507 
12935 
12938 
12939 
12940 
12941 
12945 
12946 
12947 
12950 
12952 
12956 
12959 
12961 
12964 
12967 
12972 
12974 
12976 
12980 
12986 
12988 
12989 
12990 
12992 
12993 
12994 
12996 
13001 
13005 
13006 
13007 
13010 
13011 
13012 
13016 
13017 
13025 
13026 
13029 
2541 13032 13180 
13033 
13035 
13036 
13041 
13045 
13046 
13049 
4239 13055 13335 
13059 
13060 
13061 
13062 
13064 
13068 
13069 
2177 13071 13168 
13073 
13074 
13075 
6916 13077 13519 
13079 
13080 
13082 
13084 
13085 
13090 
13094 
13096 
13098 
13102 
13103 
8615 13105 13238 
13109 
13113 
13117 
13120 
13121 
13124 
11602 13125 13231 
13128 
13137 
13138 
2876 13140 
13142 
13144 
13145 
13149 
13152 
13153 
13155 
13156 
13157 
13158 
13160 
13162 
13165 
13167 
13169 
12135 12966 13028 8136 13171 
13172 
13173 
13175 
13176 
13177 
13178 
13184 
13188 
13190 
13194 
13200 
2282 13201 
13203 
13204 
13205 
13208 
13209 
13214 
13217 
13224 
13229 
13233 
13234 
13237 
13240 
13241 
13243 
13247 
13248 
13249 
13250 
13252 
5483 13254 13319 
13255 
13256 
13257 
3766 13258 13470 
13259 
13262 
6411 13263 13362 
13268 
13269 
13271 
13272 
13273 
13279 
13280 
13282 
13292 
13295 
13296 
13297 
13298 
13300 
13302 
13305 
13306 
13307 
13308 
13309 
13315 
13316 
13317 
13318 
13320 
13323 
13328 
13330 
13331 
13332 
7673 13334 13523 
5619 13417 11014 13338 13518 
13339 
13341 
13342 
13346 
13348 
13349 
13350 
13355 
13359 
13360 
13366 
13367 
13370 
13371 
13373 
13381 
13382 
13384 
13385 
13386 
13387 
13388 
13391 
7773 13393 13414 705 13424 
13396 
13397 
439 13431 10327 13403 13554 
13404 
13405 
13410 
13411 
13418 
13419 
13422 
13425 
13427 
13428 
13432 
13435 
13436 
13437 
13438 
13440 
13442 
655 7885 8250 10113 946 10530 3104 4977 1759 6279 8603 12251 3139 8881 9115 9459 10965 12804 6934 8076 250 5356 7459 10305 11324 2550 6875 2803 7088 3277 11043 38 45 10098 3207 7342 11473 3429 9861 623 10808 1174 5533 3846 5440 7994 1047 11395 9183 13555 5232 6120 7218 10726 12482 684 4892 3854 4832 8200 19 6242 680 4623 3297 8622 4162 6736 1646 3650 8102 2000 10615 7578 9635 8277 12746 4132 8519 613 2060 3530 2455 9078 662 11238 2056 7140 1554 6481 4328 8048 434 8177 1654 5106 8484 8573 8993 9192 2281 11725 1908 8239 3568 3631 9994 836 7003 11767 5692 8084 4729 11618 4610 8144 8755 10516 1609 10876 6168 7540 4485 11437 12167 2363 5550 3350 4790 10936 4487 11265 8121 9725 527 10921 6853 6918 2982 9394 4260 8131 8193 11730 2456 6486 11688 11153 11194 237 7018 2057 2702 6418 11966 4038 9355 9918 10214 10255 10287 2562 4663 11641 1312 3292 6946 7361 10219 1917 8656 12908 2988 6199 3154 12374 361 11615 2271 4136 3544 10190 12522 12525 10405 12968 9769 12841 13497 3290 10407 2500 4708 5743 6400 4032 6877 2547 6495 823 1768 12418 880 7234 1872 9967 10404 3755 12903 13196 11159 12369 2015 3868 5197 2402 6537 3417 11387 9560 10595 3773 7343 4017 8644 13283 1758 7630 12089 1754 3920 11131 228 2754 10990 2816 8988 7735 10104 934 6325 4271 10009 2676 13454 
13445 
13447 
13449 
13451 
13456 
13457 
13458 
13460 
13462 
5872 13146 13490 12758 13463 
13464 
13465 
13466 
13468 
13469 
876 13097 6786 13471 13501 
13475 
13476 
13478 
13482 
13483 
13484 
13485 
13486 
13488 
13491 
13493 
13494 
13495 
13498 
13499 
13504 
13505 
13509 
6267 13512 13550 
13517 
13524 
13525 
13527 
13528 
13531 
13533 
13536 
13538 
13540 
13542 
13544 
13545 
13548 
13549 
13553 
13557 
13559 
13560 
13562 
