0 
1 12969 179 8633 13115 9700 13541 807 13365 
35 
57 8264 
72 13333 6839 13067 13379 
131 12854 13210 
385 
448 3452 1028 6734 7812 5949 11739 5164 8309 13278 7769 8913 2460 9704 9658 13285 13372 2047 3427 10700 1879 7614 10123 12691 4092 8324 852 1995 9855 3929 10488 6331 10928 8851 9846 5081 10712 330 11774 204 7043 229 3982 8040 7388 9193 6717 9387 888 9834 10064 11673 6851 11561 3939 6053 4227 13412 12083 12462 1363 4126 4884 2123 7302 3585 4012 6634 4070 8011 2259 3667 8124 3221 10121 1971 8028 5151 8165 9854 10020 10326 1703 12785 1191 2760 2414 9766 3007 10823 3077 10531 4086 11694 1241 3217 6437 5146 5394 8570 11013 2674 8871 12084 1172 4293 5444 3442 6856 7988 5984 12052 1420 9514 3918 10073 1007 3051 2365 3121 1502 5270 6093 10022 7173 9067 13358 2221 8686 5681 13288 7888 8168 11452 1925 8834 9827 9958 11490 4545 5191 6473 10865 4750 7843 12294 88 4783 5181 10173 2937 9685 7775 10141 8233 12190 12600 5706 7186 5968 6100 9371 2978 8789 2323 6602 6955 6718 10657 11145 4327 9690 5725 9101 953 12498 7589 11848 1780 5733 8081 7581 8187 406 5080 5954 4396 12683 7558 10467 594 1434 869 6830 926 3756 11425 886 5027 1149 10942 
521 13081 6654 12879 13481 6097 13187 
561 12984 
876 13097 6786 13471 13501 
1034 
1130 13013 13453 
1197 13018 13242 
1216 
1231 
1264 12899 13516 
1296 
192 12624 4657 6998 1365 6976 4863 13213 9074 12810 2100 5533 9776 10896 6853 11828 2462 3205 3789 5933 1451 6246 7873 9183 5605 8358 295 10323 322 11605 4916 10549 10808 871 11242 1067 5086 9695 11442 5783 8812 1078 12220 2062 3981 1132 11060 2120 7209 2036 5912 11306 12376 2180 13441 3332 10172 13225 8195 8300 13537 232 4501 568 5301 13054 1004 5731 6603 6655 11019 11541 9513 13281 1456 1472 3563 12773 5588 6854 10355 2133 3008 6890 894 12588 7099 7976 4972 7966 9534 5231 6918 770 1788 9318 11437 2805 12547 3414 12530 2361 11753 1495 3505 3841 9383 3662 6858 9394 3854 4832 4971 12804 4346 7159 3622 8457 10368 10785 1009 8193 2056 12418 5000 8239 2000 6875 10175 434 6242 1226 4485 12482 3290 6168 2803 3384 1908 7088 8277 554 6934 3139 6495 3392 11270 4162 12525 432 4008 7459 38 6279 10404 5440 12251 321 7540 11265 934 1759 2754 3417 13454 2676 10009 10595 662 5743 12369 1872 4017 2500 4271 2988 6199 9967 7234 10113 8250 11387 1723 3350 50 4892 7342 3755 13196 6400 8121 7140 12903 3207 11395 3871 12424 45 6006 7885 13014 655 12522 9560 10405 12968 9769 12841 13497 9725 10098 4032 11159 4487 9813 4790 5550 2363 7774 4167 7857 2982 5232 3412 7846 6877 11650 4328 4945 1609 7784 12167 1554 8227 1945 11238 7534 12609 896 8576 11594 5803 9835 11189 5011 8773 9167 8048 9539 10654 527 2547 684 10921 1606 8653 2959 7994 1781 8200 6120 7646 1174 1768 1348 9861 11454 1525 8990 9683 11130 12481 11433 11984 13327 1047 13555 4 6812 590 6330 1989 7940 5890 6860 3020 7336 1109 8815 9566 12668 3027 4946 12358 9756 11674 12875 388 5018 3558 10410 8693 10759 212 9631 4806 5510 9020 11771 3184 10171 12275 5220 11319 1228 4910 1886 8547 10979 6850 10056 1617 6031 6560 3606 6064 3050 4422 606 3637 5158 6650 12291 3388 7261 7596 9111 9991 2931 4752 774 9200 11508 11517 3905 10779 12837 4118 10754 12838 5506 12138 222 4498 3382 5342 7935 785 3996 6794 9527 4964 10656 3003 7095 8596 6565 6720 2788 8863 11645 1127 4015 5543 2286 10967 3537 7012 4868 10698 9747 11102 11135 5924 8531 3418 11461 694 9870 7443 12087 7934 9949 12192 10668 11687 2267 8713 11474 1287 7908 12048 1509 1760 2052 5133 6658 7060 7921 11714 12494 3788 11308 13395 306 3794 1810 7932 644 4536 7233 7939 1736 10918 4087 6159 8899 1762 1833 9873 147 3944 180 3715 6209 1128 5269 7430 9147 5965 7526 2704 10907 1600 1956 3963 1006 2474 1455 3385 3977 9550 5804 11465 142 4642 10580 6072 13038 429 2975 2577 5392 9924 26 715 651 5882 809 2635 2015 9679 3846 8603 9078 645 3767 3068 4724 823 3930 6484 9459 10965 623 8524 2455 5107 8881 10615 882 9075 3024 12422 1021 8189 7439 10468 8065 8677 9675 4970 8945 8772 11934 1533 7331 15 2209 3171 10183 12406 2419 4680 10832 11761 10305 10753 11362 2002 11467 2935 9576 5856 12108 5138 6088 1290 5556 7358 9113 3473 9726 5844 6173 6636 7980 2074 7887 7977 12653 8247 12371 5259 8217 6422 8389 3908 5155 5962 7235 1093 10875 830 10115 8308 9946 649 11236 6460 8392 7714 7852 9713 11136 139 1143 1033 8790 3607 8894 9559 444 11795 5650 8606 9656 5381 10720 2112 6270 7975 9653 8837 11592 2291 5331 3043 5630 3455 5719 10270 3992 5722 3124 3391 6365 10983 2403 6480 6831 7293 8230 5643 10286 5883 8726 10320 2137 4124 11502 10053 10276 10593 11115 354 3379 4489 10901 4619 6202 1515 6988 9086 7628 12477 6782 13072 
1382 12825 13048 
1430 
1444 6124 1921 5182 9452 2114 3738 2280 5788 10267 3246 4072 2220 10739 539 1745 9903 230 4185 5617 5737 11709 7098 7917 12012 7397 8357 6919 9692 5474 5756 2481 3748 8042 7522 9868 5527 9884 6801 11833 7416 12670 216 10842 164 7838 2521 9467 11134 1563 6701 1248 2771 6509 7491 12780 5238 8559 2244 10722 2637 8664 7253 9975 349 5542 12484 7507 12042 1166 8898 2850 4775 8631 10321 1480 6280 8274 12761 300 1414 2297 3848 9500 11515 1210 7319 2900 11025 324 5575 3638 5973 8269 4241 6104 2984 10000 1097 7565 4958 7595 8166 11492 2807 11229 12419 1270 3119 3223 2756 3648 6057 8587 1880 5090 5598 5401 11245 921 8558 8377 11816 7055 10994 2016 4306 5303 632 6048 9059 12594 3478 3779 3672 11464 7886 9455 1115 10902 1934 11491 1285 12264 773 3210 1798 6399 6001 8382 166 10912 10966 11350 4014 7197 8303 5686 10955 2970 5037 1412 6080 12404 4541 12640 3953 5592 9641 7794 9615 1863 8188 467 6833 8348 9273 2486 7900 6343 10023 933 4943 240 8722 9723 4666 7243 1657 9914 700 10129 3030 5041 4388 6569 771 10186 5597 6375 2132 6994 3664 4924 4551 4552 1963 6450 5183 12218 3541 8221 3853 6661 6882 9772 6532 10648 2386 10655 1749 9570 5793 10426 9151 9738 307 4611 4803 6883 7344 4174 6576 218 12636 5451 6999 10837 1158 2606 5554 1955 9837 8463 10005 466 6696 2191 3032 7093 4847 7153 3482 5322 9853 11813 12027 2146 12277 4027 6852 7737 9689 4429 8763 7609 11259 6755 12551 201 8181 4662 8720 11956 12168 10292 12489 3839 7788 4054 7827 1371 10998 4308 10217 7196 11378 519 998 11419 5981 7549 1458 2648 1284 6363 8226 496 4755 5584 7053 12316 585 5034 1865 11982 618 6808 4697 11805 7724 10105 10363 6283 7913 9065 5622 11871 
411 1584 13265 
360 1939 1627 12890 2979 13266 13361 9155 12893 
1683 13287 13526 
1777 
1974 13065 13223 
167 10174 12100 4685 4769 6648 470 4378 1381 7995 1102 7495 11175 11588 3726 8792 6234 8103 1485 10563 627 11715 4898 9932 10533 10904 4871 6025 2489 5633 7726 1308 2545 5169 6497 6244 7505 11241 9552 13364 950 3454 11142 5397 10764 9218 10631 7245 7497 2551 4830 5928 9471 442 2530 8456 9728 735 2203 3259 11586 1994 2001 1484 12337 12452 145 4817 637 5153 7283 8098 4894 11536 13118 11632 12476 5944 11847 2394 2812 4674 9209 9984 3271 3682 5219 12722 1213 5884 7535 3567 10374 10086 10634 1147 11920 2497 8116 12473 12571 8017 12372 2242 13325 541 10155 660 2757 5519 7263 4671 5160 5947 11210 814 8321 8179 8496 10148 11213 10252 12955 1519 11114 6485 12930 628 6750 5784 6836 10347 2597 2719 4580 9549 10265 12147 1175 7778 8995 1979 7189 12714 2470 3480 6549 8361 10525 9066 12315 3507 11097 10623 12535 173 12222 887 3986 1318 8634 2811 9748 5699 10680 858 2728 4647 8014 7148 9102 1208 2715 5914 10094 3988 11824 11000 11520 5419 5877 7275 10244 6684 10132 1121 8514 2659 4096 5842 1998 4852 4321 8794 4522 6959 9812 3186 8658 8924 12621 11590 12790 5498 6621 8999 9340 919 12053 6922 12071 157 8868 3866 5893 11227 4182 7058 11045 11790 199 323 11823 423 1944 5602 11061 5579 7656 2934 5376 5857 11723 386 8049 9941 2629 3781 2650 7446 2322 7068 11247 5391 7387 9710 7360 10552 2366 8059 5723 6078 7531 297 7542 9415 6084 8751 6645 10695 351 9403 8231 10811 1801 12276 1629 2523 7128 7316 8029 9809 11782 9221 12088 12403 1789 3367 7865 413 6715 415 10334 6792 7963 10560 1443 3123 7504 9475 3579 3645 4555 4990 12076 4204 5298 6111 9682 13 7488 1268 6359 6790 7743 10941 5590 8134 8739 12710 5918 12195 5548 9148 3079 10019 9845 11539 937 12707 6961 10411 731 11434 5084 12107 
2177 13071 13168 
2254 
2294 
2541 13032 13180 
2584 
2607 
2734 
2876 13140 13249 
2212 3088 7154 7686 10948 5115 11163 2527 8575 3654 6424 3997 7156 3311 4075 3966 8816 7297 9643 727 1193 3294 7102 3707 11986 2377 11329 6318 8180 3608 8486 810 3593 9474 11634 12113 1343 9764 3023 5888 5511 7023 483 2176 1229 11414 2881 7829 8584 3968 5101 5198 8694 2033 7105 7791 9053 11228 303 10526 383 1864 4921 7985 1479 12631 2995 7509 10926 1650 2601 4751 6203 759 10362 10694 2826 5256 6326 10249 11166 5273 8750 5583 7906 6194 6977 7064 6838 9567 1552 10782 9652 12800 1680 3711 7247 9051 11094 12443 3062 8455 3111 5961 3677 9352 12232 5751 10649 5709 12590 1687 3288 5502 474 5647 2189 7942 944 7629 2783 6286 6397 3331 8035 3668 5887 4208 4605 5116 6967 11873 486 8824 11685 3632 5287 9057 9830 1233 9138 5846 11950 5507 11954 1499 4232 1247 6462 8838 2136 10816 3529 10200 4235 6187 2652 7289 10504 576 7067 11173 11446 1054 5031 9526 2211 12430 2930 3450 4493 8883 12011 9869 11689 911 5649 1571 2302 9680 2777 10034 3935 4062 4505 8933 942 1544 5935 8646 11899 3133 12044 7602 8829 12285 461 11304 4255 8957 2276 2792 2964 10610 12813 4299 8876 9411 3034 5020 11004 12388 1090 8869 3132 11221 8013 10599 3517 10284 6108 6536 8244 11313 1572 4246 6527 12068 1134 6528 5868 9849 10310 7524 11844 8322 10999 2411 8020 6148 6666 5960 7583 5499 9214 11054 2928 10839 679 4052 6371 7237 10810 4035 6404 10824 80 8922 4991 6139 7674 2215 6321 4799 6045 10666 6110 10638 248 8779 12574 7632 11137 9647 9745 641 877 9857 583 2454 5749 5976 8047 10298 8962 9280 
3115 12836 13496 
3304 13303 13416 
3307 
3313 
3545 
3550 8317 
3565 12909 12979 
2168 12454 209 2466 10279 2742 10205 835 10771 2309 2512 3413 4538 6695 5254 7486 8765 10151 12518 424 890 1095 3397 2856 11026 1839 8640 13051 3639 10004 6825 9462 4365 10625 5629 10388 339 2611 4746 6775 6503 7861 1148 7506 190 4398 7473 781 4013 8387 4560 9353 2336 9460 6004 6075 6653 7897 1457 10787 7466 8012 12977 1739 5885 6492 7741 5600 7073 11697 12528 3989 6109 8759 7309 9794 3483 9781 10661 2380 5606 377 11288 3887 5997 10375 12165 10003 12434 697 12598 3099 5726 2501 9724 5825 13511 8520 9574 111 907 2878 9204 2706 11205 3958 8728 9158 10280 3874 9920 7539 12981 1779 6670 1658 4301 5970 9630 12886 501 1774 6845 8825 11251 13004 4956 8406 13019 5375 13522 7090 7462 1162 6859 186 4332 5640 10301 5370 12177 7645 13556 4630 11919 2148 3942 764 12727 7033 12019 6073 7374 6303 7657 9623 12185 3319 6293 6521 7366 7926 1350 6989 10414 11178 4392 6378 12336 7262 12414 817 7957 2356 3993 2553 7684 12365 6091 12439 1186 2796 6613 11778 242 2665 8235 4304 10084 5075 7484 10161 12149 11370 12549 149 4095 6806 4715 12807 13322 4276 11801 6329 13477 3671 12032 1140 4636 2912 9157 13192 513 6021 1306 11185 11617 2274 5994 1391 2226 9476 6092 8314 8663 11483 6200 8906 10581 11601 
1889 7401 7712 1942 5477 1324 2005 3951 7048 5929 9933 8140 12132 34 5172 11111 958 2761 1590 2268 6023 11968 2628 3399 8110 12352 1835 6529 9 9962 9237 11260 2784 11125 191 1167 5074 6531 10708 6191 8130 5379 8542 3658 11444 11529 923 5200 4913 10765 3656 10385 4940 12533 3897 5209 8407 9867 10678 3551 10091 3844 8991 12492 10650 11584 742 8251 1304 2619 4135 691 1523 3070 12622 11234 11750 4252 4314 5710 5809 9248 718 1868 3597 9286 1928 8451 316 2529 4438 9314 11233 3724 8891 761 11047 5108 5880 433 8041 9688 1686 3174 8952 9089 11846 1577 2119 3830 8719 11144 5320 6751 4216 9569 338 5351 7710 9258 1830 10058 4771 5012 10561 1730 1854 6292 5187 7200 8761 9596 11368 1741 7042 2194 9479 9516 10033 12171 1043 10870 6544 8371 6712 9417 5125 7313 1309 11727 10963 11907 5 12775 1882 1953 6132 3101 9283 4793 7754 5504 9727 12637 5672 6936 9121 6471 7685 8446 8729 4620 8431 5664 12817 1282 6897 8453 2877 6662 698 4177 10620 6680 9634 9987 1635 12405 174 2477 7738 2859 2939 3519 10006 427 2067 4500 7801 12350 5559 11611 6243 9881 8552 10065 2815 9176 9737 7479 12362 938 4483 3496 11631 4976 10558 5966 11998 7251 11900 5154 6007 695 6548 2653 9419 4256 7037 4158 9905 5521 9481 4855 10162 1832 10373 3595 9099 5042 11390 262 9281 6765 9308 11373 3576 12581 8420 8972 3362 5978 5324 9765 6672 8158 8943 11735 1822 11209 337 1547 6799 9016 3976 7158 503 12062 2588 2701 12225 622 11028 3247 5366 1616 6281 11320 2585 9927 9095 10231 1136 9744 6443 6663 4168 10282 730 7097 3896 12301 11440 11567 11881 
3766 13258 13470 
1224 9595 3134 5667 3674 7314 7119 8311 1379 11705 567 10390 11190 12279 1416 1753 2451 3017 4865 13110 379 10181 77 1996 723 2197 5383 3381 11394 11596 7122 12552 670 8499 2387 13002 13198 2453 11354 2422 7818 4596 7925 7644 10429 86 6726 13119 420 5064 3497 8491 2314 5140 11050 1423 3822 270 3719 4137 7878 3328 3611 7415 7640 10497 11495 2167 4214 11359 5216 5403 11119 24 1631 11262 12425 4656 7502 5408 12318 6502 6969 6642 11366 4143 7205 1613 10083 13058 482 7178 2725 4377 352 7840 3604 12555 4221 11975 12958 8511 10365 1313 7083 2225 3557 5229 992 3623 6002 8885 9450 1001 4772 1719 11604 8374 13228 2851 11855 4704 5318 7608 11720 1892 12573 2863 11327 11006 13434 6348 13246 12 1497 13467 7786 8703 247 1878 8100 8370 9169 396 12781 453 3578 5405 7493 6044 9821 6707 9761 11830 7024 12763 177 543 624 4138 8145 11963 2004 2916 4877 8676 5057 8339 3408 3416 4936 5350 9438 8964 12299 1387 3305 1111 6478 12463 6589 6978 6421 9017 885 3127 384 10812 12210 9908 12286 3799 8133 2518 13461 6921 7183 8222 8345 8384 726 11321 1185 6562 1302 9511 2378 3476 1984 9840 1357 7229 4450 9684 5497 8989 10322 11991 1607 4424 6848 8639 1841 7880 10147 5797 10124 11051 1189 12013 1903 8960 3798 6760 2639 5297 10897 2072 2612 10122 8383 12098 2375 3010 4231 6250 7211 3659 10770 11743 3884 5925 2106 9219 508 5179 9824 347 7326 11996 12139 464 1232 914 5460 3209 5103 964 7215 4978 8566 9815 3893 5445 8830 11129 4357 5207 6947 6993 1417 5518 5185 12602 2307 2967 943 2431 1685 5476 1053 11035 3096 9951 603 1091 3697 6138 4387 10154 3847 5813 10250 6741 9313 2404 8702 1362 3153 3270 6501 4163 7301 7274 9107 249 6996 8018 10419 79 5281 7013 12263 851 2423 1180 3456 11391 10732 11614 2745 5348 10358 7648 12214 3187 8470 12605 12744 340 5414 3850 7281 5735 5889 7527 6061 7494 8734 2764 3448 8798 9207 11281 
3807 
2573 4022 13227 
3777 7222 9486 13357 12703 13474 736 12752 5006 9257 4024 10626 3035 8006 12665 7588 9852 602 6912 5279 11207 10711 11708 2381 5055 2730 10140 2996 10731 6066 6466 5025 11923 1582 8263 1644 3364 7144 13520 7727 9190 4857 11803 2831 4286 13489 4987 6468 9588 12741 2337 10377 3239 5786 8219 2371 8711 5039 9988 3291 8164 2966 7432 12795 7772 10710 69 7051 4818 6876 3308 5770 241 9531 4326 11776 118 4651 4736 8632 4084 9046 10594 90 6950 127 6248 9094 10029 4403 5608 5991 5315 10371 3774 6059 4547 6708 6960 8223 2902 9370 9940 11397 12998 5580 5624 6564 11571 10030 11951 12689 6149 9902 12029 6183 7477 815 1829 8460 11042 3316 10949 1594 2088 8866 2165 6461 5128 5491 12557 8561 8828 898 11698 1071 12134 156 1462 7400 9361 8268 8490 1601 9215 1591 9863 3644 10984 3661 10459 1553 5894 7764 8355 12794 2726 4499 702 8410 9345 2842 3678 1449 9295 2333 7182 13390 14 4046 8280 9507 6222 9562 5531 8820 10222 12273 12856 2801 7553 4602 12963 1464 11619 699 12782 1604 2780 8202 10537 11224 721 11062 12833 1742 10792 4043 4947 3053 12417 3018 13521 1756 10261 11700 788 9347 4068 4856 5866 11637 6844 7836 2564 6681 4743 11471 7675 11862 7734 12109 2762 12163 7682 9256 7307 11948 1778 3047 12241 3906 9364 1036 1710 7135 10545 1773 9116 4226 4502 11201 4876 7155 1042 8895 6841 10314 2306 6176 873 4960 4230 12614 3643 10903 7864 12090 76 1557 1549 2093 1669 2894 10206 3836 7438 6948 12513 955 2263 1681 7721 6322 7345 3369 3749 3803 4209 2389 4194 6305 12728 8205 10107 5411 10311 2388 4034 4731 960 7844 9096 1943 7723 12270 2349 10653 7213 12788 6973 9393 7739 13161 1084 5280 3813 4578 8721 2671 4774 7815 4941 8506 10198 49 4375 6785 8907 12717 10302 11548 12155 3899 11901 6229 9843 8498 10991 7202 8482 9109 5777 6317 7078 10512 1746 10242 7955 8312 4820 5058 2010 6840 10969 2173 8023 6396 8126 10296 10885 1520 3821 2037 4376 2510 11635 1223 2559 4206 7270 4521 8256 11264 1522 1804 2190 1805 7406 8572 1823 2115 5896 3315 10288 3147 3393 328 1119 4114 6379 12031 1575 7147 2944 5071 8865 1751 2393 2989 3460 6417 4518 4948 6487 3796 5243 1851 7161 8692 4371 5983 5546 8450 8879 417 4563 9607 4788 12662 1461 7291 4023 4178 6434 9547 3865 10295 288 4556 1599 2779 5668 7384 2214 3334 12001 3727 11478 12045 6425 10216 2348 7066 5406 9254 9389 1317 10312 5247 7967 9112 6360 12153 410 784 11864 3272 8810 9469 2657 10221 11682 1125 7574 2021 2162 1101 5823 4067 4307 3474 7030 206 5636 10605 10640 4116 5221 372 8240 10283 10718 1775 2980 8459 7891 11538 5655 9129 1824 7450 10735 12243 497 5478 12592 2534 3192 495 7813 1100 10761 132 11580 10241 12423 1737 9373 97 1160 9753 4048 12705 2465 6063 9890 6729 9506 4808 11742 4748 7750 1281 6313 1769 5082 6095 8306 1326 7341 7114 11487 829 10746 3046 12281 682 2396 5540 7382 13264 1146 12238 2405 7191 4055 8544 3433 11779 422 4273 5194 12682 5016 13374 
416 8238 3732 6256 78 4419 5828 10257 1428 2184 4146 9191 3805 4824 7141 1638 5362 278 8421 1597 1848 4210 9091 10690 2905 6847 7986 10096 2837 9807 7052 8417 3197 11748 5659 10835 10972 2626 5415 8464 6907 7798 493 2709 5490 7252 11826 4240 4584 6724 9097 2670 6223 8804 7899 10204 1624 10136 1527 1961 7426 8543 2391 8174 4497 10381 2703 6003 2889 4219 6731 6971 7449 5729 12701 1932 3811 6928 8667 1198 9245 3927 9088 10386 12619 2721 4635 6539 10159 12206 3934 10157 2293 11747 1782 3708 2325 12215 8540 11760 11906 3149 5404 2395 12543 9035 11854 1666 5192 2246 8326 4794 8593 188 1913 225 4533 12209 1254 12040 400 6972 1876 2235 10246 12743 6727 10553 564 11403 1692 1807 2604 5089 4446 8330 7837 8968 1626 9363 2050 5988 4633 11345 5022 6697 4337 9497 1023 8813 899 3526 5077 5902 2495 5078 8411 11212 83 2587 2840 7875 10307 2658 10567 4700 6671 3040 4089 3915 4728 5740 6307 1062 9279 4927 7394 10446 4617 10938 570 7299 4515 8980 11017 11885 7329 7603 3740 11176 342 8841 4228 4588 8648 3765 6134 43 96 4984 720 6420 1283 6453 2927 8921 5565 10519 4597 12694 7616 9965 11531 6821 10614 8526 11298 11441 2105 3586 3137 4467 3451 5585 6814 6469 10027 11556 9535 10210 967 10705 2181 9963 3957 11654 13310 5835 9664 6578 7489 9128 1795 11812 8019 11669 11657 12080 1276 1400 3964 1702 2094 4341 13515 2053 11012 3657 6272 11880 4526 5314 9872 12043 2697 5666 12077 4426 5863 5170 12272 12742 2018 5992 7530 8444 10817 165 2229 8998 6026 8034 10203 11033 4193 9414 3562 10238 6430 10524 9143 10780 6039 11672 4254 11859 9636 11670 3406 7312 4981 7847 8489 10344 56 402 9022 1332 6917 5513 11489 4514 12330 7627 8731 12036 3117 10067 7705 12426 7217 7513 10898 11646 4733 5682 10431 11291 9421 12158 4455 9172 11409 12579 2401 3948 7264 12398 3125 3202 1811 4289 758 10256 3728 9617 2686 7001 7139 7796 8951 6500 12789 1328 8115 3470 11356 11438 
4140 5241 
4150 13409 3757 13352 
4239 13055 13335 
4373 
4410 
4613 7107 5358 9050 3353 7779 4401 9338 1982 5625 12159 4355 12688 5747 9622 552 5911 4701 5560 12119 3858 6098 87 10551 1969 3499 12000 3666 4469 4654 7736 11196 5654 7399 4909 5289 7807 1559 6050 1454 10813 2410 5568 10611 2415 7663 9866 2178 3549 10664 3372 5838 8038 9084 9936 2768 10591 6214 9508 75 5361 198 9287 6643 8077 2627 6277 12307 12095 12572 987 8784 5879 7611 11126 21 125 4310 10248 520 8611 3260 7825 4614 5869 8157 10505 704 4172 6289 6761 7882 10783 536 9045 2885 6488 9341 1314 7434 9369 841 1898 2727 4125 629 11416 6585 7436 11168 5449 9194 4739 10540 12064 2822 12311 7017 7330 905 9993 10627 3490 4490 598 3959 10262 392 3432 4476 11169 2869 5019 10040 1361 10905 4582 10271 12560 6369 11038 895 2673 4896 4343 5168 7498 10775 6563 7806 2417 11183 5538 12645 4021 8402 9382 7465 9557 
4508 
4576 
4643 
4777 
5063 12882 13293 
5079 12883 13009 
5277 13052 13220 
5339 
1074 4546 9069 9494 3718 6412 1661 2890 2144 9502 3082 7780 6817 11519 5398 8183 7660 9556 10109 11040 737 11955 5850 7872 1469 10291 4918 5390 5759 7145 3 3582 6566 7414 7969 2817 11098 4867 6262 676 5910 5373 11555 856 12016 5014 9063 117 1922 2458 9406 9577 4334 4705 4829 6237 8094 8169 4122 11374 4213 10914 8534 12387 2696 10881 1508 3228 10767 4850 8480 9319 4562 7670 990 5385 2847 12252 2299 8944 9267 2260 4338 6793 11486 5399 10013 10135 10834 9522 11420 7641 8764 10364 10471 7380 11662 2155 6128 12216 2845 5635 2641 10737 4935 7086 2223 7722 11421 1123 8003 8030 10744 313 2556 1664 6196 10461 792 12616 1120 2986 2918 5577 1720 9668 6188 11755 9593 11316 5851 6723 2283 5908 6129 12690 5656 6820 9310 12456 1145 3439 10285 2335 11269 13455 3182 11537 13400 940 11154 2373 4045 3244 8554 2344 3419 2744 5372 4801 10142 8741 9024 6000 6257 9316 2392 5010 5724 8176 11551 5024 12397 7781 8809 7842 12145 8651 12991 304 4789 3752 10475 5665 10001 2797 12056 3535 7290 7759 6494 11660 3503 12586 3938 7435 4646 11762 1340 2117 5310 1386 6545 9106 9163 11198 13040 751 4025 1847 8591 9655 2355 8494 1131 5052 329 6081 10126 5346 10069 10317 11926 6855 10738 791 3366 1211 1369 1867 3770 636 4386 8862 6409 8627 362 10376 8483 9140 9796 11090 4243 12392 8225 11015 12465 5953 8072 2922 10917 1044 12680 1238 1426 194 4120 6374 8004 11552 12130 10877 13150 3785 12685 4926 9356 8362 10945 1470 4571 6416 8605 11117 3279 4512 13340 332 6906 8904 12934 1273 13311 1255 5779 7924 6357 8712 661 8601 1286 2914 12649 267 2858 9624 10189 10542 12660 3814 5773 11388 2602 3733 8752 2864 9093 3861 12002 2946 4303 1565 3479 3882 5290 6728 4131 13539 4968 12510 5456 8044 4091 6226 9309 9327 4716 10213 6475 11401 12228 4889 6835 3877 8393 4902 11721 133 7335 6225 11910 6543 8365 6338 6746 1178 3465 9426 11064 3962 12389 12818 4982 8010 10343 11995 547 4379 2200 6094 11053 13159 208 7758 4593 12500 31 6221 465 1352 13329 4009 6027 10859 12112 9303 10263 12657 3706 9068 4853 9955 10378 12982 
5360 
5431 
5553 
5689 
5872 13146 12758 13463 
409 13181 6212 12834 12910 
4358 6685 4784 7512 491 1358 7715 1161 5085 4723 4727 1026 1429 9573 5283 6367 8105 2571 5225 11577 783 1156 9009 2536 8643 2600 3481 9337 2432 7238 12187 3762 4460 5208 10556 1370 7407 1543 7987 4887 8502 8467 10228 30 3245 11802 3039 7653 1933 7077 7601 8113 8882 11161 3206 10359 7699 10087 10613 4883 7004 7246 10717 8185 9803 10319 3642 11106 5871 10325 6507 10815 7009 7070 3931 6784 471 5251 6866 8051 1828 6314 7637 9792 5999 8073 3037 7903 9043 11958 187 10342 10854 1452 2275 12679 6192 7666 9296 10299 12255 9492 9610 4081 4874 2749 5230 8070 12223 874 9077 7227 10725 2920 3204 6809 8135 2154 2238 3646 7455 8477 10179 11582 4169 12709 9669 12343 9061 11988 4641 9401 9663 3709 5165 8767 2382 10856 5959 13042 689 11408 8053 8290 6510 9197 11058 2572 8959 1087 7125 9995 4833 10573 11532 1368 10721 1526 3422 3407 8316 3686 6667 4839 7296 462 9919 1303 7598 4692 9332 9374 11928 4819 10492 5275 7044 6086 9202 10863 6990 7461 8940 11132 12792 141 1792 10643 4099 8877 2519 4473 5228 7993 9277 12767 11937 12449 1234 7860 3150 3375 7503 12835 13245 2262 3991 6231 9070 10391 12142 1137 1168 1064 1871 8708 8842 4432 11386 5514 6739 5212 9709 11969 12753 560 10476 11630 1641 11875 4886 12534 4577 9606 4384 10946 5675 10508 6141 6762 5054 12507 2717 2829 2834 6433 9139 7008 7757 1260 11188 553 5676 7311 5240 8903 9134 3409 4059 9293 6169 11985 813 3512 1808 9110 10635 11171 4188 8512 11472 512 5263 2528 5046 7904 10339 11107 4335 6395 7256 8621 593 2636 7422 6800 7294 3268 4295 312 5428 6783 733 4914 8503 11680 1176 9360 10845 1337 2372 927 9463 10449 112 10044 4412 5065 9210 6195 11323 1814 1948 6232 8237 10383 3809 11309 8757 12615 2210 7478 4098 11230 5653 10070 5849 7373 5461 9177 1763 3601 5030 2921 3487 8438 2570 6101 7965 11203 7560 9171 1181 9136 5907 9412 290 8762 1483 7770 12069 4778 11970 1926 13030 683 4269 6186 10602 7972 12378 816 11503 12738 4812 11455 640 8856 2936 6594 1393 6011 6227 7500 3282 10985 2560 12161 3954 4544 5995 1819 6704 4567 9731 6703 7260 10652 11845 620 10421 5472 12521 5771 7425 8753 11385 1881 8298 3222 10861 1902 4988 6868 11909 970 1576 3495 5258 12760 5429 11810 1556 2645 3083 981 12321 382 11890 11530 11799 1203 4992 12724 7133 7605 11302 12566 7015 7659 10425 11404 426 3527 9434 9073 11427 1465 5946 2994 9422 8748 13343 8137 8186 3921 13129 4622 13147 6472 13111 13274 588 7118 9239 13448 
6266 
6267 13512 13550 
6282 
6284 
6341 11564 
2213 2599 1992 9496 13164 9677 13394 1973 11167 13423 1419 11003 3863 6749 1838 4456 7184 10954 8062 8657 1322 10821 2385 7351 9911 11082 2412 11553 2318 3484 11184 11796 12669 3609 10562 2255 4474 8428 2740 4985 12407 1968 7810 11924 12319 656 724 10518 6506 9465 468 8896 6175 11653 3994 6640 2236 7585 9081 6013 8069 10357 12803 283 892 4395 1330 3627 8769 10517 11514 3347 4382 4944 7718 7104 12022 3635 7577 3005 8737 10568 11088 13211 5848 8332 10133 12778 126 7381 1735 4659 11929 5736 10100 3699 6624 9470 6070 12073 8246 11160 1298 8560 7332 11172 3737 12179 754 8149 6896 8579 1355 1888 12111 5509 8840 2576 5413 8236 13024 12335 13086 1538 8175 3180 11886 3522 10986 6954 12313 3990 8671 13406 5377 5688 9571 2917 9897 4559 6406 8823 10318 9117 12099 4709 7907 4983 13472 526 8760 6458 8855 12832 10566 12305 834 3555 11644 5176 9236 3556 6609 6694 10584 11191 1845 9712 13021 3376 6344 6709 7691 2722 7429 980 6711 7091 3269 13063 6568 6626 6861 9320 10960 140 10243 4702 12943 6062 7961 9798 8142 8736 3984 12472 6402 10333 11953 2261 7487 11066 569 2447 11831 10713 11226 4451 9517 1041 9979 3215 7600 7160 12382 8390 13253 3784 7990 2034 12997 5631 8775 4484 12647 
2680 12148 2999 8700 4305 7076 7071 11663 138 7113 3596 4439 2906 4267 7654 8843 5544 8437 9910 11030 729 9189 2166 7241 8426 11626 1108 2591 3357 1342 10007 706 1088 3826 5623 2818 8320 10025 10760 257 2993 11784 3531 6889 10057 12327 961 8468 2040 5262 2134 9329 5891 6828 3791 8673 10119 13446 421 1141 452 11383 10604 12815 1037 1682 12242 3168 6556 7998 348 1030 4897 4397 7391 5459 7163 4184 8793 1421 8884 12346 865 1154 6615 8787 11957 1048 1377 4718 5963 8932 4550 6228 862 5670 5730 9206 5720 8629 11815 12375 4912 11972 9828 11389 407 11768 633 786 7805 39 3188 11193 5091 5374 5878 10227 8026 11535 3329 8758 1138 9771 1633 2185 10450 4996 9350 1292 11399 103 1481 4698 2678 2720 2933 7365 9886 2031 5715 7026 10436 3140 11074 9901 10608 217 5678 10397 2332 4574 8216 9691 169 5716 11863 3337 6035 1345 5097 2663 4842 7390 7403 8880 11450 7789 11949 2882 9164 10647 7162 8391 580 11174 1732 3281 7599 6033 11469 5906 11597 6208 6213 9442 10793 1840 4585 6657 7257 875 12460 1018 4703 573 1415 8821 92 12104 1602 7974 3571 8245 3295 3322 7822 12028 4350 5134 4051 7266 10597 6540 6607 7146 11623 6362 8473 2418 11307 4858 6915 5517 6067 487 6519 6296 7756 9786 3016 9990 11560 3880 11290 601 6435 614 4147 3975 10596 4249 6863 9181 5986 10762 3203 7771 7441 9423 200 2084 3256 6403 4449 11202 839 7021 1895 8975 4383 9865 2507 8474 9461 12239 1394 10215 12591 2732 6254 6732 7165 7896 8714 6945 10820 12399 1122 8201 3705 12339 1061 4468 2862 11423 12715 2027 4872 9184 12779 4233 7579 10514 2899 3323 8811 1711 4594 4061 5695 11347 11964 3703 11550 353 3066 2150 6807 879 12058 2687 5278 4761 12054 4331 9456 4156 10939 5628 9879 7199 7790 6297 10598 5881 8267 9578 261 3333 6764 10836 9187 10158 1550 7571 1870 10329 3069 11293 3049 4020 9146 2065 5652 7552 6837 7480 8132 10016 11740 13008 3553 11643 9119 11809 
6380 
2430 4782 5657 10618 642 9153 3464 10622 4354 9598 1163 9864 9357 10043 9966 10075 5501 11080 1065 9621 12470 551 1545 2342 2264 3015 5096 10313 11424 1770 9229 5853 10185 1201 9315 6902 7175 768 9250 12580 1266 4203 750 5189 2963 9657 1985 12106 280 8649 1595 2208 5233 5586 2384 8386 8849 973 5117 9894 10752 1344 4366 646 4557 7554 275 12708 916 9368 5764 6700 9666 11096 266 7376 3523 12380 3838 6351 5236 11562 9876 9982 2494 3185 350 7320 7346 1978 3320 10997 336 1177 1747 2625 137 2855 708 10403 7783 10872 3660 7130 4725 5453 9899 1310 6118 7385 9041 227 5943 1436 10557 745 6803 7992 1107 8252 1389 7214 11707 1448 10826 1907 2241 948 4268 4859 6040 8717 9871 11079 4279 7393 11248 2272 6413 9445 4967 7340 2368 8636 529 8619 1861 10041 2729 4773 4831 8449 5870 6090 10072 2806 2884 10138 3326 11456 4189 8086 1486 5369 2445 12355 2952 9259 4405 8860 1733 9346 2511 4565 3283 7567 8465 10639 1086 4726 7254 9418 8425 12274 1011 4890 6952 7688 5242 6463 5915 9343 3790 5098 5407 10153 6388 9019 6777 12558 6842 12411 2096 5204 1425 6558 11480 2557 7467 2087 12735 3158 3438 4444 4721 11603 8002 8522 12198 12593 27 6079 9021 3980 8287 8618 9264 8521 12256 1401 6405 7396 8659 1521 6745 1085 9232 238 9491 1274 11965 282 3025 418 5599 10269 10935 7250 10432 4128 11664 657 6706 5448 10629 2252 11179 2574 7760 10352 5728 9130 2122 2508 12564 1914 11579 2081 10944 13235 842 3318 1611 5276 8918 3166 8424 13112 1114 6766 8328 2769 10466 11780 1230 2913 2240 3089 3468 9705 3492 9300 4065 6339 2 7704 2623 8310 11458 12749 2330 12224 3729 10802 2865 11360 6622 9768 10412 11195 11981 811 1113 4834 5570 6162 8911 345 11814 2433 2624 4719 2638 7230 3338 7142 2169 10338 1096 6249 7108 9380 12540 1916 9597 4523 8171 253 8001 5291 12122 4248 9260 10547 8994 12298 1990 3060 9432 3266 3459 11825 3213 5601 2504 11856 11905 4471 4920 7919 9023 12415 10384 10682 658 5493 6058 12563 2421 7447 8919 1743 3702 8992 9742 10669 6366 12663 9334 10569 6962 11147 325 12595 3306 6705 8966 7377 9145 205 8211 11468 2755 10491 1965 4866 2679 7920 4532 5563 10389 11448 9223 9633 1351 9168 6298 9856 5295 9027 9740 10111 3360 9964 7679 12170 4275 5834 8151 9240 11337 3172 10166 5367 10683 5335 11296 11479 6370 11882 3390 8616 1766 6608 1083 6925 3521 4629 4000 7129 2440 9212 3423 9530 7572 12361 1937 4069 11938 5458 12006 1622 12188 375 4520 5799 8530 9848 1192 4957 5990 6180 2331 7103 939 5572 10150 11817 12120 13070 10 4840 8920 10624 4785 12596 2544 8996 3252 6659 6431 6975 4336 8405 9339 10469 2483 8537 7655 11838 3086 12249 3389 5855 7544 5285 12635 381 3509 797 1940 6253 6595 3356 8228 3502 6269 9816 10473 12004 8 11865 8541 8946 6290 12257 3913 7109 7905 12575 
6575 12917 13154 
6586 12923 13392 
6604 
181 2258 2514 1327 9118 2196 12046 153 10066 4411 4854 4454 11052 3055 9132 1494 5072 3817 10180 3538 12527 2492 3042 9349 2949 11235 707 5679 6354 10528 2693 7357 6735 9703 5149 12808 3241 5284 11382 5070 7273 7800 504 3443 7136 8146 8196 9397 1294 5776 7082 12262 301 615 3396 3753 10922 5874 9362 3926 8249 8153 8372 4900 5319 5471 9775 32 11381 734 8067 11436 11460 1295 4404 2107 8046 12505 8662 9076 3652 11621 605 10366 5795 10474 6349 13439 2957 9472 11016 6136 7056 6514 7566 8143 215 11853 3670 5985 6448 2073 9896 1761 3067 7747 4915 6584 1378 9575 893 2446 9851 6984 9836 8614 8956 1237 3013 8536 2506 4612 8839 2376 3907 13383 4800 5982 6515 4223 5876 1567 11214 2904 6127 2157 5613 1402 2305 1561 3233 9939 1478 9131 801 9945 3691 4479 7282 1500 4333 2086 2233 5836 223 10324 5860 6347 1663 6512 2161 5545 10396 13337 3183 7514 3471 5727 456 7594 6757 9926 4006 5087 6171 11093 5979 9493 6579 12066 365 2568 2664 8977 505 667 5400 8710 12759 4311 5821 2170 3467 3368 5701 2383 11892 2672 6336 11861 5486 8678 5824 6056 1511 9195 2828 6930 7418 8347 10193 488 8160 3348 8699 5494 6376 9640 1727 4888 4157 5177 12461 828 12202 3995 6342 2714 3108 293 6979 5754 12039 1142 6965 7011 9381 767 12537 2131 5787 7546 2017 10860 11978 2284 7677 10873 11197 3704 12747 5939 11959 972 3879 1040 1787 2718 8915 732 10592 531 10062 3424 12266 2875 9822 4598 12501 8586 12541 5255 9321 154 5936 5738 12774 44 11769 9278 11904 1909 5708 4813 5769 2104 3792 7532 8060 9322 11020 3045 5562 11533 1442 2316 1900 9708 162 4115 11406 2692 3600 1731 8890 4463 7636 8857 2766 6639 5532 8525 6264 9092 28 10272 378 5537 10061 12700 2603 5713 64 6274 11945 12110 7638 8595 5755 10149 2799 11165 8413 10392 6941 10293 2438 2853 3613 4583 2552 5557 108 6683 1513 7687 7564 7835 9788 3191 7785 7918 11365 11797 12467 2237 12451 5818 5865 53 7706 12485 7187 11625 1212 3100 12673 8396 10195 9699 11200 800 10534 8518 11793 7337 12152 2614 10719 9808 11916 
6911 
6916 13077 13519 
7032 
7094 
2590 11143 5952 13270 3816 13022 13345 7166 11659 11684 12916 13529 11933 12858 9137 13083 13475 
959 11870 2943 7372 2003 10609 11983 3914 7930 11222 12437 2204 2752 5539 12607 3071 8592 12009 4302 8304 2290 6197 10059 13530 5001 11932 5807 9589 3945 9124 10156 1359 13193 6306 9586 2357 3856 9590 36 9536 12183 12334 183 4348 10130 284 3374 2835 10402 12736 1116 6610 2605 5516 1999 7945 4781 6255 8971 6773 9719 129 6822 10102 11311 889 1734 3610 10089 3902 8462 3540 8203 812 9011 1610 5433 872 8403 3309 13221 1052 3498 7689 8199 5475 12433 7174 13044 11253 13053 12023 12821 912 9198 7453 8325 2439 10933 7317 10306 7074 8984 7792 10521 1388 10750 4005 7258 6927 8675 12096 3092 8774 9743 8963 12901 3275 8707 1427 10585 3933 7352 2139 5088 7744 9538 10178 93 12486 2667 2688 8366 3829 5859 11249 4618 10703 264 10688 1003 1987 430 8507 1862 4107 8338 8279 9989 10831 10014 12079 986 7680 5136 7845 11939 546 6776 8441 9844 4929 5567 3019 9877 1258 1665 2024 5854 13136 5387 10445 10923 506 1466 2032 7729 8354 9755 10031 13095 1755 6121 2202 3349 5833 9154 8109 11878 7265 8376 5412 7518 6744 7763 6454 9730 9832 7040 10127 7244 11428 8395 10232 5213 13091 755 10169 6051 6530 9572 11112 3489 10277 9395 13267 4322 7823 8916 12003 2586 10582 6114 7424 1893 11405 3808 13066 8112 13354 1080 8867 9325 13420 10543 11036 
7350 
7476 13199 13429 
7642 12933 13507 
7673 13334 13523 
7707 13174 13444 
11 314 7858 11528 12493 2748 6364 3572 4756 2739 9468 3120 10742 3524 12548 1017 4244 6747 9330 8597 10934 1704 4447 5955 12697 134 2593 1404 2207 11367 7870 9839 12819 9859 13106 13398 1392 2802 10874 5512 10851 7112 8229 806 7984 2434 12211 2820 5312 11804 12402 171 1000 3031 1566 8481 3105 7550 12617 584 3940 966 8478 11336 3725 7089 999 11523 8351 9925 8683 11789 1050 2292 11340 10544 12213 2341 5937 2351 3685 2724 3536 4053 11691 12776 105 12259 2101 3800 6060 9906 10085 3626 8888 315 4472 1463 10788 1655 4763 2110 2354 2848 3340 6591 1784 2971 2746 5707 8797 3616 5700 2429 7379 635 10971 2558 6245 2613 3378 10260 3229 5904 3300 4313 7732 1772 8638 11591 857 9103 3061 3566 611 4648 6573 7960 4368 8747 3872 5702 9443 11087 366 11101 9108 10774 13104 3500 4667 13336 517 8163 7795 12097 6637 10577 4809 8009 317 12641 6646 11686 4090 13114 3488 6689 5223 8423 2328 4554 11788 3820 4999 5768 6630 81 11679 3453 12777 13215 3795 11065 13141 1706 4329 5099 8368 1471 11232 4688 11832 5309 9842 3110 4353 2836 3641 4088 6113 11068 2833 4879 1060 4340 4351 7802 2288 7308 7469 4390 7981 2563 8331 2397 5184 4101 9800 5645 10947 3267 6756 11120 7678 10755 10888 13166 13189 7626 11898 12944 2153 7716 2230 13564 4717 5495 6055 9058 455 2303 648 2738 9224 10786 3909 5013 8970 9060 1278 2020 3136 2824 5536 1667 11527 4482 9391 12570 1688 5744 6631 7748 3354 9290 431 1712 6759 2265 9752 6022 10927 11289 1729 10880 9182 12506 6493 12745 6304 9767 5581 9165 1383 10868 1349 7511 7946 8938 5059 8036 4080 10275 3411 10840 4105 11942 3532 12604 10018 12219 1126 5593 13123 2152 6068 578 8727 252 5644 10781 2350 8052 6457 13479 8806 10578 6864 6910 10188 11257 11312 220 12370 1413 4687 3129 5112 11225 1857 11749 2516 7681 8546 12479 176 7817 8583 10420 2459 2961 10687 4869 10601 532 7188 11763 4511 6674 11857 357 2339 403 863 4202 9311 1398 12420 9231 9895 1542 11999 2192 9348 996 9018 12233 5121 9052 3693 9801 1374 4207 1767 3937 13543 3377 11488 2929 4740 5810 10583 3218 8568 1568 13351 3152 5417 6740 6872 12078 5802 6870 9275 294 6477 1593 9105 3276 8934 3430 9087 4720 8735 8097 9208 10579 309 4282 10550 5355 10494 95 12721 1548 6985 1397 2782 9825 1904 6898 2449 4693 1173 9025 12730 10500 11877 5272 9525 6879 8440 1098 7287 10340 1279 4050 7259 3224 4173 6871 4539 5044 3426 10268 5332 8513 8908 12237 1929 2896 10239 380 3575 5345 5609 8807 3102 7826 2277 4486 8590 3286 6333 7000 1124 9934 1133 13500 13561 6533 12949 12951 170 1717 13547 4312 7271 4452 7239 4507 7874 11718 13344 61 3676 11059 840 10681 2656 9649 4319 10800 1271 5482 9405 9797 10804 10093 10659 13356 3837 5772 3901 10482 5038 6983 
7833 
8024 13000 
8055 11911 13093 
8285 
8356 
1510 6428 8118 8388 2077 10730 1129 1586 5306 6346 6278 11852 1887 4495 2193 10437 3628 10028 2787 2983 6452 10308 10642 2059 7143 12769 7557 9760 2887 8319 2321 8302 10791 6398 6580 1106 3518 1950 12726 4225 5364 7962 8068 782 3965 1836 9489 2099 10704 11731 3386 4374 2063 4922 6778 8624 12082 7809 12720 994 4676 4993 8626 3971 6131 1214 5186 8979 8191 12253 1790 8701 3875 12333 600 1910 2866 6920 11344 3116 6597 2860 4770 6730 1964 4264 3128 3547 12628 291 5867 5246 12349 3720 7038 1242 12553 2070 5464 3253 10350 5492 7898 5589 11927 1297 3011 4895 8125 11925 6150 6823 7304 7749 484 9211 1578 4509 9451 10052 12733 2143 12625 1435 5061 182 2270 2849 5524 7650 1437 4320 11022 2400 12033 3870 7080 219 4492 6753 4780 5029 2273 9793 2911 9199 1103 8533 1905 3689 4367 4599 5739 1827 5932 2346 2775 4710 1288 9268 3157 4881 2301 11358 12385 4621 5673 8715 8835 9565 11076 597 5434 7590 7862 8786 746 6768 1300 2524 5616 8799 2315 6135 6588 11628 7604 9354 2910 3946 10479 11758 320 1360 7485 1859 6177 8744 883 12184 12995 997 1818 7767 6328 7853 6414 10961 13294 4047 11024 1187 2580 7834 7693 11868 364 6332 3420 4828 1812 3673 5971 7730 2546 8282 9605 10729 11301 11918 4385 8987 12445 2496 5683 2055 6874 10778 5157 8043 1217 4745 4037 6179 12173 3001 4786 4959 9654 9448 10330 2253 5480 10345 12504 1492 6884 12514 7405 7643 8650 1637 6123 1073 7938 1447 5423 12495 245 11121 2800 11521 5775 6772 9127 7228 8284 5469 11836 790 8394 595 12447 8458 8515 2758 9487 626 10571 5641 12060 2066 9006 8509 9049 8950 10855 128 12531 9912 10465 11335 11752 
8401 
8447 
8461 
1883 6678 4324 12186 6554 6649 1440 3122 3647 10538 549 7002 1169 3462 915 6599 8147 8740 2733 4949 5987 5120 5226 1307 11568 1150 1555 12820 6309 9079 3818 8889 5974 6323 6511 9344 1975 6867 2832 9064 4154 10017 6089 12085 7901 13133 98 9365 8307 11867 5757 6193 5129 9013 9687 244 7168 9351 11598 5526 12191 8986 11693 7371 11398 9629 12750 9888 12805 1022 3675 6581 8007 7020 11032 3194 12278 3240 7551 7607 5152 11558 4079 7069 5917 12515 7970 8218 1676 5049 8523 10493 3621 8033 2479 11764 535 9100 795 2041 5525 5252 5576 3199 12866 13415 2965 8255 9396 10763 13039 243 747 5118 5441 9885 11392 4317 9261 3098 7149 3143 6690 1038 12353 12853 8802 11701 9544 12197 4561 11733 5886 8604 9037 3324 4309 4591 10120 11754 12235 1738 1890 7267 5470 12427 5380 5523 10118 259 2222 1477 3614 7615 2772 4848 9375 9978 10170 1705 1718 1225 3325 7223 6767 9585 880 1754 4977 1758 8076 3264 8254 3888 3924 4136 1917 10219 3292 6946 12908 3297 3665 10407 3920 12374 3278 4132 4623 3544 6736 4186 6677 5197 8373 2402 6537 11615 2058 10190 250 5356 7361 946 8656 5745 6791 6206 11897 1410 8622 8955 2271 3154 6352 10789 268 2660 5530 4056 7248 2798 8170 9358 9892 4729 7752 2550 8519 8988 11131 11767 1646 9635 10990 11618 12101 672 8550 845 1935 5426 10483 13452 1312 10530 3868 7630 11043 12089 1605 6559 3234 6893 11023 5685 12293 8893 10651 13127 113 2683 9614 10757 10382 10486 11944 993 2485 4274 1171 4160 3932 11295 1831 12860 10932 11808 13015 2951 5816 13222 2468 3041 3038 10152 10555 7249 9720 7041 10448 2257 2364 5328 8162 10209 5218 10281 5808 6337 1621 2925 9302 2960 4421 3225 8961 1375 5447 6981 12050 3516 9098 5093 11648 5555 11046 391 6043 778 3440 6829 11292 5067 5110 5926 2621 8150 12436 458 12231 1721 4176 11494 12412 3303 6826 1321 2539 7059 104 6240 4974 8625 7922 9490 1257 3220 4951 8539 10192 6008 9996 10588 302 971 13443 6682 7543 9115 10054 12539 4980 7137 6455 8861 8476 8500 8822 10236 346 12047 753 4082 12954 8159 9971 3457 12681 674 11162 2448 11148 12221 10818 11287 818 932 2668 5175 11256 84 6541 10658 1748 7404 10677 4199 6459 8210 11155 11542 107 6713 6675 11843 6389 10348 12347 3359 6122 401 2228 10398 2871 10663 11791 4166 5634 7958 11466 13092 1002 6770 2892 8695 752 12356 8144 11331 7121 9953 639 687 9510 11286 12840 10264 12373 8050 13143 1668 7306 7971 5446 10523 11638 221 7578 2343 2945 19 12226 963 3832 11217 11361 11655 3146 6065 748 2060 1019 6987 4272 6273 4106 4609 4632 10245 184 4730 2990 9505 8532 9820 680 9717 2647 3163 10495 5921 7708 3987 9523 8430 10047 12806 3463 10501 11151 2503 4262 8123 8517 8092 12632 5693 11300 6914 11818 2080 6942 2491 4542 9676 8831 12783 5780 12401 4475 10453 5822 12706 789 1726 8785 10507 12520 9638 12630 613 12322 361 4891 3530 5357 11324 3104 7050 8935 11278 4362 7483 
2124 7910 631 3373 42 4995 106 9142 1853 11994 3179 13186 13430 906 4119 5333 8272 9558 523 12610 3960 13232 2950 3273 13402 2075 2076 2649 9141 2090 10199 8941 8973 2915 10218 5159 10706 2172 6285 1986 4530 6408 9564 2457 11578 12578 3842 6651 9326 8585 8978 1800 2589 6125 9080 9304 11351 8953 10220 9651 10617 9917 11516 5916 10670 1066 12692 4063 7649 4695 7621 7315 8672 952 2127 3243 4864 5007 1874 6846 4644 9203 5642 12497 5811 8454 8508 13131 4658 10850 2608 7701 1958 8555 4969 9234 918 4222 7179 524 10167 6036 12723 22 260 1972 11656 6295 12143 2632 7562 12677 10970 12154 1076 2962 6198 8101 9551 2199 9404 10048 4787 12627 2566 12545 40 3591 1630 9648 9537 12314 7417 7475 11526 11820 3344 4190 1373 7956 11180 3972 12157 4078 7085 6204 6445 7811 8917 6935 9398 8887 11977 1946 6041 556 820 3890 10546 11524 2416 7062 3345 4141 4016 8661 4762 5193 12309 12475 4880 6891 2006 5765 18 2049 3894 7639 8897 3630 4592 7150 7221 5122 10899 5694 13219 2250 2353 5102 5873 10959 794 6358 9625 335 9568 10427 581 11896 1441 4391 11889 1082 4407 2224 4814 2379 4352 2677 12081 8745 10740 10995 4616 5250 2232 9289 7402 9961 2883 12055 67 5040 5073 12024 4181 7362 7206 10728 2116 4878 6489 7079 1251 9992 10633 10777 11935 7027 7947 11702 1227 9032 5114 11113 2135 5005 3722 6737 4049 5814 9378 1315 11095 787 6190 8698 7850 12898 13510 1341 3421 10360 11775 3226 6251 196 6905 3998 8582 8743 1677 3317 3193 10012 9785 10114 48 9104 3074 6668 6550 7859 3723 8027 1139 8730 12887 9123 12671 3891 4109 10315 2201 12413 659 1253 13421 1246 3402 7220 7408 8271 11355 7909 12884 9114 9379 13399 2413 5573 6968 3700 9613 11600 1783 4975 728 13218 2493 8844 6771 12519 826 2317 3072 5343 6082 7580 9968 10693 10776 150 4356 6140 9297 10891 13433 4606 8434 6432 7389 8318 12432 516 10372 10428 12762 12987 2841 6805 7617 12474 638 2469 4345 1474 4461 4861 3298 10499 3090 6843 11268 7045 11540 8074 12302 6992 13236 4103 7501 226 717 12146 298 941 3059 3760 3444 11713 5778 6263 6324 3151 7448 7709 9392 5327 7999 8090 4130 6698 4076 4464 12751 1715 2158 4381 7204 7799 10485 11396 12160 957 7647 2338 12332 1399 8344 586 4753 2810 4200 6238 2206 3855 3857 8258 9241 8588 8609 1243 12200 4180 6247 8194 2924 9672 3033 11876 1660 8265 1529 5748 12529 4837 8556 4738 12799 
178 846 4911 6885 12015 12141 494 4608 3255 6119 3782 11002 3257 9612 1619 11829 1235 3751 3713 10988 3054 7889 10078 5148 5522 8398 1659 6154 5651 6878 11029 991 9196 2310 5265 4370 5660 11010 11794 1744 8630 8475 10409 10943 3254 3828 1698 7528 12297 2753 3651 2750 5244 6291 9758 10790 7322 8257 2130 2147 1489 10806 3336 10416 1380 11766 12702 6781 12583 5294 6592 11067 11636 3170 6151 6612 10081 2051 10576 10892 8224 8548 9620 7733 12360 6900 7031 4696 9789 9152 11219 3592 11616 3815 9674 4359 7364 8099 8266 11874 9860 11612 1546 3786 1981 4664 2498 8954 12416 843 10328 2548 2969 2736 12290 2793 7624 8409 8641 2932 6924 3236 3446 1183 1786 9483 11246 12450 2109 9754 744 3398 2360 4259 3425 6635 7334 12584 10139 12144 6499 11678 2370 7398 2359 2592 5489 146 435 884 2463 5248 500 1390 5196 7164 864 8777 3200 8538 4628 8352 3361 3589 1338 11500 2968 5304 7348 8412 2025 8141 2540 11773 930 5393 3014 4462 231 7181 3771 4437 9166 5092 6054 6429 6721 9179 1155 12175 1506 8492 7671 12421 5305 6146 10751 8343 10976 168 5094 4631 5195 6763 9312 9030 10628 1697 7232 6300 11285 12503 2205 3955 175 3265 3477 6797 3629 8315 3804 6542 233 9736 7354 11363 749 4907 3561 3833 7625 3649 7039 6012 12065 1195 9721 10671 666 2019 3559 6505 6010 11048 779 3548 3494 4102 1844 6387 6627 11152 11001 11589 1846 9644 2064 11039 3683 5620 7762 16 796 10909 2092 2300 3797 5875 8716 5677 5845 5421 6185 4229 9707 9986 1135 2022 3106 8845 4849 7072 1215 10980 979 5323 9529 9499 11243 7731 9444 5698 12772 8292 11443 4766 11574 11931 2795 11055 3235 8674 12137 8378 12667 1467 10099 533 8778 9299 10337 9269 9336 2770 3754 2747 12128 4678 10225 4085 10370 4870 12034 1877 7700 2870 4111 897 10714 1014 9779 11509 2475 12523 
8718 
8788 
2582 10908 12199 2785 4600 2791 6030 8016 11738 11879 116 9509 3280 7123 8905 5752 8083 8064 11649 5454 11622 550 12368 2279 2633 3936 8610 9285 10422 11127 2903 11786 8875 9746 11451 3190 9913 3026 4058 5017 172 1013 12618 5378 9238 2071 12654 2287 2814 3922 5703 3734 11328 5923 7519 2998 4266 8681 1075 11633 9402 9619 11912 1024 3900 7669 3112 4238 6819 7368 12577 110 6810 12245 7210 12811 739 5704 9323 5386 7876 1662 8724 4165 8192 2609 5753 4494 7765 7952 5028 8299 522 8613 4638 6516 12377 2976 8688 821 5691 10515 4677 8429 5905 11699 2525 6886 1951 10010 8947 11745 256 7063 1709 1938 10208 3458 3653 1899 4570 4572 7751 12070 2452 3160 2295 10125 63 4672 373 4039 1112 11156 11505 8301 8983 8697 11463 5792 6982 124 1010 514 3436 1850 5211 3511 11869 8529 11352 5466 11695 10844 12229 650 5900 6099 7386 5239 6873 7022 11665 5352 9515 11585 4031 4253 5481 935 4399 1645 3299 3636 5296 5436 1516 2954 1920 7016 1915 10438 475 9015 5389 11613 8974 11333 1625 9298 625 9292 6152 10784 8607 8803 1806 3560 2141 8336 11728 4961 5892 12345 2631 6811 9784 4278 4873 7515 2809 7953 8982 11041 299 12559 5201 7697 
3277 5692 4610 10516 2702 5106 8573 3118 10187 1501 12105 1491 11966 3889 6483 3568 4443 8177 9192 2298 11730 1025 4296 10042 10503 1194 7284 1671 6949 1674 6913 2972 11504 4179 7911 5558 8581 1207 8212 10822 1896 11576 2069 2308 1654 10458 3057 7442 6944 7356 5435 8665 5344 8684 11078 2723 11783 394 5235 2549 8800 7613 9729 11573 4627 7570 11303 12127 6158 8660 1620 7431 237 7983 3631 8755 4260 4442 6481 7018 481 5826 5416 5603 1930 2861 11402 2773 10076 2897 10940 5260 7218 985 5337 4712 5479 7941 9637 5832 11952 2057 9994 8342 9985 4735 6769 11757 2767 9437 2030 10490 7003 7933 12151 12289 6299 8102 202 1039 4663 6418 5321 7496 8360 2456 6486 1634 11244 6096 11688 6350 10916 10287 11641 1583 6880 5721 12367 1901 9213 10455 11893 1581 3404 2698 9831 6268 9749 6676 8008 11661 8900 9410 85 397 1524 5127 8167 10506 1573 3577 41 1684 8057 276 12589 6620 6638 8993 11554 1531 12746 1528 4431 6077 6161 2575 4428 6795 4440 7353 7470 11894 2174 10716 2515 4073 419 3004 405 2444 3447 8948 9686 9716 5561 11800 6115 10415 5199 6442 9600 6449 10480 2821 9616 37 3687 4660 11099 5008 8902 9916 6665 9282 3650 5734 6181 4931 7132 716 6164 2046 4197 5036 5131 7533 8436 9770 6804 11208 7176 10303 152 544 5409 8232 9288 11379 793 10841 89 7242 3249 9802 836 8484 9082 4754 11642 239 5215 10079 6491 11204 11498 12140 160 8054 11908 1450 2846 962 12282 1574 2097 4139 11570 6895 12268 7065 7713 9122 12386 525 8172 11218 12490 9428 10756 4478 5762 9929 1670 2435 457 5898 1941 2111 5123 9741 2710 7854 1725 4108 5237 6547 1649 6600 10679 11430 1305 12288 1460 9126 4247 8058 690 6605 5302 8448 2977 11547 12695 1906 5805 8075 2655 7586 8291 490 3351 451 11056 12324 1707 12354 3058 5637 1796 10564 5188 5972 7349 3002 7457 8642 1860 11961 7412 7808 4764 5574 2182 8066 8297 11231 988 12659 951 4339 5785 10038 8127 9252 4297 9661 412 450 5150 10919 696 2390 596 2555 2121 6017 1403 2716 8873 9998 11377 5662 7411 7816 9085 9120 10413 11930 10332 12802 2151 6037 5862 12310 4011 11557 
9002 11510 12823 
9133 
9225 
9263 
425 11842 1980 6702 4661 12051 1099 12227 3688 6517 2907 4615 1716 3903 6673 1535 1852 2583 3928 2947 11841 9782 10981 5830 6107 6577 7177 5214 7471 5341 8466 8557 9185 399 9981 7300 10131 2249 3165 11608 4265 4477 12466 269 476 5922 9466 604 10956 5288 9156 2068 12516 4104 9543 5359 10660 94 3525 358 2482 9580 1265 2843 6020 6699 4133 11261 1722 10060 1439 2618 10847 1411 7610 3743 4655 572 2326 2327 2774 4510 574 591 1785 4430 135 5615 8870 11993 3552 4316 10399 12562 5261 9814 3162 8689 7057 9862 4939 6574 8270 4566 6743 6570 13563 3080 3081 3371 5612 10769 11971 1579 6508 565 3513 558 4903 3949 8854 10015 1256 5443 1422 2428 8078 10095 51 3009 2596 6207 8969 11599 158 4802 5347 371 4298 12169 740 1200 542 7280 2362 3370 305 7661 3695 8093 1159 2743 11141 5930 7848 8442 6236 12639 4220 8504 387 665 4845 10021 3144 10709 616 4004 4607 6583 11640 7029 10911 4019 9262 189 1490 2888 11122 3044 9244 6018 7171 3969 9645 8942 11651 3085 5843 1764 5442 23 13148 2461 5690 6287 11364 1540 6937 9454 389 3056 6561 7468 2694 5791 3679 10477 2879 4003 7224 7839 3819 11357 12304 4224 9528 10165 12331 6178 6629 9819 6618 9220 10424 10807 2973 12712 3599 5564 7445 10637 908 2981 6714 3768 4237 6997 4683 7437 3588 4393 9957 12118 2426 10400 2666 4962 6520 11413 4821 10297 12796 9954 12603 4251 11164 1182 11431 3461 9424 1209 4548 2296 10619 13324 643 4192 11546 1503 2186 6345 1346 11314 12960 17 4040 2472 6513 4134 9533 3289 8021 3620 10433 12849 3876 7100 5927 9253 8655 9701 3602 6386 10456 5286 7035 12652 4791 8874 7131 9714 1055 9750 5126 8209 6490 7324 9359 10527 10137 12093 6301 7525 499 10539 11675 398 7884 2149 6725 11011 12567 3114 11837 3862 12136 7559 9937 4604 9478 12133 1530 5569 12296 5658 12300 904 4732 9735 8808 11133 7151 12740 5307 7979 8253 11772 2028 2992 10814 4212 7867 58 8501 210 3772 8375 13244 7327 11192 7672 12985 395 8668 10423 120 3904 7481 1724 5147 12448 825 4759 5124 2487 3248 4406 5271 13088 9697 11104 2827 8563 10645 11273 12942 866 5505 6024 4323 6834 10051 
9519 13020 13230 
3107 9563 13260 13408 
9715 
9858 13122 13135 
9170 10036 13506 
849 11706 159 9582 12633 12650 5427 8349 5021 5104 13492 775 13312 13353 2712 3923 4823 8853 3428 12390 13326 5829 12937 91 6504 4796 12025 1507 9999 4347 10684 1580 3823 13290 7831 8000 1701 6582 8685 2661 9838 4215 7006 4952 12205 827 6294 6780 8445 10665 7383 11108 3712 9235 10957 12344 1218 3410 5047 3528 6419 3917 13003 2083 3148 7954 10920 2374 4807 2408 12180 2113 8528 8549 10962 2227 6444 4549 10749 12488 4416 13289 9970 11819 12393 12696 2808 4263 1385 6201 5015 8637 12208 995 3802 3758 12611 4283 7321 9810 743 1432 7049 5587 6265 3775 11624 1236 11110 3012 9010 10401 10612 11756 920 12265 5365 9036 3339 11432 847 9186 8599 10511 4516 11967 712 2313 7575 3680 4250 859 5806 6117 10646 5909 6401 1541 8505 5534 5763 9696 1608 8801 8832 3173 6956 3581 9335 4007 10304 710 9029 7054 9977 1336 11008 1815 9722 4155 7005 6340 8259 3634 4002 12684 7890 10978 7192 10910 3573 8207 1636 10234 3761 4010 6219 8241 3103 12698 1652 9056 7622 11338 2218 7883 9173 6182 9599 2895 9012 393 11704 5308 7803 1372 10586 46 8213 3827 10452 11484 8571 11781 161 5964 4652 8926 1615 7753 4325 9342 763 7510 7523 4699 6901 6614 7982 7409 10883 6526 11522 11765 6049 7520 2311 7895 8594 11647 7413 11072 3093 9427 4470 10805 4159 7303 7855 3598 12072 2441 2763 2480 4504 9583 6215 9790 9907 2838 3983 4637 5135 9875 3475 7634 11946 4436 5395 654 969 10906 5173 12793 6 2923 13459 3048 4448 4441 6042 12962 2594 8385 5920 6716 8197 489 3164 7927 8485 3312 4792 5993 10160 1333 3227 6355 8892 9626 1757 7375 4044 10798 1858 3806 9161 9545 3142 6217 5766 11343 1988 7997 273 9931 12384 9040 10353 1505 4737 2247 4364 5267 5282 3167 3895 5610 11326 3690 4280 12748 2997 6865 965 8208 4491 6788 11477 1045 6353 6818 100 9947 3358 10063 6241 10202 12771 12809 2891 10673 47 2499 9416 3612 10251 7127 10233 2061 3730 4060 4187 1603 11703 3242 12791 5105 12303 4074 8080 1245 7216 5002 9823 4110 12686 469 8128 10050 10715 2786 2938 11746 12026 668 12648 3780 10630 1713 10884 3196 6869 12061 9739 9817 1585 12729 8827 12508 1690 4826 368 9390 7310 11989 5462 8363 2126 6052 7991 6940 9031 4121 11339 902 9524 2145 5326 10462 4682 12936 9777 12784 4236 7279 8846 12953 5798 7034 671 6016 1070 6184 6616 7152 9581 1551 12124 2595 5100 5618 4923 5942 5582 11294 610 2857 7690 7821 498 1699 2340 3435 11544 5967 8422 3178 6474 2533 4420 7305 7820 10867 6628 11376 4123 6525 12755 3145 7787 8346 11692 29 13056 1842 4372 9477 4684 5202 9388 8600 9587 2188 9317 2689 5761 10993 7856 7996 681 9628 10869 12532 1072 3886 2919 10887 9243 10828 2231 11668 1051 9007 1496 7318 6464 11962 258 10996 2045 2488 6260 11470 277 9763 7288 11181 5696 10541 11559 11902 3742 9265 4488 10736 860 9604 989 9014 910 3216 808 5292 7521 9498 518 6391 1560 4281 1329 2675 437 5515 7226 10830 11140 12587 4198 8079 12480 6887 7728 11667 333 10240 1562 10607 13304 480 7117 6205 6451 510 7427 10536 9671 12801 7014 12458 713 1825 9732 2409 9482 7950 10088 11216 101 11083 296 1077 3835 3258 7868 454 974 1967 11501 1293 8770 3911 9554 7433 10702 
10254 
10294 
10300 
439 13403 13431 10327 13554 
719 8910 5711 9601 11070 428 4465 62 5190 9501 9386 11170 677 12212 977 9878 7046 12194 7451 11206 2956 8723 4564 6038 8527 7420 10074 4344 10229 4768 5500 10535 12576 976 1919 6216 4843 5066 25 9149 5253 5520 559 1152 1983 12396 2239 3036 9328 9943 838 10049 12512 2128 7871 3619 11860 359 6596 11400 6552 9603 11587 1816 8045 3970 8608 12246 1564 2198 7157 2324 11973 9898 10224 2078 9026 9384 11543 7973 12678 11085 11980 12428 12634 837 4668 9521 954 9579 4905 10894 1656 3343 7819 1752 5313 271 8864 1220 10128 1301 1791 9205 2490 7959 12459 3175 6046 7110 7824 12561 274 11297 2690 11369 5938 6446 102 7392 4590 4603 11595 5864 9135 7428 8901 12328 12341 1104 7454 6815 7194 7190 11410 4954 11785 1334 5758 10858 4291 6551 472 10464 8215 9034 363 509 7556 11250 1728 12018 1952 4901 6679 6888 8294 7444 12008 2852 7106 1012 3346 5956 10964 11658 9639 11921 12114 12651 1653 9670 6966 12258 925 4408 4595 945 8852 9272 10893 1473 3472 6633 11792 311 6233 592 2502 2014 11084 11770 6970 9553 777 11737 3380 6619 853 3250 7096 7725 8190 9930 7028 11349 5368 11254 12483 6335 7419 12260 3063 11545 6261 10513 563 6239 5969 6385 9883 3135 3910 7347 12021 4741 7499 10689 5594 8120 8754 1068 9555 4170 9887 12544 6102 9201 3238 7092 6327 10852 8087 8305 485 5388 3065 12166 2023 9889 10489 10529 11575 12178 4844 9485 4822 6312 8379 4689 8369 1820 4722 3437 5996 4933 7793 5717 6384 4001 5452 8939 1911 11412 1117 6929 11418 12408 983 4965 4218 8111 4930 5439 6862 7832 1696 8819 2042 3883 6557 12126 2711 5781 3824 11822 7276 9774 11027 12030 1675 6373 5831 10890 2522 11239 617 5336 6963 11834 5839 6167 8329 11118 1918 2991 1446 6166 6964 11610 10026 10090 502 9366 1970 4094 9882 65 7742 2163 4681 2320 6423 8106 331 8564 709 1157 1957 281 1793 5817 10930 1518 8032 6153 10447 2567 10772 6393 7170 3159 3237 4928 9473 10341 2854 12664 7185 10758 12193 2038 11348 12565 10672 12269 
10349 
10395 13197 13380 
10510 12975 13107 
60 7169 8286 12007 2705 11696 653 12207 1587 11073 7370 10460 4543 6230 4919 8635 9407 1628 7698 5257 10975 2886 5820 1794 11258 7075 8709 8535 10589 7592 7717 2537 11158 4810 7745 1708 7328 310 8577 675 11305 4553 9928 10082 4973 6189 8088 9072 11063 11215 1672 12431 1202 4380 2156 5264 122 538 2369 11138 2517 5941 4529 5163 5329 6271 9399 11299 12511 663 7124 3177 7193 20 7828 11021 701 8669 8381 12444 5109 9923 10987 2804 3401 4767 6479 6857 8771 2874 7665 10691 1356 11806 3262 8367 1407 5535 3230 8293 4575 10211 10435 1199 2407 1802 2164 10931 1244 8645 571 6546 12440 3431 5989 7367 7569 3405 8333 3542 7929 144 4524 566 7593 12928 6802 10829 1592 8791 4041 6316 7240 9518 2345 11572 1275 7285 10144 119 12734 2941 8931 4191 5437 12035 1977 5674 4517 6611 4711 8858 6538 11005 8022 12546 13291 8647 9950 9773 11593 4966 9270 4033 6105 10472 4742 10616 13031 867 11384 3979 11629 922 10444 1179 8923 5549 11481 1396 2007 1614 7047 3769 6005 6377 5166 9662 12295 5009 11866 7463 11353 10522 13179 5111 8337 13170 355 5217 1809 4825 1311 1924 4093 612 9090 6652 10925 1032 12395 308 8928 9162 326 3064 6555 8117 12623 664 6390 2085 8037 4409 5852 9592 9791 11220 891 10481 2125 7548 10117 2526 5468 12713 5951 7286 8958 10434 5371 8400 10336 848 12359 6383 8432 13369 11457 12643 11914 12325 1673 12999 8617 12287 2159 11283 12770 4435 7766 13057 7115 12756 5420 7923 7325 11199 2140 10747 3285 5508 8353 9144 11499 2484 2700 3130 6157 1873 4234 8214 11081 6623 11917 1188 1487 12970 9294 11990 115 2054 11827 1891 11075 1897 12261 7295 12786 460 6787 8408 4029 12732 11741 12491 1834 11652 1196 3747 8469 9787 13301 
10603 
10733 12797 
10794 
5467 12824 12829 10819 12851 
10958 13375 13502 10968 13514 
10974 
479 3574 8795 9693 9942 3583 11334 6774 12049 279 1367 9948 1431 4908 1866 10046 9627 12608 10532 12123 1016 3113 9464 2044 8380 251 7116 13023 2823 8198 2531 5245 5774 2243 5457 8768 11719 12658 3812 9372 1221 4749 4129 9980 2873 7464 12074 5463 6813 2643 9681 1262 3365 6980 12196 2699 10548 12582 2940 12757 2039 8204 6211 12244 4294 7902 12271 3701 4904 6953 7440 10676 193 9702 6903 7536 6571 13389 185 1384 5815 803 11476 1498 1693 2708 6534 13239 2420 7841 1272 10977 3327 12248 3219 9175 13535 1316 6103 8687 9900 6288 12267 832 1252 1320 1949 7198 7694 8289 265 10367 12203 3580 9921 3232 4519 7395 10951 11177 7719 10451 4330 10797 7881 10699 4568 6669 10439 4625 6142 11034 
5619 13338 13417 11014 13518 
11128 
414 2035 3860 4284 8419 11676 235 2406 2256 5750 10773 11807 4581 11187 9001 11018 1249 5789 7830 11044 4953 11683 12174 8095 11947 6071 8479 10565 3978 12357 6827 11211 5841 8334 11606 780 3181 3764 5621 844 7568 2620 5222 5430 9447 1015 4513 11272 6356 8248 5083 10335 1678 9811 12317 4925 10853 10889 5316 7517 7914 10346 1261 4036 669 6210 8414 8435 7849 12766 2640 4083 4691 9952 11840 4537 4917 5311 5819 6909 12674 4028 11322 1962 8927 367 6656 1536 4433 2578 9495 9757 1250 13207 5528 5782 13363 356 4394 5663 11037 5767 10201 4694 7298 8574 4760 10803 10862 5384 7201 6361 11157 4415 8148 2013 3694 3352 4270 6733 10112 7010 7537 2839 8742 2179 9480 5796 11086 3387 6535 8620 5317 10253 913 1405 8562 1409 11453 2615 6426 7219 8184 4841 5934 3684 3692 6320 8275 327 12102 3335 6311 8025 4624 6892 10235 1476 12638 3084 7949 2217 2735 7084 4217 6220 2794 7369 7631 10724 5473 9660 3138 10734 1263 1570 2825 5957 3491 9178 1679 2319 10106 819 3198 10443 2048 6172 6908 10833 463 5402 2399 12057 12162 530 4765 6933 10273 12471 579 903 824 12254 2520 8138 3195 8497 9850 195 10827 6218 6440 1165 9922 13314 7683 8725 4997 11960 13151 537 10871 1514 4288 3029 7019 8104 11276 5450 9409 6710 8967 9667 7452 10554 4071 9054 2012 5033 10071 678 1364 1947 6926 213 7268 5503 6439 12129 2737 4242 4360 4804 12524 1291 10487 9904 10387 11979 756 861 2942 13558 1035 11375 8154 10039 7212 12280 1069 5552 5487 6224 5432 11941 634 9799 4153 10478 4893 6482 1776 11666 12661 6572 11069 7606 8206 928 1269 4201 1618 7576 2183 3314 7547 8487 6647 9249 9711 11123 4601 8015 4640 12020 4675 10952 2669 6590 10110 4527 10101 12644 630 1993 6137 10587 3052 7866 1589 4042 11186 12038 1639 2138 4776 3956 8119 2427 9247 3211 8452 11887 3533 6553 3759 4626 9512 5161 9044 5742 12117 
881 12601 2538 3615 1931 6881 11139 3776 4361 289 10417 1222 5023 5178 6832 7561 3587 9433 9956 5141 7087 2542 2953 6567 1856 7658 975 10882 1280 2695 3736 4558 9376 5847 6106 3849 10685 6932 11915 82 7720 9540 557 1534 3301 2251 6392 6688 6958 123 11512 3310 11341 74 10606 577 868 7081 7492 11266 11787 804 12646 449 10176 7555 10289 8510 8553 1714 6742 8516 3919 10168 1959 2334 765 7692 1170 11759 13050 1259 7508 1695 4757 6523 9780 1323 10442 3006 4453 8418 5718 9083 9818 12453 1468 4950 10393 12768 4423 12320 6644 11146 12620 4586 8155 1493 11182 12017 228 263 1347 8139 10077 10380 2691 2741 4938 10080 2816 3773 8084 5174 10104 2281 6325 7343 8644 8131 10876 13283 203 4413 1029 5607 3731 4171 12676 4261 8178 136 6163 7061 10351 11891 3441 4257 2562 7516 1512 1855 2160 5566 1005 2830 2955 3952 59 9542 5571 8781 5032 6943 5684 7711 9484 11549 4573 9804 8937 11482 11913 1912 3698 4669 3415 5705 9453 9880 9935 10290 1700 9959 5455 12115 2398 3864 10035 5300 8288 12075 9039 10237 3831 6276 9005 9038 621 10600 6009 12464 3625 5043 285 8623 7761 11811 1884 5349 5167 11149 4744 6087 13206 686 1539 1817 10662 1058 6617 7236 3321 8273 3787 6275 8364 13126 68 10989 3973 6991 70 4315 8817 7591 8161 5627 11240 12366 3434 4142 5048 5794 10163 4707 6524 8156 822 8654 10895 9233 11681 1966 8690 10354 2009 4797 8732 3873 12455 5060 9408 8261 9488 968 10484 8472 12731 6415 10937 8415 9751 10164 8296 10379 5741 9377 9439 3284 3515 3445 10992 4245 8096 3161 5591 11407 11992 1190 1648 9602 10430 7474 8929 12442 255 2043 3810 2569 6315 9255 7943 11744 575 10866 9150 11342 12323 2098 6133 7668 10184 12699 534 2713 6015 11851 5144 8780 3633 5113 589 5837 7541 7545 8278 9458 5137 9665 6447 10394 11435 11835 607 9646 10723 11798 5438 11091 11092 2776 5139 4906 12585 3985 9673 10520 5661 11883 8682 12400 8985 12499 2513 11518 1105 10692 12342 1488 3618 5425 10441 11267 9541 12435 8733 9997 334 9650 11777 12189 1750 11031 143 9891 11426 246 3916 931 2634 9004 776 11734 7410 12409 1057 11627 292 2358 2543 12014 4734 4835 8612 3486 6722 12862 609 1027 2079 10103 4195 5913 8818 1289 8909 4369 5003 5827 9274 1765 11422 2731 2974 4363 12131 2008 5130 1445 11263 11393 2082 4066 8930 5680 9062 2948 7912 10259 7421 8085 121 8628 9805 9915 12394 917 9833 6069 7278 9305 3208 12597 947 6334 3554 4389 2565 5076 5424 2187 3087 6598 9694 1056 3999 9071 2642 4885 9972 13212 287 3950 9436 760 10950 936 3603 1418 7702 3493 4525 8965 11380 6235 12312 6144 12867 71 6518 10924 12348 1596 7618 545 3783 7696 3021 4690 155 11485 5119 9594 1885 7703 7797 5496 11858 13534 1517 6951 4038 8796 11153 11194 7735 10255 7936 10214 3214 11150 8704 9918 10801 4798 11710 1020 3076 7269 4899 7804 13101 3696 8746 2598 9125 3403 9355 8340 9983 12092 11255 13473 
4077 12827 11459 13037 13321 
10936 11473 
11496 13313 
1826 12204 4862 7101 11317 11325 2682 4531 2844 3155 4535 12798 3714 9420 10667 1632 1923 9960 11895 4064 5551 6372 2622 7195 1299 9608 9226 11943 3925 4827 9591 10913 12306 477 3075 5840 11330 3605 5145 12236 1184 1205 10177 850 6441 11976 3590 7612 9301 12704 1740 9783 11346 1623 8949 1319 9449 1598 2026 4686 757 7664 9973 2467 8783 2662 3750 5895 3744 4645 11850 7652 12509 343 8443 2347 10878 7582 10207 833 5945 3287 5940 6995 10223 1976 4989 11462 1408 1689 3564 10309 7255 11275 7877 10194 7989 12626 4955 6686 445 5714 2437 8122 3663 4414 3201 12340 3342 8039 3624 8031 4815 10068 4318 9000 9718 10361 909 7623 2471 8545 438 5068 4402 9678 1997 6796 3095 11726 901 1153 236 11100 5227 5760 3078 12121 10707 11103 799 12468 1803 3594 3735 7025 3109 12234 12438 6126 12457 5790 12754 492 7458 286 6816 3383 9228 211 7203 5156 6076 1612 1960 1869 5596 3097 8925 3263 8578 5858 10454 11849 163 10008 2266 9055 4466 4811 4851 10741 1936 9431 10356 1954 3778 7126 2789 3341 2908 3570 10727 6692 9795 5901 11722 2610 3546 12364 4882 6894 1164 12629 3293 8749 2579 9227 3156 6143 3967 7893 5299 7635 511 5266 7529 11280 703 11415 12037 4112 9440 10274 1144 4151 10331 8399 9291 878 3892 9331 1991 4183 766 12517 2289 6465 12283 1640 10675 5861 6660 12642 4934 7937 8350 3852 4579 9307 12666 2751 10953 6904 9425 2707 10559 4713 10686 1240 1267 12711 2901 8847 7584 8129 8488 11493 1797 9216 4459 6601 478 8878 725 11751 12538 6368 9008 2436 8776 6974 10045 8471 10440 652 10212 3878 5697 319 10266 4300 11124 3961 6664 8738 2425 4994 5171 7423 831 3514 8327 11057 2765 4211 11417 3363 7138 4937 7620 3094 10226 1081 1537 2312 4145 10766 3131 3943 10470 673 3169 5626 9217 11872 5268 5410 234 12329 473 6085 6522 4706 7869 7951 10502 3845 10146 12176 5353 9028 5897 10092 54 5051 1353 10230 11318 10886 11049 4650 11565 
11581 
11729 
11888 13377 13551 
11987 
2269 7768 1475 2464 6931 10463 12063 6824 10316 12606 8670 9609 10745 10915 924 9413 9976 11077 7472 7777 1694 6034 1799 2367 11449 11525 12550 224 8565 2102 7676 1643 2089 3231 5340 6381 6738 11936 1110 4653 11429 2880 4292 3022 3617 11506 12164 2011 7573 3394 5325 3898 11271 2245 11282 6032 11109 5712 8495 10196 5382 8652 587 9400 4117 4503 5980 11116 5671 11639 9242 9271 8323 10097 4026 11105 2926 4161 2898 3126 4979 692 2819 2216 3073 2285 12116 5142 11884 8397 11974 12814 3296 6130 4152 4425 9003 10116 446 5595 1063 3825 6083 7172 6160 11277 8089 12086 9642 10145 4714 11563 9734 11716 6407 9706 10108 12326 4097 10825 693 7894 12230 762 2868 9385 8850 11607 130 2778 6302 6899 2987 4127 6752 10846 5004 9762 6470 11071 370 2759 4942 3840 4400 6112 10406 5529 6074 8680 10197 2681 3176 5050 6798 7892 10879 548 12247 2278 7964 9893 12103 55 9306 10809 4342 11690 8243 10799 11583 11620 9874 12613 1558 3534 3429 6957 11439 2129 8276 12250 5396 12292 148 443 8551 8766 2108 7272 2029 5418 10726 2581 5249 3640 7667 4589 12719 870 5132 5732 6116 109 197 2654 3189 10796 11274 4639 5958 5062 8260 1651 4144 8283 4673 10278 11279 12725 608 4679 8071 254 8679 1354 4569 2893 6170 2532 12599 1092 7460 11711 3302 3851 3000 6456 2985 9441 5180 10701 4506 6259 1395 2142 12379 5224 8433 1424 9584 4285 10848 1049 4846 7851 2535 12693 214 4480 5541 8242 9847 12612 6019 7180 459 1376 6382 6496 1433 11569 2554 4860 5488 10191 7167 10247 540 5035 5919 7231 4481 7746 10024 344 1031 3801 984 1046 6047 2505 11237 10002 10575 5931 10457 390 11671 3974 8567 5812 8091 1094 5069 1837 8589 4805 4932 1151 6849 4875 12764 956 3466 1813 7355 11725 2352 6029 5950 6498 12536 6923 11511 769 6691 5274 10674 3834 12091 12094 12308 
12150 13108 13182 
12240 
1331 5638 7207 2790 10408 5632 5646 272 3717 3469 3947 3843 4838 4418 11447 12217 12816 2478 11332 982 10973 12338 4836 9969 5162 10849 711 2685 1927 4113 7339 9659 10032 1438 3485 5053 1239 8782 11223 1335 1569 8359 10697 12687 3251 3539 3681 3746 7007 3867 4670 7879 5330 6632 562 6758 12391 2476 10037 7755 9230 8981 11009 2219 12656 9733 10570 5614 12156 1219 7363 3501 10743 9430 11732 582 12059 3739 4496 10838 7740 10418 4205 5026 1459 5334 11310 2171 9446 9778 11497 11507 2561 7916 5095 10644 4458 8005 619 978 4427 11371 5746 7120 4057 10795 7619 10636 11284 5056 9284 114 2646 5354 7782 10496 2616 9367 1325 4665 9944 7482 9806 99 772 440 10509 52 12010 12172 12441 647 3508 3449 9266 9532 1059 10843 1089 10900 1008 5611 802 3869 6748 7944 8220 10696 10258 12125 949 12787 2909 3506 5422 6719 8416 10498 1849 4587 515 8056 2617 11372 8569 10748 11475 4434 8833 207 4164 3261 11315 4100 4287 2651 3763 5547 7538 7931 441 4149 1118 2813 3881 8598 4649 5800 7948 9520 33 6438 10572 1894 12182 900 11712 4196 11089 3885 6641 1339 8152 2442 2781 6310 6625 9276 12469 805 5206 2958 9188 66 4148 8580 12675 3520 5639 3028 5687 738 6986 3141 3543 4540 6693 9048 6394 8848 7 1843 688 741 7338 9457 10590 1453 7292 3584 6156 8705 8859 12410 4445 5578 3741 4779 10621 8262 9632 2329 8872 11736 12181 11513 12765 8976 11677 2248 11724 1482 5604 8886 9159 6593 7814 8063 12201 685 8706 9246 341 5338 3669 3745 408 1771 369 5975 12812 4175 5143 7134 2473 6165 855 2867 10134 5293 7323 3274 7633 9548 1691 3710 3212 7915 9174 2234 8173 528 6754 714 2195 9826 12005 1366 7587 2644 11821 7277 7456 2684 9759 4758 7225 3330 8439 2872 12526 6476 6779 4457 4986 7597 9504 3355 8826 4534 8404 2424 4258 8493 8914 9503 1504 11717 1875 8997 10011 3091 12672 3569 8114 5648 6258 1079 6606 11922 6427 12381 7359 7695 73 1821 1406 11903 11940 5363 10864 8182 8691 9222 10641 5801 12496 4816 10857 2095 6155 4528 10369 7563 12284 
12351 13043 13130 
12363 
12446 
12502 
12542 12861 13513 
12554 13099 13480 
4708 12569 
12716 
12822 
12826 
12828 
12830 
12831 
7490 12839 13195 
12842 
12843 
12844 
12845 
12846 
12847 
12848 
12850 
12852 
12855 
7036 12857 13078 
12859 
12863 
12864 
12556 12871 13226 2630 12865 
8107 12868 13261 
12869 
12870 
12872 
12873 
12874 
12876 
7208 12877 
9938 12878 13487 
12880 
12881 
12885 
12888 
12889 
12892 
12894 
12895 
4998 12896 
12897 
12900 
12902 
12904 
12905 
12906 
12907 
12911 
12912 
12913 
12914 
12918 
12919 
12920 
12921 
12922 
12924 
12925 
12926 
12927 
12929 
374 12931 12978 
10574 12932 13185 
12935 
12938 
12939 
12940 
12941 
12945 
12946 
12947 
5977 12948 13426 
12950 
12952 
12956 
6687 9561 13089 13407 8814 12957 13027 
12959 
12961 
12964 
12967 
10768 12971 
12972 
12974 
12976 
12980 
3941 12915 12973 7111 12983 6308 13116 
12986 
12988 
12989 
12990 
12992 
12993 
12994 
12996 
13001 
13005 
13006 
13007 
13010 
13011 
13012 
13016 
13017 
13025 
13026 
13029 
13033 
13035 
13036 
13041 
13045 
13046 
8234 13047 13368 
13049 
13059 
13060 
13061 
13062 
13064 
13068 
13069 
13073 
13074 
13075 
13079 
13080 
13082 
13084 
13085 
6145 13087 13284 
13090 
13094 
13096 
13098 
7651 13076 13276 1647 13100 
13102 
13103 
8615 13105 13238 
13109 
13113 
13117 
13120 
13121 
13124 
11602 13125 13231 
13128 
13137 
13138 
4290 8281 7928 9180 2118 12041 8061 9974 4747 8602 318 13134 854 3716 8666 9042 1588 5465 12739 8295 11007 11445 436 8756 9033 3793 10929 8696 9618 447 5485 6436 6467 8805 13132 722 8108 4018 6028 6014 8912 1642 10632 376 8313 2450 5998 151 7776 11252 3859 9611 8082 10982 3504 12067 1532 3510 5669 7968 9435 929 5045 7333 9160 1277 12478 5234 6319 8335 9324 4030 6147 3721 8341 9829 9841 5948 11566 12655 12718 555 11997 12891 5903 11534 3655 6938 9251 11839 4963 9546 1204 10182 9698 13251 507 4417 5205 6174 4634 5899 5210 7378 8427 2175 2509 10143 3400 8936 11411 4795 12383 6587 7662 1206 11609 2091 6252 8836 2103 12737 4349 6789 13376 2304 4277 9333 798 13546 6939 12429 12487 3395 7978 5484 9909 599 13139 
13142 
13144 
13145 
13149 
13152 
13153 
13155 
13156 
13157 
13158 
13160 
13162 
13163 
13165 
13167 
13169 
12135 12966 13028 8136 13171 
13172 
13173 
13175 
13176 
13177 
13178 
9047 13183 13275 
13184 
13188 
13190 
2443 13191 13401 
13194 
13200 
2282 13201 
13202 
13203 
13204 
13205 
13208 
13209 
13214 
6410 13216 
13217 
13224 
13229 
13233 
13234 
13237 
13240 
13241 
13243 
13247 
13248 
13250 
13252 
5483 13254 13319 
13255 
13256 
13257 
13259 
13262 
6411 13263 13362 
13268 
13269 
13271 
13272 
13273 
13279 
13280 
13282 
9429 13286 
13292 
13295 
13296 
13297 
13298 
13299 
13300 
13302 
13305 
13306 
13307 
13308 
13309 
13315 
13316 
13317 
13318 
13320 
13323 
13328 
13330 
13331 
13332 
13339 
13341 
13342 
13346 
13347 
13348 
13349 
13350 
13355 
13359 
13360 
13366 
13367 
13370 
13371 
13373 
13378 
13381 
13382 
13384 
13385 
13386 
13387 
13388 
13391 
705 13424 7773 13393 13414 
13396 
13397 
13404 
13405 
13410 
13411 
404 13413 
13418 
13419 
13422 
13425 
13427 
13428 
13432 
13435 
13436 
13437 
13438 
13440 
13442 
13445 
13447 
13449 
10055 13450 
13451 
13456 
13457 
13458 
13460 
13462 
13464 
13465 
13466 
13468 
13469 
13476 
13478 
13482 
13483 
13484 
13485 
13486 
13488 
13490 
13491 
13493 
13494 
13495 
13498 
13499 
13503 
13504 
13505 
5203 13034 12568 12965 13277 7863 13508 
13509 
13517 
13524 
13525 
13527 
13528 
13531 
3912 13532 
13533 
13536 
13538 
13540 
13542 
13544 
13545 
13548 
13549 
13552 
13553 
13557 
13559 
13560 
13562 
