0 
37 
72 13333 
325 
333 
355 6555 1809 8117 10406 8333 10865 8709 11158 6652 9306 11806 1407 12395 4093 7777 5535 9323 119 5989 5704 7367 144 339 10435 571 11827 1199 6546 7285 7370 2874 10931 5549 9950 5191 7717 12491 1092 3177 7592 10144 1032 8088 3542 6857 3431 4414 7569 8367 11077 2407 11741 8928 12440 7295 11075 3152 5417 9846 11848 3430 10848 4480 12691 5810 10579 10712 10928 2301 4492 4621 7650 4780 7241 9189 3007 9199 10737 20 6955 10657 11721 4815 6316 2914 4320 2911 6150 8393 4191 5437 7665 9718 6753 10823 11145 6100 7828 8201 2937 10616 852 11452 1007 7888 4777 5080 208 9685 1437 10141 3861 4033 6225 9624 663 7964 2759 3262 6105 7193 4327 4396 922 4966 88 7581 10472 3051 9371 4091 5270 5954 7124 10173 4935 5456 6226 7080 8044 2537 12786 3747 5257 7698 1834 11990 4750 12295 115 1179 9270 11384 257 5524 597 6823 8843 5061 9211 2166 4318 3095 11626 737 11389 1211 5953 4386 9106 1867 7805 2221 5681 6740 8168 12078 13288 4319 11059 4507 9172 5415 9105 1897 10681 6477 12261 1995 9294 2054 11258 3405 4228 8923 10444 1925 9827 1271 11652 6872 9649 4742 11005 9958 11490 12294 7075 7843 3117 4455 1891 4588 4810 11305 294 8577 7299 12431 55 10809 11215 8535 10082 7217 11063 7394 12036 2929 8097 1062 3224 4486 3276 9275 8187 8686 8834 9855 3218 8568 1568 13351 4720 6870 10123 11488 4161 4895 2273 7898 1300 6880 1297 11925 5344 8191 11078 5739 9565 11030 12367 2680 3323 1354 9910 2591 4468 7199 9879 8071 10057 3531 11784 1376 5725 9766 10278 11711 2142 7356 8533 8700 11663 2978 9749 11279 1191 8233 4026 9268 10531 2535 12599 5224 12613 1780 4545 1794 7558 8283 12190 3391 3974 6831 3470 10270 570 4515 1110 11885 2681 9400 11449 3840 6798 8243 548 7573 2505 11671 5180 12498 5812 6456 4342 6752 3302 7676 3394 11583 3851 4553 4400 7892 7460 9072 7775 8570 3077 10542 12600 2898 4367 7076 8835 2674 5444 12779 4881 9184 370 675 1288 2414 11694 1651 2278 4679 6945 9893 3705 4144 5050 6112 3176 4955 2323 5968 6718 1122 6473 1408 3624 1356 7255 7623 7989 219 4086 6686 12399 
409 13181 6212 12834 12910 
411 13552 1584 13265 9170 10036 13506 
31 1352 12112 12532 9999 12480 8445 11995 676 7006 12650 4926 9604 4009 11108 4512 10859 1273 4571 465 13329 6027 11117 10877 12056 12130 13150 8605 12685 6906 13311 332 547 10945 12801 5292 6416 3785 13340 194 2860 6730 3279 10536 2260 5635 4593 6374 10343 11388 6494 9356 1661 5398 7660 1386 6094 2144 7758 10475 3752 8004 11053 13159 3465 10189 2400 3877 4902 1340 4379 9069 12500 3814 6835 8362 11552 661 10263 1123 6887 8003 8030 2155 11667 1636 2238 2524 6433 8477 10228 11420 5014 5085 4727 7004 7987 12187 8786 9139 2458 7380 9337 7862 10364 1910 9451 2315 7455 10052 11758 10471 10883 1922 1964 12333 12349 7641 10834 782 2063 5678 1214 10479 5515 5646 9029 291 7117 3116 9303 7728 12628 989 8599 8801 11662 1242 7590 2070 3253 12058 2663 3646 5464 7246 7390 12553 4761 11927 2027 4267 5544 8125 10397 5029 8437 7654 9522 4305 12148 2150 5881 7451 10350 11206 2906 5721 6131 10290 9578 10608 1790 2910 2775 3965 11447 12253 2476 8799 1836 5775 11344 12447 2999 11358 3011 5779 9489 1073 2946 4716 1637 4488 600 8764 2143 8458 1435 5434 5673 7086 12625 5146 7071 5492 7304 9793 7722 12385 364 11918 1812 11140 3420 3673 8394 2675 5942 11335 2580 7834 2800 4828 4385 11868 4941 5638 10640 5100 10408 5016 7730 5540 9605 10830 12587 1187 12445 1360 11121 6428 10354 10704 1241 6123 1492 10942 1859 10961 7485 7853 245 5071 2066 3157 8118 2346 4710 4922 1510 11852 2077 5641 3217 3628 5932 6920 1671 2321 1255 1827 9760 12060 3479 11836 7938 9093 790 7643 9912 4131 13539 2864 3733 12002 2200 5773 1565 11401 6475 8024 13000 6177 9327 9006 12514 2602 11128 4889 10736 5399 12733 1470 12510 4968 6205 9309 10213 12228 8752 8904 12934 128 9007 12660 518 6597 595 9265 1331 7038 8388 4509 11022 8079 10013 4770 9127 5469 8515 6772 7228 7749 8284 2866 3547 3720 11421 7173 13358 3882 3918 10073 1286 2858 9067 1502 6728 1072 9317 1842 4372 4684 8600 2488 11376 9370 11470 258 2045 3178 9477 4236 5582 3216 10993 1507 4853 10665 4198 9498 9696 3706 6294 9955 12982 5967 7427 11803 11948 2689 8422 10869 6464 7690 3886 11962 11181 11902 4857 5696 10996 11559 12953 480 1051 681 9628 1496 7521 6564 11571 437 1562 13304 10465 11301 2223 6451 9671 267 6884 610 10240 5761 7996 910 10887 2188 5246 2758 9487 510 1560 808 4923 9014 
484 
368 12026 6869 7127 101 7033 12019 7366 12488 3145 5015 4263 12061 3312 4301 6 13459 2923 9583 4441 12962 2706 9739 3874 6303 12981 1385 13056 5202 6525 6628 8637 9388 12025 29 9587 8346 12755 3196 12611 4123 5970 6504 9810 7957 10280 7539 9920 12886 8728 11178 9630 11205 209 377 2309 2878 2501 3099 111 2380 9724 190 12454 835 8520 4013 6695 2512 9574 5825 10375 5254 7486 13511 4538 6613 10004 10279 3319 6293 4110 7926 12165 697 6521 764 12727 1839 4398 8387 2168 2742 2336 7473 242 4095 6329 6806 13477 6073 11801 3639 5726 6825 149 8640 13051 1658 2113 7657 2594 12185 5265 5660 7072 9623 7374 10884 296 2148 7049 6378 7262 9158 501 1350 2553 7684 2356 5375 6419 1186 10084 1774 12807 817 3528 12149 4304 6091 4392 8663 186 6265 2227 5587 3012 3917 13003 1162 5640 8406 11251 12150 13108 13182 6845 8825 13004 4956 13019 4276 4715 6989 10301 13322 3993 12439 4332 13556 10414 12414 5370 6859 7090 7462 7645 12177 13522 891 11499 1628 10747 3285 9353 4560 8353 9144 1196 9787 1614 5009 8408 11481 60 1244 5674 1396 9662 7463 10460 11866 460 1802 5508 7169 11572 5166 6005 3413 7548 7929 2140 3769 4029 4919 2886 5820 4365 5629 4746 5420 4031 6775 7506 10205 890 2611 10388 10625 5466 11352 5481 5900 1850 6492 9794 7923 11199 781 7325 6503 9460 5468 5852 9592 11069 4409 9791 11276 12756 2217 5473 6383 6439 7949 3084 8104 1218 12696 743 974 8845 3958 10749 13289 4283 10920 10962 4416 4549 1148 11026 5033 10787 2310 6653 1306 7466 11778 2665 7484 5600 8674 8235 12598 373 5651 9462 8759 9196 991 11288 1457 2856 2012 12129 8012 12977 13558 1188 3130 2125 2484 2700 11073 11081 1673 11914 12999 4435 5951 8214 1873 12643 2526 6157 4234 11457 6623 12713 1587 13179 11353 12546 7766 10522 11917 8337 13170 1487 5111 3979 7047 6377 12970 8469 13301 2164 6390 2517 11220 4575 8037 122 538 4529 8286 12734 442 12325 8456 12476 5329 9399 848 8400 10827 11632 7115 12511 10117 12359 8432 13369 
893 
1108 
94 4655 5842 10212 9543 10660 8129 11493 6561 11413 8488 11057 1411 2327 1121 1439 11520 4901 7869 1791 2490 8723 725 12008 3688 4603 2690 11417 12459 6046 7959 11599 831 10709 102 4590 3206 5758 6216 7973 7110 10319 10613 7428 12169 57 10146 559 9328 3036 10224 5938 7153 11973 1012 12512 3175 10964 1152 11070 3193 7319 9149 11025 5864 12176 833 3287 1164 6601 1612 2266 4466 2934 12621 6341 11590 6922 8878 6796 11535 1240 9205 4706 6974 10686 12538 1267 6995 2901 8794 12704 9055 10878 2662 9226 1299 6664 9819 2682 8783 3878 4535 757 7664 12329 3570 9795 1442 4645 1900 7195 5769 9960 10005 488 8678 3605 4352 4568 10797 12457 1869 2908 3383 6522 11872 3169 10451 4897 7198 10470 9217 11318 719 11565 11889 54 2379 2469 4407 5897 9921 1210 5353 8269 2828 5575 319 9521 4905 9579 837 3094 7138 10000 10266 954 4298 11595 1081 10766 2425 4994 5171 11124 4650 10092 5410 10230 1220 8738 2239 4145 7620 1923 12204 10886 12798 4004 9812 5346 11723 6490 10527 10045 11640 11926 3679 10400 9253 9701 1785 11431 3514 12136 10137 12051 51 2114 10722 12780 2198 12341 2324 8901 12018 4607 8969 2596 10858 5313 10911 604 8327 12567 542 1334 8442 6446 6551 3135 7824 11980 158 4802 5500 5368 6583 371 7392 3910 8864 2316 11533 4598 5532 8463 8733 9845 11317 11325 921 2756 5598 8558 378 7491 8587 9903 9975 9738 10426 1749 9467 7838 12636 164 4611 5793 1826 11943 10842 11134 2765 9425 10953 1740 4937 11049 3131 6679 7420 1537 8527 4522 5697 4211 9359 1952 7444 2394 4251 9954 12571 3876 4134 10297 4821 7324 10477 10894 1182 12603 783 7407 977 10074 5390 9878 407 729 10291 12212 7145 8426 9494 11193 976 1543 1292 1370 1429 2993 4344 11577 1048 5628 1342 7046 2571 10049 25 3845 838 8294 5066 5956 9639 3363 6085 10502 1026 8502 1633 6888 10598 1156 8643 30 8215 11802 1653 12114 4768 6566 9009 10556 472 3931 9803 3039 11250 12328 2502 7715 9601 1919 5253 5711 1161 8467 9473 10359 9063 10914 39 11726 879 2849 6807 2956 12194 3329 5227 2818 5945 10025 10227 11768 706 5623 1797 8758 8847 2847 3188 1088 4459 5385 11921 12711 4564 8267 4843 6038 9008 10087 10229 10535 3 274 3582 10128 990 12576 
562 10636 582 8701 9446 9367 11732 6135 6219 3485 4558 5056 11284 5354 9733 114 6632 12656 5330 6758 1569 2695 4676 7007 7879 1280 3736 5705 8216 11913 2171 12217 6932 9376 4652 10882 7604 8594 11647 1329 10234 1594 5614 4010 9599 11338 12240 994 3501 1219 7207 4264 12816 1459 1699 4838 3739 11752 8987 10730 272 3717 5308 10586 5632 7226 3742 9581 12531 2340 9806 10418 12124 1551 12156 3508 5395 9266 7740 12029 2560 2617 11689 5053 5827 11475 1239 8833 1438 7753 99 3103 161 8926 7895 9354 12072 12698 3746 12391 802 7338 2813 12125 557 2251 2439 3161 1453 9083 4458 10496 3301 5718 6392 6958 9284 9753 9778 10168 4048 8872 8705 8848 8859 10590 495 1160 1695 8085 1534 5425 11681 3006 12646 4757 8418 5032 10130 3681 5680 4369 8930 6742 8598 3973 7292 7421 8516 804 4453 10176 6991 12453 1222 12082 3849 4573 8979 9804 289 3615 1323 3587 9956 2009 3698 2219 5023 7087 10289 82 7755 12131 4574 6106 975 12394 7269 7720 8510 5847 8261 12731 3763 5995 3282 8909 1482 3881 4434 5604 11903 4649 5800 6255 8984 1339 12787 2651 5648 3539 8569 207 3251 3415 10685 441 1714 4066 8056 8817 1118 9457 4587 4670 1849 8782 10509 1406 6258 10748 2948 8981 9129 4149 11315 2909 9719 10609 11983 515 7538 3919 5547 7912 10259 2980 10288 9233 10345 2646 4374 822 4418 11538 497 4116 2253 5480 12504 1887 5896 3947 7147 7450 11507 1575 10761 1100 2561 7813 12031 1775 11915 5186 10417 2099 8288 5655 10037 2308 8155 3625 7711 8581 10437 8459 12720 10743 11731 577 9230 2534 4707 4797 8654 12075 
1264 12899 13516 
1382 12825 13048 
5378 9090 5732 7627 6116 12623 870 4600 8983 2791 11463 4825 8875 8905 1332 8697 2295 9746 3751 9238 2582 4672 1235 2785 9515 7889 11879 12330 63 5217 650 935 424 2466 5296 4399 11665 4370 4870 5352 11585 2085 9407 3397 12426 308 342 1708 3064 8648 310 326 43 3901 7874 5565 12434 96 907 5606 10519 1400 7052 10096 2094 2905 3887 8892 1779 3048 6444 6670 6042 10160 720 2184 1283 6420 5997 9204 1702 6847 11291 1333 3164 8385 5920 8827 9626 2626 2837 9797 11409 8934 10067 3676 12579 10093 10482 4452 6983 5038 7239 4312 7271 61 2656 10800 10975 11718 13344 5482 8765 5772 9405 10151 12518 6787 12732 170 6533 12949 1133 13500 13561 1717 13547 1626 11844 2105 6318 8180 474 9214 6527 7583 11173 2411 5868 7674 3023 6697 8540 6187 10200 984 2721 4799 6045 3529 6666 4235 4635 12068 7616 8526 8020 9849 2215 11446 6917 11489 1807 7328 2985 8411 8980 3202 6189 2495 5078 10804 400 7796 11212 4991 10593 1672 10157 10553 12206 2395 9745 10666 9088 10159 2581 3043 6148 9245 11115 11017 12789 1593 2293 3927 10003 10307 10898 1343 1597 2061 6039 3586 8968 8330 9035 10431 11747 3934 12619 3091 9497 10999 3137 4210 11441 8208 11012 11859 4984 5682 7513 11854 9191 12303 3561 4794 6241 10835 4467 9091 5362 8998 4637 9636 165 9875 402 9666 3640 5249 6321 12224 7329 10938 4514 5404 11906 2654 4617 3189 11748 5062 7632 7745 7986 10446 3765 8841 4824 7141 12543 2927 6453 8731 9707 3197 8238 3732 4074 6134 7603 78 8080 1659 6185 10671 6256 12199 4229 11029 3740 8260 4039 4419 4981 1428 7705 416 10257 3805 12791 2997 10027 3690 11899 9526 10202 6814 9535 2964 12694 3142 5766 1045 4187 859 4044 4035 5749 4255 5976 3517 10298 10284 11004 11556 12065 668 10353 1245 7625 469 3833 2792 10386 3708 10078 1782 6110 2475 12813 8957 9545 5421 10337 2325 3149 2246 4146 8326 10972 12215 779 9779 10599 1014 2276 5148 5522 11176 4844 10852 6327 8087 5677 9312 6982 7039 7216 9269 12523 9485 10489 713 8505 1541 4007 10672 3339 9482 12458 3612 3780 3649 4689 5002 10715 11919 9947 12686 4060 12384 6557 12648 7602 9040 1988 8013 1825 9931 1195 9647 9530 11760 5792 9721 11646 3406 3423 12749 6012 7572 56 2002 3729 7312 4062 5960 11304 5855 6286 9705 461 6339 7629 9022 7847 12361 877 6312 5717 8343 4930 4933 6217 8819 2042 3238 7092 8305 11509 12126 1585 5173 11746 100 6353 47 11703 2763 4504 6355 11669 4792 11812 2480 9664 7310 7634 9097 5585 7375 11326 5365 10673 12793 4436 7034 9128 967 10204 2441 12080 1666 3358 8421 12729 6818 8417 1848 2838 5828 3806 9390 12771 12809 3242 9817 2786 2938 10251 10630 489 8197 5993 6578 1603 10063 6260 12784 7489 7927 4448 5105 6716 12508 2181 8485 3957 11654 13310 1795 7279 8846 9907 9963 
2287 10682 8803 12415 11451 11825 1310 3200 3213 11152 5389 11622 916 5454 10384 4920 7142 9021 9418 11905 6627 11048 1035 10039 2609 11745 475 8613 11333 1990 3060 6118 3266 6873 5098 9298 3280 8064 4494 9015 2814 5752 8083 1846 7386 6030 10349 6931 10745 7376 11738 172 1645 116 8429 11649 664 3436 3523 6099 10844 1069 7123 2736 5239 10438 5211 5432 124 7624 1516 3636 6224 10661 2019 3054 12034 4069 10908 3299 6505 6010 10988 5369 7385 11856 3459 6803 12256 4565 8449 5943 7992 2511 6040 8659 1298 12540 12593 4726 10629 8465 9768 533 4766 10225 1697 8398 2440 4102 12128 1090 2064 3548 9030 1844 7232 3132 11221 4471 6387 11938 2557 8777 3494 6706 7467 8352 666 8538 1183 7022 1786 10370 3559 11589 3270 9432 1521 6925 8002 1914 8521 2504 9168 9343 11981 11391 11613 205 5601 844 4513 3592 4415 6827 1015 11211 2850 7354 3748 8042 4359 4696 9789 356 9860 1266 4629 7274 7679 3884 10403 1486 4462 11603 3438 3477 227 8618 4721 5196 9264 9964 12106 2268 2761 10708 8130 10409 8386 10065 6608 8522 3913 8086 11337 12198 958 8015 11125 11123 12560 1361 10775 2359 5083 21 11169 780 2463 884 9711 3425 12450 1380 3335 11606 635 4624 3181 5489 3491 7866 12162 2370 7806 6499 10139 198 3658 938 5019 10235 11529 895 11038 4896 10248 7398 11111 2592 5172 6369 10081 3551 10678 4913 9240 4940 9867 3656 7211 11968 12352 691 1928 5934 6320 11234 4841 4925 5317 10040 3070 6426 10889 6897 8453 5504 7537 8248 8620 1249 11141 6071 7010 9811 9295 12794 500 6635 1390 2360 3236 843 10328 6151 10416 930 7164 2351 3536 3685 5710 3626 8991 3844 6892 4976 10091 75 4053 9248 10650 11584 11691 3790 5407 435 11001 11941 1085 9194 146 6501 2628 9249 11375 12064 2932 12290 327 6612 2399 7334 1546 1981 9754 9044 12584 2051 8414 6535 8184 669 12357 2498 5841 11616 744 5957 11678 2793 6924 418 5599 1590 6023 6797 3651 8275 4476 8148 3815 5294 2753 7322 6900 9152 7397 9620 8274 11766 2968 3170 2109 7031 8492 1733 2147 10806 282 3629 4444 3684 10576 9736 12141 3336 4760 3955 4664 8334 8315 12144 11186 12038 12583 
1567 
1591 9863 3165 7066 4206 9254 11548 3334 4178 4023 4521 13357 1071 10295 2779 3239 5406 5668 3777 8820 11637 7967 8219 8490 9116 12155 1522 8907 6785 7382 1804 2780 1223 2510 4375 9389 12665 11264 11635 7222 8256 2595 9588 7588 12717 1644 13474 1317 8557 1490 4581 9185 10459 829 1599 2214 8466 12001 12045 6425 10312 288 12153 1604 11779 7191 8450 422 5194 3433 4273 3035 7693 9448 9654 11024 12238 13374 2190 2396 9852 12782 8006 13264 1101 1746 9843 10242 1146 6840 10605 2010 2348 49 2162 5830 12304 2790 5618 10198 10729 2947 10592 1787 7445 8915 206 410 3813 3796 4055 8126 7341 12592 1447 2944 6332 12495 2546 4959 8282 8544 1824 4786 5423 6683 2718 6396 5823 10283 11864 3474 4067 8498 7030 7471 4307 8572 387 1099 4661 7029 5182 5347 6517 7525 8209 1535 10216 1852 3738 12712 9042 9180 9788 12039 2326 3579 6941 5754 11357 3792 9699 3879 6274 4224 6639 7687 732 7564 8295 12718 12739 4555 10847 12655 7505 12478 7333 10941 5234 7011 9381 2118 9160 9841 11566 1532 5899 6436 8061 8805 9829 4898 6111 1381 6319 10873 11197 4133 5927 8021 8874 1209 3949 10456 1422 3602 5360 10433 3620 12849 6570 13563 3080 7884 4939 6386 4566 8655 476 4430 12652 2149 7035 135 4903 591 10131 5615 7468 6618 7253 2771 7839 828 6965 2444 7065 12202 2714 3645 9929 4660 7636 2284 8427 1789 4871 5633 7677 5590 12747 3781 9403 11978 293 7963 8231 10334 4478 6014 4376 7968 1670 7776 1950 8912 9808 151 11916 767 1142 5210 7378 5762 10756 929 2415 6587 2435 10143 2766 6028 4018 10719 2583 2973 5341 216 2875 2694 4316 5791 3599 7610 4104 5359 5669 9220 4003 10807 11769 1513 6883 10424 11993 972 6178 572 9528 6629 10060 3716 10637 565 8854 269 7177 3461 10956 3928 12227 499 1346 2186 399 6673 7300 2249 9424 2296 10619 13324 6345 6725 1503 12960 1530 5465 4732 11534 1579 9782 5286 6508 7559 10399 1256 2428 9735 10015 11007 3147 7918 3504 9435 8068 12173 3613 5157 10718 11797 3191 5058 6264 10195 7785 8525 6467 8281 4290 13132 5948 8666 3821 6938 5903 7928 4963 10182 11901 318 13134 1204 9698 13251 9546 10095 1805 11839 2037 9109 2173 8082 854 8023 7202 12682 5683 10885 5636 10982 1588 8482 5658 9251 3819 8602 682 3899 4774 6229 10969 7406 7955 8312 10991 3513 10512 1040 5777 7078 12331 4548 7270 6107 6577 5214 5443 3655 8078 5557 10296 12594 64 5738 10293 2552 9822 5564 6317 11464 10221 12266 5591 7689 11240 7948 10933 738 9818 2329 12705 5664 8711 10746 241 6693 3584 12281 10023 12419 4818 6095 6066 7243 1326 4948 12765 3141 4748 5991 6313 1769 3424 4651 6876 7750 10731 539 1248 1745 2244 4958 7565 11492 784 2657 1125 9988 372 2021 7574 9455 11682 3308 8810 3478 3779 5238 2521 8559 665 3903 4220 2879 7224 7595 1921 11515 1563 5055 6701 5039 7886 8306 1097 5288 933 2486 9500 2637 5930 7900 11816 2068 3727 6702 2381 2730 2743 1270 8166 2807 4943 11245 328 3272 531 5478 3393 6379 1119 11497 12243 4114 8240 3315 5221 108 10062 1823 5755 11165 9506 11229 7055 7492 2465 12189 
1683 13287 13526 
1713 8128 
448 6734 1028 2047 1929 2896 5332 5345 8908 6053 10239 5609 6398 5272 8440 1879 3377 4693 7614 4012 5290 4070 11673 1420 2365 3585 561 8718 9514 12984 5949 10121 6282 8324 6634 7812 4092 7769 6898 7988 8011 10467 5733 10488 1363 4126 8712 12084 3121 12683 330 10326 3929 12785 2460 8309 3452 9704 5164 13278 9658 13285 13372 376 3510 8313 9618 1642 8696 1941 10632 11252 12726 436 12310 883 12184 12995 3939 10929 5862 7962 2450 8756 9033 9387 447 1520 3793 722 5045 3859 5485 4037 12067 229 8124 1971 6851 7302 7388 6179 11521 320 2055 997 7767 5971 6414 1149 5151 13294 5027 6717 1818 6328 8744 9611 4047 10330 869 4884 10791 9193 11739 4227 13412 1194 7143 2953 5558 6437 8509 10571 886 3313 7405 8950 926 10020 3756 8165 8650 9049 10064 626 3870 6357 7924 4303 10855 8871 11013 11425 4942 9101 204 953 1811 594 12127 1434 6331 11793 3982 11561 2259 4011 5637 2887 3518 7557 406 9690 5394 9854 6093 10022 7186 8433 1395 8789 5706 7589 7851 6949 7043 8851 11774 1703 3221 1172 9834 5081 8028 6037 8913 490 12324 2059 11303 1707 4293 1103 2554 3689 3834 1901 7658 4599 11893 12769 1583 11076 8323 11661 5274 8715 10503 2760 4860 6158 9584 10247 11569 
456 589 5072 9131 1884 2492 9362 2233 6757 9959 1281 3046 9059 4306 10606 632 2016 6048 11266 449 1488 12017 6688 9890 1737 10241 5300 7061 2569 6729 3543 4245 5794 4808 11742 4950 11146 6644 9541 9150 11407 1020 1468 1493 4423 11759 765 5076 1170 13050 2334 4142 5424 7174 3434 11342 12607 1105 6163 9542 2776 4006 5113 5137 5139 9646 8682 12499 6376 8160 3916 5177 3817 5102 4813 8060 5708 6447 10184 9837 10528 794 3045 12262 5554 10226 218 9570 7093 8377 1955 6755 9650 10035 10441 11091 7545 12342 5451 9151 3810 7668 10837 6315 10723 3633 8181 534 11798 8780 11777 5082 12501 1750 9891 11031 3223 11426 334 12435 5438 12620 1648 2317 2493 3072 13433 8366 9602 7580 10693 826 10891 3092 7692 6114 13221 1052 3309 5433 5859 9989 12096 9968 10430 2667 9641 11249 4356 8403 8929 4755 9065 150 9538 2841 10428 556 2688 12987 7680 7744 551 2342 3489 13267 4695 12762 430 2139 4924 5584 6532 8188 12432 3972 6445 1770 5007 2734 9229 1545 3015 986 1003 2264 3933 5592 10923 240 8348 3839 9723 5401 7549 1865 2191 4308 8763 3902 12489 10105 12316 1158 7737 6852 11982 3482 11805 4027 5873 4662 10692 5551 10959 10363 11419 4241 6808 2900 6696 4300 10667 11935 6805 9241 11813 3032 11396 12027 201 2043 10217 519 607 7943 11744 889 1190 8325 4429 7474 6015 12323 11092 11518 203 4171 4744 9715 2691 11182 5566 12676 6432 6489 3033 7799 4697 12277 6082 7621 8318 3855 4078 6238 6363 8434 8844 4606 6771 4837 4847 7352 59 10351 136 3952 2955 11549 1855 3538 6415 6735 3055 11891 8178 9780 5455 10393 12115 74 6523 7508 10895 11009 1259 7561 9373 12423 1931 3873 8472 1959 4413 4257 4586 3618 3864 11512 1700 11267 11341 2634 9349 6354 7273 9132 2713 11956 2513 8096 9255 10292 8720 10776 9673 10520 4906 11851 4552 11378 6999 11992 12442 4551 8203 93 872 6450 28 5303 9004 246 11945 2160 2398 8595 9039 10600 3498 9198 12400 12023 12821 13044 575 12433 8985 11253 5475 10866 13053 9997 10061 1909 2949 6133 3119 10149 10272 2104 7532 2603 9322 11020 12699 3672 10994 11841 143 8586 5537 5936 9321 12541 12774 5562 12700 5255 11959 
1974 13065 13223 
1467 9823 11055 3106 4849 11010 12667 3483 11243 7309 9299 8356 10909 1263 3511 11695 8529 12229 1010 9512 2747 3754 4259 9781 9986 6878 8778 9336 6154 8378 10099 2300 10529 1570 3398 1877 5620 8292 12416 9444 11483 2092 4678 514 1215 8716 9499 1739 8409 7731 11574 6075 11794 3235 5323 1793 12336 4822 11931 4630 11501 7868 9732 3942 10050 2795 8770 4042 7683 4288 9904 213 8206 7606 8154 12280 2825 5161 8641 11666 1514 11869 1776 7019 12528 537 6004 7897 11697 12661 9054 10071 6109 7073 12137 721 4499 2110 8410 4648 10565 2256 11122 2429 2839 6210 10335 6287 11947 1261 1993 10387 4527 11960 367 4433 7298 12117 1678 5621 12102 819 10443 1589 7732 4036 12471 2620 5222 4242 9178 1536 3764 5885 6021 10106 7268 7452 12644 2746 5700 2971 3566 2354 6060 2848 10905 611 4368 8927 6284 10984 7379 8562 4694 9447 11322 630 5702 1409 2669 3052 6591 10971 1947 5160 579 6172 5402 10101 6137 10487 3432 8435 11416 11591 392 3978 1405 10853 7517 7738 10773 10792 2578 5430 4028 5311 1962 6656 4537 4917 5819 6909 11364 3198 4804 756 2942 4636 6710 9922 4360 8967 5742 9952 2827 11273 3248 7672 8563 10423 11829 5994 8906 8668 10862 12985 395 10803 3683 5839 7700 2487 6119 3671 10581 11601 12549 3255 3759 5384 8574 3533 7733 9476 11617 23 6361 13148 235 2640 6553 1391 4083 513 2274 2912 11840 7849 12766 7741 11370 11185 12032 861 1140 5075 2796 3989 6092 10161 2226 10090 709 1957 9529 6024 12772 6200 8314 4626 10980 12360 2737 9495 13207 4997 12524 1291 9157 13192 5528 5782 6590 13363 1250 10110 
2177 13071 13168 
2306 3120 
2312 2347 
4957 5990 5367 10683 1878 9761 2241 2331 247 3502 2384 4203 11965 2375 5834 3390 5634 9357 1448 6370 4936 12763 6707 9169 12781 624 11296 5572 10150 5189 6043 3416 7401 8 5405 6044 11172 4520 7493 3408 5335 7229 8133 8989 8100 8370 1192 4189 8541 10166 9816 10412 5854 12120 13136 5096 5387 9598 939 11817 13070 1065 9250 9871 12355 5799 9966 7905 8151 8830 3172 10473 10639 12575 543 4877 10651 11963 13127 1274 3209 8616 11743 3360 9657 12179 12274 12 13467 5811 8454 8636 12154 2632 5642 4969 13131 8508 12497 2916 3234 7958 8383 4160 10486 12293 5685 10932 6559 8145 5328 6893 12098 778 7215 4138 11023 11466 13092 1622 8555 1861 2368 1907 10970 529 2445 7562 9203 4405 9848 524 1389 11160 1436 4859 631 8560 375 4354 5501 11079 12797 6463 11865 8946 11707 5448 12073 22 4268 12723 5853 6070 12143 7786 12677 1972 9234 8530 12188 260 2952 396 8703 1497 6180 2639 8964 3798 12318 5350 12299 1903 9472 1748 2851 6459 8893 10382 11162 9438 10618 12013 2612 11944 
79 4355 5168 9219 5207 5925 821 3697 10872 851 6529 9107 10010 2366 5298 3187 7129 5892 8059 3158 4163 10153 2822 9292 34 2784 3399 4739 1083 3521 11579 1835 2423 2307 10732 3456 4278 5449 11041 11614 8982 10540 1180 1685 1951 5905 9 6191 9041 11996 12139 464 914 9815 964 4978 2106 8110 2855 11260 4231 6531 3010 6250 3893 9824 12602 2322 7648 4172 5561 11196 7652 10695 3490 5476 5391 6084 1362 5281 5747 7515 12119 6645 8798 2809 3367 5723 9809 4873 9415 249 12195 704 12645 2508 5158 5915 3190 7130 3127 5403 2167 3660 12552 3263 4576 1631 10008 1053 1938 11035 3847 11262 603 9619 6138 10154 4000 4387 12214 5691 7783 2122 8425 12564 6152 7919 9232 3153 10250 215 6741 11406 4686 5889 5414 6715 9449 1091 1709 2404 10358 10497 3381 5813 8143 1607 3448 6061 8734 2378 9840 3850 10124 6514 11853 2745 5735 11991 8961 12688 1375 7041 1417 10122 2072 9962 3225 8436 1189 5103 5297 4424 6947 5518 11287 238 1984 10322 3476 6993 6562 11495 5460 7109 347 9491 508 7326 4357 9237 797 1766 5445 1232 12502 1598 10552 2622 4570 5156 2431 8702 4961 7068 7360 8470 3670 7387 11247 9301 9710 8739 9951 3096 11912 1024 6819 3653 4217 12345 2452 12070 7519 7697 673 3097 3341 7203 211 9431 3201 7669 12340 1936 4402 6126 8681 2998 4572 3458 5923 5699 12222 1013 4058 12364 1318 6894 7751 11275 6816 8443 8925 3160 4321 13 6076 1899 10207 7189 9402 256 6359 3778 6465 522 9784 8947 12559 4647 6959 4827 5901 7612 887 10727 12629 1377 2185 4550 4345 8793 11972 5596 10836 3078 6764 799 4811 10707 9228 10007 2418 6615 1640 7937 11290 234 3075 8536 2844 5486 3925 3961 3155 4900 9278 9783 6904 10913 5145 11346 11330 11722 1623 12306 4204 6441 9475 1478 3241 5284 10394 5471 7541 8153 3067 9397 5776 6448 6984 9836 7082 8067 11436 734 8196 8372 11850 1561 5070 3744 12066 4333 10180 1294 5982 8046 44 1731 154 5548 7101 7835 9708 2026 3079 3123 10560 5918 10411 2967 7542 2650 10254 12076 3750 3926 4463 4115 5939 1722 2618 3743 3988 3704 4990 5895 6979 6961 11976 1443 9148 10019 2515 11460 162 3004 5874 7136 301 4454 8146 8614 12505 9775 9851 5084 11904 12107 7446 11434 163 567 1996 7566 11119 943 2197 10208 4851 8839 2073 7056 340 9313 1761 5821 2506 4612 1319 4888 2467 12509 4531 12236 379 10181 3156 6669 1954 5858 6660 77 7126 8350 477 10741 10454 11596 5358 7494 8948 10147 1982 12605 5319 9896 3443 7527 7865 413 2629 12263 3447 9207 3013 11539 937 9608 6584 12707 
3495 5907 7422 9412 80 1176 5428 5429 6314 927 7605 2528 10044 733 2382 2261 8053 6783 9463 2447 7133 1465 11302 3086 11950 6270 9320 7942 10584 9057 10339 2636 9830 1845 13021 10070 11058 4295 4914 2722 7429 6954 10960 7091 11191 140 980 6568 10243 11066 5553 9712 4702 6626 12943 3269 13063 911 12760 73 10861 11166 3083 8883 5649 6203 1479 6868 2189 7961 970 4208 6967 5688 10694 12232 11733 12631 486 2483 4605 7509 1576 5118 4751 8322 8997 10926 942 8829 9869 9857 10614 9680 10011 11717 4493 11810 593 2236 5287 6711 7577 312 8503 1203 11680 3268 6975 3709 7585 512 9492 4410 9081 4190 8816 6506 8767 3344 10357 4218 8922 6800 10845 1233 12430 3331 10649 3468 8035 3450 3935 3668 4505 11313 4052 5935 6371 7294 679 8962 2930 4597 7105 1571 8876 3451 6469 9411 2211 7524 10638 1054 2454 4907 5192 9161 12011 4299 10210 10610 1544 5031 2302 5887 6397 8244 12635 6192 9360 3407 7237 7256 7637 983 5190 7094 1373 1820 9404 5999 10325 12255 5871 6404 8051 62 7070 583 11163 1696 12044 6507 8111 8933 46 3598 11781 2433 12249 6659 9465 10810 4719 8537 1096 4523 8575 9280 10824 5165 7297 1937 9212 12388 6108 11467 444 1033 1572 1687 9138 2783 9576 944 7975 11795 5856 8217 11448 5647 9352 142 3392 8007 3194 3675 3621 7970 8218 5693 7551 1477 3240 4162 4680 12322 5152 8831 971 11558 4642 13014 569 10713 2994 11226 7691 9263 3984 10333 6861 8824 759 3098 915 9544 2826 6402 3462 11932 6690 12197 8142 9571 6326 7906 11909 9037 11701 6344 12853 4561 9261 5472 8802 1038 3143 1440 5974 5771 10362 10249 12191 1902 6709 4812 7260 9731 3632 12724 1499 5392 3288 9086 2975 7067 2577 3111 5961 429 3607 5499 5751 2601 9053 3677 11054 4246 9652 1134 8455 2777 6462 3062 7829 8838 3215 8606 5381 8392 5507 11886 5502 6062 11838 12313 9798 9897 6609 9653 3180 6694 5273 7247 1515 8671 1552 1864 5252 5441 7563 2222 9885 1680 12515 243 2965 2041 5576 5525 7069 11392 747 7149 6511 9100 5511 12800 5583 7064 8750 354 4489 3556 11953 5709 8736 11094 3784 6988 9051 10901 4317 12353 1533 3379 3711 12443 12590 4079 6581 11465 3977 4619 9559 11934 882 4232 7023 8694 1046 2137 7331 2291 5988 259 12113 4124 11986 2881 9523 1229 5198 8584 10782 2917 12647 4484 5631 7990 11136 2034 7336 12997 4451 7714 2209 4152 12230 8677 10468 789 4008 11761 10320 11270 1455 4970 6202 10580 10753 432 1226 9924 4292 12422 3963 5804 8772 6072 9550 13038 3385 12477 1006 7628 5377 10720 1538 12472 3990 7655 13406 1290 11592 15 5844 6460 9517 6782 13072 5917 7922 5049 10493 2479 13133 795 8740 6649 9365 9396 13039 10763 11764 98 5833 8033 11032 12278 1307 6309 7901 12085 3199 12866 8255 13415 
2541 13032 13180 
2573 4022 13227 
7837 9764 5022 10032 11672 2377 9363 855 4633 6727 1624 3915 10246 10567 4173 5077 648 2391 1932 1961 2235 6972 564 7875 9279 9391 1692 11345 2152 2397 4101 11257 6756 10888 13166 13189 5644 12270 2563 8331 2748 10947 5645 5744 8806 12745 4090 5223 8163 13114 6646 6910 12777 11065 13141 3453 13215 517 3500 13336 83 12043 3909 9060 10817 3110 5490 5863 455 2738 5992 7530 11749 1638 12479 4240 4687 10906 578 11312 9872 10524 1527 3811 9143 11527 3562 4254 2697 12077 1667 10780 4282 5666 8052 8444 10494 12641 3937 4207 5044 5740 309 899 8546 12370 1857 11225 6731 7449 7287 10340 840 5802 10583 3125 4740 9421 10589 2587 11033 2604 11403 4089 4700 8735 317 5768 4809 10268 6637 6864 7308 11232 2516 7681 10550 11686 278 6026 2709 6907 1126 4341 8727 493 7252 6430 8593 3526 6671 10659 5902 8034 1276 8464 13356 7798 13515 3964 9807 3227 12570 4446 10203 4482 4733 5089 12158 1413 3129 13123 2350 6457 220 10578 3488 10781 5013 5593 10934 252 431 13479 314 1017 7469 6364 11832 3426 12701 1767 4539 7795 11788 2449 8590 1173 9525 3795 4667 10577 12097 13543 9025 12237 1374 12730 
2590 13270 5952 13345 3816 13022 
5838 8291 5123 10716 2710 9741 2961 12268 4469 9866 6895 12386 9122 10664 11609 525 8172 9428 10079 10679 6879 11877 800 1106 2151 6580 888 8040 12083 12429 12462 450 5150 8075 8242 12612 451 1574 1906 2655 7713 7854 1860 10332 5188 7349 6600 7457 5035 10919 1725 11218 2716 4297 1649 6605 8448 6443 8038 540 963 2555 8058 9927 12095 536 6647 4582 6563 10587 2417 7465 598 905 8542 11444 2048 7350 9895 10505 10611 7436 11183 5179 12744 690 4613 7586 10591 9084 10038 4021 10783 5911 7013 7107 5654 6289 987 11547 3353 5560 12412 4310 5074 1167 5379 11126 8077 9382 4401 12307 7726 10174 9993 10764 415 6792 7497 12088 7825 12403 3454 4202 405 7882 1454 10813 520 8018 3260 6761 8157 9557 3959 10419 4614 8611 5538 10262 6996 12420 3186 8134 9932 3108 10533 9221 10904 11241 2001 2551 8321 4769 6648 4685 6025 7663 403 5121 863 2192 7188 8229 3229 7112 1542 1548 12721 996 9333 4277 6252 2207 10687 1060 9744 7426 9842 2889 12659 584 4340 11373 2703 4219 1279 4351 4050 6307 8174 1397 4869 95 6674 6871 7826 8127 9934 171 3105 4999 3031 4511 10420 12617 2593 8009 3395 4349 357 11999 2328 8513 9825 380 2339 3102 3575 5805 7978 9085 12487 2103 5998 2091 6939 11430 11557 470 11142 4378 9471 7995 11847 1206 7662 8836 4417 12383 507 12737 2175 2509 2489 9052 10811 11411 1485 8936 10563 6497 11536 13118 798 1404 167 7263 11367 12233 4795 6174 10148 11213 12100 6789 13376 13546 5484 9909 599 13139 962 12695 1254 10136 11231 3666 7808 6003 11857 6985 7259 999 4339 2459 3499 3858 2097 11570 176 2782 7550 11336 11763 12282 191 9045 9508 6643 12572 5110 9481 10385 12533 966 6799 8297 8402 9338 3496 10544 87 6050 6098 7611 11998 8784 11631 315 8638 2558 11168 4472 6245 629 2292 2410 9341 2869 10271 3872 6488 3378 4125 8351 105 10085 11068 532 8481 10601 3550 8317 2178 3549 10551 4139 9231 5869 7807 10260 5205 9801 5568 8496 841 9369 1559 2727 4675 11087 660 1772 5904 1898 9443 2304 2757 3693 5519 10155 1314 9018 951 1566 11320 5289 7089 2613 4909 5125 6214 988 2885 2341 11789 7511 10253 12213 1050 6311 2627 11340 9287 10794 1655 3300 1463 3340 6022 10880 11289 11581 81 1706 1729 2802 1392 4763 5512 2265 6304 12259 6585 10788 10833 1000 10188 6689 8423 9348 10851 3641 9752 6493 12506 6759 8368 1471 5099 4554 6630 8807 366 4088 7434 9311 134 3820 4329 10874 11679 9108 11101 10774 13104 7870 9839 9859 13106 12819 13398 214 3286 1837 6856 12802 412 4764 5574 7817 8951 1098 5729 8583 7412 9120 4481 9847 9208 12398 3427 6333 6971 10700 1904 2277 1124 5689 10500 5984 11930 11961 
2770 
2876 13140 13249 
3014 
3107 
286 3109 
3115 12836 13496 
1747 9260 8896 12578 1916 1968 2608 6125 10821 2649 3373 6651 10617 2962 11578 11820 2599 4222 1958 4373 7179 1735 4659 918 10167 10954 13086 1401 8585 2625 4967 10338 3326 7688 3842 6285 4658 6846 10199 2589 7701 9326 9651 10518 4995 8717 9141 9470 6036 11656 526 7907 892 6406 4382 8760 10469 4709 10986 3522 8855 10318 8823 10566 12305 6458 12832 13472 3863 12778 4983 7718 10568 3609 4944 4985 9911 11082 384 3356 5453 658 4725 885 12563 5216 6064 12716 5242 8911 6622 10669 2494 3320 7447 11195 8966 9876 9223 9334 6720 10517 2286 9982 10466 754 6896 1355 2124 5848 8579 1978 7230 2638 3306 345 7108 212 8310 350 6705 3555 3558 10997 11562 4248 8994 6175 10547 126 1888 42 2385 8246 842 3318 5236 5509 1230 6162 7214 11780 2252 7254 12111 10138 10557 3737 6269 7332 7381 6624 10100 3637 11508 3980 6079 275 6850 4532 7377 7704 8287 9145 12735 1113 3838 7320 11179 811 8769 4834 12022 2 8840 3026 8607 606 9023 6298 12595 657 2806 1177 2624 10850 266 1965 8547 9740 9762 109 924 12063 12606 2623 9300 3034 12006 4065 12708 10915 11458 4866 11096 8489 10463 3713 9368 27 3492 4785 5285 7544 6422 8920 10491 6700 11039 5020 9644 5458 12380 5764 12275 8211 9633 6249 6536 8405 12596 6650 12368 3922 7261 9856 9991 1351 11468 10 834 4395 2544 9656 5176 8996 3389 3635 5116 11873 3994 11954 2913 11360 12257 3578 6589 5493 8149 5570 6978 5276 10944 13235 3252 12099 3484 7104 6640 12803 283 9339 468 11924 2740 11653 2213 9677 8062 13394 1419 1838 6749 724 4474 10562 7351 7910 649 762 9609 2633 11687 2245 3537 2788 8308 1287 8693 9113 10389 4840 7887 5155 7443 9949 8389 10624 7908 10056 2679 7920 2755 7934 5259 10111 2769 12087 6431 9236 8175 10133 11514 8332 8737 9020 13211 1322 7184 5736 11167 6295 11929 1992 9496 13164 1973 13423 4559 5650 2584 5510 7600 9726 3005 11088 6173 11644 6860 12382 2081 8236 12335 6766 8424 1114 10410 1611 2576 13024 3347 3627 3699 5413 11003 1330 3185 2865 7346 8918 12407 
3293 
3325 
3446 
3565 12909 12979 
979 12178 3065 9889 3159 4705 9555 6102 11834 12021 58 6619 7742 4741 7347 11254 11587 1967 11443 4170 12166 5698 6167 9201 1518 5817 12030 6261 10930 3144 8253 6301 9466 3862 9981 10461 7499 10689 6384 10890 6335 8190 1135 3775 11110 1293 1918 10702 3835 7954 11083 11216 1432 9366 2408 4002 10612 3883 11575 454 5388 12684 6956 9061 10714 11822 3824 9774 4001 5452 6929 7192 12269 509 11369 1728 7185 5336 8185 10341 10464 2038 6815 4111 6373 11239 1675 2522 11636 12565 12679 117 9010 8534 10957 995 9970 1815 2808 4796 12657 4338 11040 4516 5763 6128 4546 9577 91 10867 9722 10109 7670 7969 5759 6262 856 7699 4928 11297 2283 12561 616 2817 8471 8591 6368 6723 2567 8032 6153 6340 8169 5910 11610 4213 12016 12664 6393 8094 3173 3237 4643 7170 11545 10758 12193 4829 5656 5908 10772 5851 12616 331 5047 281 1157 8564 65 3063 3148 4334 502 866 1446 3410 4094 4681 1970 2163 2373 6834 4323 6196 2320 4406 494 4608 1619 5505 9882 11772 7481 8106 2083 4155 2991 6166 5850 6964 3228 6780 7005 3380 11154 940 8554 11316 6423 8754 1664 10051 2374 10401 8685 12633 1701 9024 12180 2696 6000 4807 11756 3823 13290 3923 4045 4952 10767 3573 12363 9838 11819 4508 8000 775 13312 13353 3428 4823 12390 13326 2712 6582 8651 12991 7842 8809 12145 2556 7781 8853 5829 12937 786 8480 2845 4562 633 6412 11955 2299 7414 8494 5372 7780 10440 12344 3758 5909 7321 7831 4347 6201 2022 11624 4215 12205 1236 12393 2890 11660 2641 8010 3712 4120 6221 849 6257 5427 8741 1580 2661 7383 9068 11706 5724 9235 8259 8349 6237 11555 159 7890 11519 12397 2392 9582 2744 5373 6820 1578 10135 4723 11486 4867 11098 11374 1074 12387 4918 6793 677 1469 7872 8832 12216 4122 10744 574 6574 11837 7327 10539 2028 2992 9593 485 10881 12690 1720 6188 8375 398 11675 3250 5594 3772 9668 11192 4019 11755 8120 9262 10769 853 11011 271 1301 11751 8870 12093 7867 11314 4212 10814 210 313 1724 11104 5271 9697 13088 4801 6129 3588 11971 5010 11987 9310 12456 9316 10285 13400 5021 8176 1238 5104 13492 
3766 13258 13470 
3943 
8462 10089 3664 10163 11580 12486 264 3829 9572 8279 9877 742 11513 3853 6375 1830 3541 4779 12171 4620 8431 5012 9615 467 1863 7794 12640 7827 11350 1734 4388 5041 6661 6833 2386 7944 10621 132 1963 9273 3869 9632 4445 6680 4540 8262 9048 12410 9121 12181 338 6343 700 7830 8722 2371 4666 7848 771 1089 6986 10521 3030 10186 5597 6882 7074 8221 1862 10585 3275 3540 8916 10655 4175 4986 8371 5578 10900 6748 9351 3506 10696 11677 3071 6610 10017 10750 70 10258 3261 9520 2943 7168 6773 12366 2832 7002 9064 1169 9154 244 6197 1116 3914 1427 5213 1999 3349 7930 8395 4322 8376 8109 8707 8867 9325 13420 2202 5516 2290 6193 5256 5757 11598 12284 3647 8147 6599 9013 2194 6155 9504 6776 9585 7200 8986 11398 4005 8220 5627 10306 8774 12003 2605 11311 4302 8161 812 1388 1359 3610 1610 7317 3954 5001 5526 8416 683 7425 6704 6867 9536 11385 284 2424 6994 8976 129 8753 4164 12736 2835 8592 10402 7695 11372 2204 5807 3087 8199 8675 9743 5048 7453 5539 9011 12320 12768 3945 9124 2752 4315 7591 8553 9071 12597 912 10127 8963 9589 9832 12901 13193 2357 6306 6822 10102 8304 10156 6927 7040 8112 13354 6121 7258 7244 7945 6744 11428 1466 7265 2032 4154 1730 11233 1008 7518 8971 5412 7763 11878 8952 9479 1741 1755 5187 1854 3122 9314 2132 9772 11368 3830 9596 6751 10033 3741 9503 10561 5422 5611 8886 8493 11724 4158 7597 8691 8914 9516 4258 12405 12675 2005 3724 3597 12362 2615 3254 5880 2673 6243 7219 1798 12622 8251 11750 1115 8446 1304 9089 2205 12350 9176 11846 718 12264 2750 6399 773 11611 761 1985 8407 8761 1577 12805 2529 9569 4135 5320 5351 4438 10963 1043 3362 8719 316 4256 3951 5929 5108 5154 401 10373 6548 6713 3595 6007 1324 5477 695 10558 2939 5809 5206 9258 6569 6712 1523 5316 8451 10058 7710 9286 4216 12817 433 923 1942 5117 2963 12580 1889 9864 1107 11524 4500 8860 10185 2067 2619 7479 1744 2729 7393 427 8475 4366 9894 5244 7801 10546 12558 973 7175 8849 9315 3828 5559 8630 5209 9881 166 2970 9737 1595 5088 10014 506 3174 755 4107 1080 6454 7823 9730 10169 12079 2586 7424 9395 10703 4618 11405 1893 3808 9755 10543 13066 107 8041 9688 1868 7554 3019 8338 1686 8649 12218 5233 11047 280 11080 646 1344 5567 9844 1987 10765 5183 10688 2208 5586 4557 10445 10831 1718 10043 4929 6530 10277 9621 12470 6291 10790 10733 10752 10313 11424 8619 12411 4274 5200 10622 12347 1665 10031 2024 10075 6051 10582 4166 10192 11791 6122 7845 8140 11939 2871 10663 1258 5136 6292 13095 7729 10538 546 10398 7712 8354 9079 10348 1163 9933 1705 11843 6675 11144 8307 12820 768 1201 750 3464 8891 11479 
3953 
3703 10717 353 3346 11550 6297 9164 138 1711 8975 1870 8680 4594 4979 2882 9181 865 1394 4842 11174 2031 7162 11863 5716 10436 875 3140 3069 5912 6067 7789 1495 8679 4712 10329 3975 5783 7552 2899 11105 11964 254 1930 10762 11809 5134 8880 11643 443 7165 1550 3333 1063 4233 9734 10215 614 10514 5396 11116 2926 5479 6033 7579 5715 7365 3596 8811 2720 4439 9901 3049 12239 8474 11074 4908 6435 7441 6362 7771 1431 6732 1138 6519 9372 9980 4331 6915 5517 7403 7113 8882 11597 1132 11450 487 4858 1840 7571 9440 9695 11060 12123 1061 12086 1643 9271 12725 3825 4714 5529 10820 11716 12103 2862 11423 608 12339 3412 10654 839 896 1606 3662 7021 1481 7480 5980 8276 10076 3505 9461 2129 4117 7159 5337 9167 4945 8773 11594 4503 12292 1895 6858 12591 394 5435 6676 2029 8008 5671 7941 397 1732 3622 10506 2982 9394 11605 11753 7784 8457 4346 11725 4260 8131 12569 2897 5260 6486 481 1609 1554 10876 4328 6481 985 11639 1009 4442 1424 4875 6268 8766 9835 3231 12250 321 1524 6483 7272 11730 3568 5106 9994 434 8239 1945 3789 7534 5933 8576 13163 3414 8812 8195 13441 8300 13537 4020 11189 5011 11952 7618 9410 5803 12609 3553 10016 7846 7857 6235 7797 4167 7703 8227 148 692 3073 6957 11071 3022 6470 1777 11620 10879 11429 130 693 446 10846 7977 8850 2868 5004 10145 11277 6407 11439 7894 9706 9874 10108 11623 2084 3898 6899 1472 10355 12773 909 11100 6160 10196 11525 12550 11563 12715 2367 11109 2011 6034 5712 8122 9102 2437 3594 3663 4238 9413 5382 11271 7472 8652 1311 5017 739 3112 2279 2976 8610 1475 2269 9913 1924 5132 2464 4127 2903 7768 4589 9509 4677 11633 5386 8016 3342 11786 5703 10784 24 11328 7301 8974 11699 197 10796 12719 587 8779 2987 5325 4639 8397 11690 612 9976 10925 4973 12247 224 9003 445 1694 2532 4783 2893 5181 6074 3617 4653 4569 5488 10799 6259 12164 550 5220 3936 8495 236 8089 8031 9285 11127 3735 4266 8039 6032 10422 7025 7790 9678 3016 5790 1252 11307 9642 11280 7146 11560 1960 3880 492 7458 10675 4625 9990 438 5695 12754 4061 11347 4872 10760 261 6083 10939 5278 9187 10158 12468 200 5086 10596 6403 7172 1153 7529 3256 7756 10331 6854 7893 703 5595 11319 5266 8473 
4077 12827 11459 13037 13321 
981 11072 440 7413 1505 12172 4140 8646 10310 2247 4364 641 749 10948 4159 12010 4737 6821 7855 8073 6862 11484 1875 6194 7359 8298 12321 4665 11940 1059 5964 1615 12441 3167 5282 2033 11922 2442 6427 382 7931 52 3133 10425 647 9532 6865 10690 11298 11582 12223 9134 9880 393 7622 10030 1652 3946 10452 7409 8626 827 9406 3204 10179 1336 9669 710 3128 4169 7318 11704 2895 9335 10342 7054 12343 3761 9977 3895 4250 5439 5610 6182 9416 1858 3730 4826 9036 7575 10798 11343 1757 12285 2919 11544 7991 12338 12689 847 3875 11967 5534 9243 5867 10511 860 6391 815 7856 11951 12059 1608 6401 3581 9186 3634 10978 10304 11988 1508 10447 10854 187 10646 6588 9342 4699 7227 10725 712 6901 7833 8070 2749 9077 3680 3827 8571 12265 2600 2854 2920 6809 8135 3481 12709 874 7303 4874 7903 273 5241 7832 8379 9296 11348 2536 5251 3642 4460 4887 3762 11958 5781 9501 8113 8213 1452 9792 3037 9043 920 2275 4081 8939 11106 1077 8207 3802 10910 3911 8549 1690 8528 10233 3258 10088 969 4420 9790 6117 7787 10828 7883 7950 11432 2313 2409 7997 2231 7803 10973 11668 2126 11989 5806 9554 10684 12208 
651 809 7355 2108 2880 6170 12764 2635 9078 6273 12401 12706 2060 10983 6498 7971 6691 12536 5340 8565 4506 11936 2089 6029 1668 2959 10368 3146 6381 7306 3466 5822 11237 41 1094 5919 4362 4805 6923 1433 5069 10024 1049 4289 3442 9087 4285 6500 8081 459 6019 344 1031 3728 6496 4932 10191 5431 6382 7000 7816 12052 7180 12693 3948 5931 10256 10523 2401 7001 2658 8115 9617 2686 7264 2840 6065 12040 4846 5541 12379 8567 9441 1581 1620 1491 6299 4108 8642 12094 4673 10674 5780 8167 5235 6849 390 10701 12308 202 12091 1207 1501 1674 1151 5000 5127 8285 1654 8177 576 1143 5722 8726 2403 3992 10286 2503 10276 5630 6365 1247 8894 10816 2102 10002 2819 6480 10575 11356 5107 5231 5950 9075 11974 1328 3000 6047 10457 7139 10053 2990 9820 10245 680 4623 19 6242 4974 8532 11278 3614 11362 613 10453 10305 11324 2015 10615 5882 11502 3801 12520 3530 12630 
4457 
4731 
4862 
4927 
4934 
217 12446 2549 3783 10455 11422 6837 7599 8965 12348 746 4993 2542 7891 6567 8624 6913 11783 1856 11504 3971 9453 3386 4669 6778 8684 9691 1517 10484 5119 6144 12312 8796 11153 11688 1885 11194 4389 7702 4690 9436 10950 11627 776 1445 287 917 2008 11263 7410 9305 9062 9833 292 2187 6598 12092 2642 9983 13212 1057 12014 103 2079 3021 7555 9540 2258 2830 7933 11149 1347 2741 7983 10937 2861 9213 4361 5321 11402 3057 10097 3126 9242 8342 9637 2069 10490 2698 7442 6278 8623 85 11576 8665 8800 12601 2562 7496 8296 3776 5060 6096 11641 4663 9488 2543 3076 6334 10103 3403 9694 968 6881 3404 6832 5178 11139 1896 11628 2538 6009 8690 881 9433 5043 5684 6943 10458 545 1418 947 8340 9594 3950 6951 3554 12867 2565 2598 4899 11710 9125 11255 13473 3214 7236 8704 6617 10801 3696 7804 13101 4038 9355 9918 10287 10916 1029 4261 7936 9408 8746 12455 760 2358 4798 11858 5496 13534 263 3889 5174 8484 8573 12589 2972 9729 11511 11966 228 12101 6350 8144 10104 5607 8360 7431 11573 2773 9985 2456 6418 237 10255 7018 10214 285 11244 8781 10442 1005 8415 1058 7516 3441 11150 6769 12289 1634 7761 12485 10042 11757 4745 11811 
5063 12882 13293 
5079 12883 13009 
5159 
4657 9566 5301 11645 13054 894 7099 12547 12810 1365 12530 3008 6254 7976 2036 11442 1509 5269 3418 5588 568 3981 1078 3996 2062 6655 2462 4501 3205 4916 192 4863 6976 5543 10549 6246 11828 1989 7940 9074 2474 10323 785 4015 5731 6603 7233 1525 2100 9534 10785 770 1788 2352 8551 6130 8713 3534 12371 3767 12192 2507 12326 6738 9865 11506 2805 3563 5533 10808 10896 1558 2267 8247 4383 10825 5924 11474 295 8065 1456 4097 694 11607 9385 9870 1093 12653 8815 9776 6812 9527 12588 4 8863 6794 7060 6565 12358 4998 5506 12896 4964 8596 7095 12494 7935 11308 12138 6962 10907 7921 10759 3702 3788 8328 11714 3166 13395 4118 10779 12838 3905 10754 12837 1451 7873 1723 8653 3203 3841 322 5605 9318 2361 9183 6853 8945 4485 9539 6168 11650 12167 5550 7646 7774 10921 4147 5986 9423 4972 6890 11102 9383 12220 2285 7293 3124 11884 8091 9928 645 5719 1296 3296 8524 715 7667 3455 4425 6139 5331 8230 139 9713 2074 5018 5962 7235 11236 3089 10839 2652 12574 2112 5846 8837 6636 10183 2928 7289 8790 7980 12108 2330 2935 3908 5295 10344 10802 2216 11274 5142 9027 5958 12406 12814 248 10116 2136 11137 5513 10316 2240 10504 2778 6302 6824 3171 7358 12116 5556 6484 4724 8189 623 8200 1021 9683 6998 12481 388 5138 9946 830 6088 3068 10115 10875 26 3930 3871 11130 3024 7852 1600 9979 1956 11433 11984 12424 1348 3429 4832 38 4892 9861 11454 684 13555 50 1781 8990 6006 13327 5890 8358 1109 4806 11771 12048 590 9631 3027 9756 12624 13213 1041 8775 3020 11674 6330 12668 7160 9117 3473 9675 4946 12875 8390 13253 
199 1944 9941 12118 2659 5419 6684 2597 2812 5579 10374 2497 8017 908 3768 8116 7032 12473 3289 9533 5126 9957 4237 5857 9216 3726 7535 3682 8098 6244 13364 9984 10634 6147 12133 3271 9552 423 3567 2530 9066 12452 5169 12372 2719 13325 950 8341 145 2545 4894 1147 8808 11920 1277 3721 4634 2472 6513 3439 4040 9750 11823 9714 12296 11445 12300 7131 12562 4747 9974 11997 12041 4674 6234 4791 7100 2843 9814 904 1055 5261 11133 1213 7283 4030 8103 4604 9209 9478 9937 555 12891 1994 5914 3480 12315 5884 10244 2470 12722 5376 11227 11790 5877 6699 2242 12147 5371 5784 11299 6836 8361 6549 12790 4580 10336 1308 8335 7743 11000 5569 9324 558 2774 4510 10165 1205 3400 7504 1265 2482 1102 11261 3525 6020 4852 7495 358 9580 3552 11164 1208 7275 2715 6750 11175 11588 2666 3866 8924 10559 4393 8514 4962 6520 12796 10265 11097 1979 8749 2735 6220 7316 11715 7245 10094 627 1801 9682 850 1184 7531 297 8751 10177 2751 12710 2525 3211 3590 7128 8336 2523 7953 1268 9549 12535 2707 4096 7488 11462 10623 12714 628 11045 5264 8995 12377 3507 11728 173 12577 6790 8658 7423 9591 652 10132 1998 11824 6692 8949 735 6811 2794 10631 1398 5928 1629 10347 3259 11586 2203 4817 2427 6271 10525 6572 10871 7369 8724 2954 5753 5450 8299 7952 9247 2141 4776 3029 5436 7631 1806 8119 8138 10724 625 1662 137 5028 5487 7765 7212 12654 1625 11887 1915 4165 7016 12618 4253 7084 4380 5552 110 6516 3900 7210 7861 7876 8192 1095 9409 1202 2156 5941 12245 10125 12811 1920 6810 4524 10481 11505 4638 7368 299 12276 2631 4490 3560 8029 1639 4893 6078 11782 12311 2183 9660 4765 8452 634 9799 4601 5248 4343 7330 1269 2319 530 1679 12057 4153 4201 463 928 678 4313 3956 7547 7017 7498 1618 7576 8487 10273 2138 5503 9667 10478 2520 4071 3195 9850 195 1165 6218 13314 6440 12254 11114 12638 8497 11979 1364 10554 8725 13151 5397 5947 541 1519 10252 12955 4671 6926 8179 814 4830 6908 11210 824 6933 903 10734 637 5153 8792 10086 6485 12930 1476 3138 9218 9728 3314 4640 10952 10627 12020 
5277 13052 13220 
5355 
2335 11269 3371 7057 8270 1145 3114 792 2918 3244 7096 1120 2986 13244 3182 5577 13455 329 6081 6714 3081 6743 4683 6997 9862 17 8689 2436 7437 478 12252 5091 8944 8862 9828 1847 9655 304 6409 9502 5310 6545 9556 5665 10001 8647 11593 2344 11762 3718 8627 3419 5024 2797 3535 8183 3082 3366 6817 1426 4982 791 11910 12033 182 2270 3770 10603 4789 11551 2922 7435 7759 8791 12586 12928 386 12392 4243 11015 751 8049 10317 3162 5612 8776 7584 10069 1131 2426 4025 5374 12680 636 5878 1044 5893 8320 10223 2355 8225 3938 9319 4850 8072 3503 4646 5052 13040 9163 10126 6855 10738 10142 11537 2705 8617 2159 5498 362 6621 7656 11061 2981 5602 12287 157 11564 1175 5201 7058 5163 9340 3986 8999 12071 7286 7778 8958 12337 10434 11696 12007 323 8868 1484 5219 2804 10691 5068 7877 1803 1997 5109 343 5940 6889 10194 4156 12327 3066 5589 5714 8545 919 9748 11090 12444 3357 3826 5760 12121 5225 12054 701 3401 3546 10211 1689 8634 7240 8026 10309 7148 12438 8014 11138 12053 4182 4882 2610 9923 2369 3230 4767 2811 8293 10680 1976 7582 1799 11103 12234 858 2728 4989 10356 6602 10361 8381 9000 10068 2471 12626 1178 12818 2117 8601 12649 3962 8365 133 6338 6543 6802 1592 7290 1369 9773 9426 12035 10829 10917 6538 12389 7593 13291 9140 11198 10376 12770 13057 566 4517 9518 11021 11064 653 12207 6611 11283 12465 2345 8669 8483 9267 10987 8858 9796 1275 3564 6479 4041 4711 8645 8771 3545 6746 7335 2007 2941 8931 8022 11629 867 1977 13031 
5619 13417 11014 13338 13518 
5944 
5966 
6063 
6124 
6145 13087 13284 
6267 13512 13550 
6308 13116 3941 12915 12973 7111 12983 
1383 9906 1784 4314 5312 3694 5059 2820 3940 2833 7748 2836 6631 9290 8683 9925 8036 9765 1349 4080 4148 12604 10006 12219 4252 7313 9417 3274 3330 7915 3710 6165 3532 6476 7225 11804 806 7802 2288 2303 1278 2020 7323 10786 4688 5309 2958 7456 4497 8543 2684 11670 9759 11528 685 2053 4193 11880 188 6539 1198 4533 4262 11414 1832 3463 4483 10231 727 8420 1822 5888 9474 8972 11735 758 956 1019 11638 8935 11361 11438 2419 9638 5101 5883 2050 5643 5921 8785 3247 8517 7746 11217 4106 6987 7483 6017 6281 9998 1136 4730 2585 9505 1616 5366 11151 10507 11754 12806 11028 11881 225 2182 3040 4728 12209 8092 12632 1691 5801 2234 2867 3163 7102 10047 3987 5226 10118 10170 622 9281 4168 6672 483 8943 1193 11209 11329 4591 5361 8158 9095 9252 2588 5521 9978 4848 5523 2176 4632 6663 11377 11655 369 4337 2644 5293 1023 6779 6928 10134 1913 7708 1726 8430 4609 8123 262 9308 12225 12581 6528 6641 11228 7791 9567 9965 10034 11531 9676 12783 7615 8486 10832 6544 11727 5143 7587 10870 1366 11821 2724 4855 12776 5978 9905 1225 9099 3324 11390 12132 1555 10152 5380 12235 8182 9629 1883 9687 11693 2119 6767 4816 8441 7037 9222 2653 4196 3212 7371 5042 5129 8889 1676 7223 1890 2491 4542 2772 11568 3608 5120 1738 3818 3220 6089 8539 1150 4951 2473 7134 10864 9375 12750 6678 9344 11867 7267 7607 2647 7048 9888 9016 9419 2701 3136 10857 12062 3576 8667 10381 3976 7158 1876 12743 337 1547 6765 503 12402 7946 8938 5324 8478 2434 10275 12211 8066 10282 3725 5785 11523 549 10369 4781 10498 949 4544 11089 2095 4528 1894 1975 6323 7985 303 383 535 3707 6554 8152 11634 12186 810 3294 2995 6838 12381 12672 1650 3222 33 10572 1819 12182 12378 2733 3968 10641 12812 2248 6719 3569 9276 4534 7042 12469 408 2254 5975 6977 10526 4324 5363 11712 4921 5987 4949 10162 3593 3885 900 6438 1771 8173 7633 9174 12496 
6482 
6575 12917 13154 
6586 12923 13392 
6786 13471 13501 876 13097 
6886 
6916 13077 13519 
7014 
7036 12857 13078 
7400 
7433 
7476 13199 13429 
7490 12839 13195 
7594 
7642 12933 13507 
1647 13100 7651 13076 13276 
7673 13334 13523 
705 13424 7773 13393 13414 
7792 
8107 12868 13261 
8193 
8234 13047 13368 
8257 
419 5149 707 9703 12808 5787 9439 3042 11052 2131 3687 2098 12110 5679 5713 931 10164 5144 11382 32 11235 3515 3600 8890 12537 10860 11381 2846 3100 3995 9716 5865 12673 2017 8413 8857 6342 11204 793 11908 1450 7187 239 2821 5215 7546 868 6276 7638 7706 8156 2030 9751 2193 6874 1217 6452 9005 3667 8302 1966 4495 7809 7081 8732 123 3310 10237 10379 12464 5571 9484 152 2693 801 6449 153 1494 7880 4754 11642 544 7357 181 4938 5972 10303 6804 11208 3396 5349 89 6795 4411 12151 2496 10822 4225 12490 2123 11056 3351 4627 2983 5306 4820 10642 5364 8108 8396 5818 8518 1129 2438 2799 11365 1212 2614 12451 2237 2692 9092 11200 53 3284 2115 11787 8057 9377 621 10392 1025 2767 1586 3831 1796 5741 10564 12152 3001 4583 6830 10778 10308 12467 1905 2723 4179 6944 7284 7570 8660 160 11625 3445 4735 3002 7242 4296 10080 8054 11099 2853 6524 9038 7911 8212 8319 2787 6346 8043 10028 769 7167 7231 10413 12354 457 6491 2111 3058 6547 7337 10534 10992 
8519 
8615 13105 13238 
639 687 4854 1500 2086 4197 2305 5836 4800 10396 13337 2157 3652 5613 13383 1402 5087 9665 11093 6087 11835 5837 12585 3233 13206 5167 11286 6770 9458 8364 13126 11435 12527 1327 3691 686 4479 10077 10380 3787 6275 68 8278 8461 1817 10662 12840 3321 8273 8050 8695 752 9945 3731 10989 9510 12373 4428 10264 13143 1512 7282 1539 8139 3467 9973 5840 11334 5383 9450 86 11892 1082 3580 2224 2883 2250 8699 2664 5494 2353 10367 4391 7402 6372 7609 9420 11895 1353 5051 1632 5268 3714 9625 9640 12055 1441 5322 9028 9961 11896 365 3348 5727 2161 10193 1511 9195 5701 6127 6930 8977 3368 7514 1237 11861 223 2606 6515 6579 505 3907 667 1727 1663 2376 7800 1783 3183 5122 5545 6512 5860 10324 3583 10676 803 5573 3701 7418 193 1272 1384 6813 2314 9702 10977 5250 7440 6968 12248 7150 10427 10740 4519 11476 9289 12081 18 3985 5343 1284 2049 3894 7206 3630 10995 5979 6347 9493 13219 728 13218 1315 7079 4049 9378 516 12519 1246 8271 9379 9613 787 2201 4109 3074 6668 2413 3998 7408 9992 4592 7221 11355 4878 5339 1251 2648 5040 5073 67 7639 998 8226 11259 196 8743 3723 9568 10633 4181 12024 2232 3219 8582 4975 7859 2116 5814 5694 10728 7220 11600 7909 13399 11911 12884 1139 8730 12887 8055 13093 659 13421 9114 9123 10315 1253 3700 3402 12413 335 581 2568 4157 8897 6358 12461 466 1231 2677 9926 12168 12551 3307 6171 3471 10899 
702 4226 11062 1553 4502 1601 2842 3524 4270 2388 4756 6912 10107 6754 10545 1036 1635 1882 12548 4105 7772 4326 10710 12662 14 9393 1462 2966 4034 7432 4209 13161 9486 10222 5866 6844 5531 12273 12856 1953 2996 4793 5894 5025 5796 3860 8729 10140 2877 3387 8355 10018 11086 1282 2859 9283 4771 12775 5672 6662 3572 8742 3352 6132 3053 3644 1540 9244 12942 788 10261 9112 11700 1756 4602 9454 2726 7553 12833 3018 13521 3865 11201 6434 12134 1773 12516 2035 9001 1159 9547 156 3803 7213 9361 4856 7739 602 2607 9215 12795 4447 12090 3643 6305 7734 5411 10311 76 5495 7438 4947 6973 1742 2406 7764 11453 12317 1669 7716 2894 9345 2013 9480 857 11942 3661 7836 9347 3678 12417 699 7815 1851 8506 2405 2559 2671 11619 2337 4788 7291 8721 7135 10377 1464 10302 4578 7161 12241 2564 10711 5279 6681 3364 9190 10537 2389 12741 4024 4068 4194 7345 9562 6360 9257 11207 5006 6222 12703 4286 4987 2831 13489 4743 9256 6474 12109 7682 11294 3906 9364 1582 7144 13520 8263 10607 7727 8202 11224 7307 11471 1557 3061 7626 12944 11898 12513 1688 13564 6948 9103 3836 9096 12788 960 2153 4717 2230 10206 1704 9058 10755 5184 10653 1712 10927 2101 4244 3800 6113 4353 9182 4879 8597 6573 8797 3354 5707 9165 3411 8747 6356 7914 6733 9767 6747 7981 913 3692 8888 3616 5937 10868 8025 12492 1549 2093 8280 9225 6055 8268 13390 2801 7182 7960 12674 9507 12963 2333 4046 97 3469 3192 3843 8865 10838 2762 2857 3047 4371 4205 4281 688 4427 11371 4496 5026 6183 1751 8005 5243 9469 5095 5334 9607 11310 174 9634 1309 3519 9987 2477 6936 11736 7 5639 3669 6593 5338 11907 3101 6248 8895 698 6176 9727 10620 736 12752 2263 2902 11397 3749 11862 3267 6322 11120 6468 6960 10626 12998 1681 6068 3369 9800 2349 8205 4547 5798 5247 7844 1927 2670 4836 6149 7339 5267 11008 1372 2218 9056 7482 9173 6052 7363 9133 1325 2616 10644 498 3435 2478 7899 5462 9012 1079 3449 6625 6606 9414 2781 6310 8404 3355 3867 4491 8063 1504 6788 8114 9944 11477 69 118 2393 4518 2989 5280 7384 1084 3460 4736 6487 7051 4556 8632 1778 3316 5983 8692 6417 10735 965 11332 3983 10849 12201 9659 12748 4280 5162 7814 9430 5659 8363 2891 10843 873 4876 5955 9826 7858 9330 10112 11 1943 5128 6708 12728 127 6841 955 7155 4177 7864 10903 2499 11339 4121 6215 7305 35 902 6940 6016 6184 671 7675 277 7820 5326 9940 12936 2145 4682 9524 982 2533 7288 9031 11692 1829 7821 8223 9763 2872 8804 4526 4584 2229 5314 12493 5135 11946 654 7152 3774 6223 1034 4390 7678 5536 7277 7984 9224 12697 8970 10238 2018 10742 12272 2824 4758 2195 12526 417 8879 9094 10371 11776 4403 10594 5546 10570 5580 10949 1070 10541 2165 8828 7120 7619 9902 711 9969 2088 6616 3475 8706 4113 7477 3520 4057 4960 5746 1461 11708 5315 6911 8460 4563 9046 898 8866 2739 5491 5624 8561 12163 6461 11042 805 5687 8439 8580 528 9188 9246 66 10314 714 2179 9468 12557 5581 10840 12005 978 5608 7782 10029 741 8826 4230 4426 11487 6272 8813 2685 3657 619 3745 6156 772 9159 341 9548 8241 10795 4084 5770 90 1042 3028 11698 1710 11923 5 5786 7754 3291 7916 6466 8164 11478 12637 6394 9531 6950 7114 1843 12614 6059 7721 7723 10300 11826 5170 9777 12742 5835 10462 11657 6724 8019 5112 10705 
9047 13183 13275 
4543 6230 8635 1112 3837 8921 8301 9162 
1130 13013 13453 9429 13286 
9442 
6687 13407 6604 11729 8814 12957 13027 9561 13089 
9563 13260 13408 
2977 5625 5734 1969 6380 4701 5036 9050 12288 5662 12301 4176 6277 6665 9770 696 5898 12140 1305 1460 4931 351 3372 4654 7736 7779 2174 7399 10415 3753 9936 731 9600 9616 1841 5797 11051 2764 12159 5555 6541 8232 11894 2668 4440 10922 2107 6164 1721 11281 818 2046 6442 2892 7176 2514 4223 8550 10677 5876 12046 2575 4056 5745 7470 4729 9118 11618 9953 12356 716 1216 10658 1295 8956 11256 4199 7404 5447 8639 674 8210 1378 9575 5175 6760 7281 84 6848 6077 9892 3516 6981 1171 2485 10757 6240 8476 1257 8159 753 10588 12047 104 3303 12954 2945 3278 3041 10555 5470 10120 184 8955 730 4309 6942 748 2121 4272 1531 3249 4443 5446 9679 4475 11554 7578 8277 3650 12746 346 993 3359 4782 12681 3457 5218 8162 9996 391 9720 2228 2468 11900 12231 552 7533 5185 8566 6829 11292 2621 5879 5067 11567 3440 5657 5008 5926 11494 12436 5093 8902 7251 10448 7097 10501 458 10281 10209 12050 2539 2960 4082 8254 2798 6161 6337 8861 1605 9971 177 7249 2683 11295 3264 4980 6791 3888 6682 13443 3038 11818 7059 9717 6914 12427 1022 6008 6826 8523 7543 8625 1321 9490 2364 10789 7137 12539 6736 9302 2080 11300 1410 11648 2257 11897 2058 8170 9358 11542 3932 11148 11155 5530 9098 268 7248 596 11379 9437 11498 276 1403 8589 3577 6620 9802 1573 2390 1039 7003 9192 10175 8102 8993 1684 10187 12105 6638 11046 1528 4421 7353 836 11767 5237 9288 5409 10480 9282 10841 4073 11800 504 4247 4431 5131 5199 9126 6115 9686 2768 9622 221 5808 12226 1621 7411 6181 7132 2925 11440 3896 12000 5302 9916 2343 3832 8873 9661 10495 615 11214 1002 2196 2446 5348 4915 5795 8710 5985 11621 932 10366 10474 11331 4404 8249 9939 10066 2430 3659 9153 125 3897 642 6389 8150 10770 672 845 1831 12860 113 9614 5816 13015 7208 12877 10236 11808 10483 13452 2951 13222 45 655 1312 7885 10113 250 12251 2455 7088 8603 12089 3104 6934 823 4977 3139 7439 302 554 12525 7459 9115 527 11395 1759 10098 2676 10990 13454 934 3417 8644 10009 6325 7343 7140 13283 1754 1758 7630 4017 12369 6495 7234 1872 10595 4271 9560 11159 11387 1813 3384 12482 2803 7218 3277 3631 2298 5418 3290 4708 10407 5232 6918 3846 5440 6120 1768 8881 1174 3854 7994 4971 12804 9459 10965 2057 10516 2816 7735 4610 8084 2281 8755 2702 2754 3773 361 4891 7020 10054 3544 8622 2988 8656 12908 10219 11615 7361 8076 946 10530 2402 12374 3297 3868 2271 10190 6875 11043 5356 11131 1646 3118 1908 4132 2550 5357 2000 9635 5197 6352 6677 9082 3920 5692 6537 8988 2660 3665 6206 8822 1935 3154 7121 7752 4186 8373 1917 5426 6455 8500 662 6877 11238 2500 12418 2056 7540 3350 11265 2547 4487 11437 2363 8048 3755 12903 13196 4790 5743 4032 6400 3207 7342 1047 11473 9725 10936 8121 9813 3924 4136 7050 3292 6946 12522 9769 12841 13497 6199 10405 12968 6279 9967 880 8250 10404 
9831 
9858 13122 13135 
9938 12878 13487 
10055 13450 
10197 
10327 13403 13554 439 13431 
10378 
10395 13197 13380 
10510 12975 13107 
10574 12932 13185 
10726 
10768 13378 
10771 
10968 13514 
11036 
11067 
2076 2090 7315 7649 8941 11526 523 3243 5193 6777 2127 4864 10220 4279 6413 820 2815 3890 4063 4200 4644 8672 4753 9142 2572 12753 6408 10573 8959 13042 6013 9401 8290 11532 11969 6510 7487 10449 11831 1983 3059 226 6698 4016 9277 4595 12332 3151 8661 4076 9709 3891 12449 4103 12302 13236 6190 7617 906 3345 3179 13186 13430 3090 11540 12267 717 5114 8074 1677 8027 48 4814 8745 6905 10114 3317 10777 1800 5916 11516 2457 6667 2135 11113 1227 3421 6550 10360 5333 7085 10372 1341 6247 7362 2924 5778 11876 1474 8629 141 5730 3619 6263 1421 7461 7871 9032 10012 12396 941 8090 9672 1399 7647 11702 1458 8556 1529 4738 5327 8852 2810 3760 5005 7027 6324 7947 2128 4381 11860 298 1243 4880 6891 3722 8194 8272 12200 7810 9304 6251 11775 3226 5228 7062 11095 7850 8698 12898 13510 925 10218 12751 1066 9917 1076 10739 4762 6633 8588 1853 3960 957 4180 12678 4119 6737 11994 106 3273 4530 13232 13402 2172 2950 8978 2075 9080 12610 8609 12475 4464 9558 12309 4141 12799 1320 7719 9785 12474 7694 9948 1154 4397 5626 10699 12203 4713 8787 8932 11399 9689 12258 2672 5824 5720 10951 11034 265 4904 2687 11957 348 473 2852 4718 6228 3365 6296 1316 6843 12196 5963 7045 638 3327 4616 9175 13535 6992 7841 2708 12671 13239 2039 2420 6103 9900 4330 6288 6534 7536 1498 8768 12658 3812 12582 6571 13389 2006 5765 2416 11351 2262 3444 1986 4456 9663 4833 12692 6198 7956 10670 10856 311 3422 4819 11107 5275 7598 5459 7974 1030 7391 8289 9456 1221 11268 6980 9350 1602 6035 3337 7026 2940 10499 12757 4461 10548 3571 6657 1262 4749 3295 4129 7822 1137 3150 3375 7860 7503 12835 13245 7395 7501 8687 8877 3298 12028 4473 8245 11937 12104 12346 4408 4465 8910 9206 11658 11815 656 8657 2318 11184 2412 11553 8428 12319 11796 12669 1087 2199 2255 9564 6367 9386 2915 9332 1064 7106 11170 2519 7709 4861 8821 7163 12375 3322 4184 3807 5670 4996 8105 6685 9771 862 6966 12146 4912 7951 5520 11713 12651 592 9610 1303 4059 4839 11412 462 6866 7125 7296 3686 4641 7448 9070 9202 1911 7653 2014 5996 8316 9919 12529 
11112 
11156 
11157 
11496 13299 13313 
11883 
11888 13377 13551 
305 12260 563 5788 6596 8329 3782 9887 5969 11037 178 10201 2023 8224 3786 7762 4911 8548 9612 9883 11612 9930 10892 7725 12015 5843 7151 7028 11118 846 10026 10513 12544 11002 12740 3969 9645 4265 11546 643 12466 10981 11608 740 4615 1752 2294 6207 1764 2461 1200 5442 5922 4192 11842 2888 5663 3085 5690 4477 5124 5147 5767 5307 7280 7979 8501 120 3904 3370 6236 7661 12448 1449 4394 3257 4691 4845 8099 11874 825 7171 3044 6937 7201 9757 10346 10902 414 11272 389 4043 10645 11187 11651 189 5750 6018 12639 11683 12174 3056 4759 11018 11807 
36 620 4348 183 2936 4100 9590 7372 12009 4734 12334 5003 6594 3208 3856 8359 2082 11223 12161 4363 6069 10421 10985 3921 7118 13129 13147 8137 8186 1393 4835 3999 6232 959 7278 426 9073 1821 3527 1948 6722 11393 3486 11734 12862 2921 6011 3487 6195 8438 9136 8237 10383 588 8748 3376 4567 13343 8604 10652 5065 11845 6472 13111 13274 4622 9239 13448 4885 12409 1056 9972 10059 11222 10232 13091 13530 1430 9434 11870 9586 12437 763 5263 7510 1881 11530 12738 1289 6101 4269 4992 3512 6703 11323 2645 11890 2834 11404 4325 4886 7666 6526 10815 11765 816 11503 7500 7523 1556 12566 121 7560 12687 640 3374 8856 12183 290 7008 112 5461 4287 7972 5886 11455 6186 12521 1181 5946 6227 11427 4412 9805 9210 10946 2003 11203 10602 11685 4988 5258 11799 560 9274 1335 7015 7520 11630 1912 10476 4195 5675 10508 7965 8612 2154 5230 4470 6395 7238 10647 609 1027 8818 2974 9171 2311 7982 8628 5097 5676 4784 8708 10450 155 1260 1345 2678 2332 5616 2731 11485 6049 7659 10697 6768 8937 10974 9935 11482 6614 11522 553 8903 2432 10299 1765 3281 9886 9427 10294 9915 10805 1808 3409 1141 1814 8762 961 6540 385 4585 6828 11949 1596 7696 5416 7613 8900 10940 421 12815 10597 10604 5913 11383 5054 5130 2933 6762 8132 12507 13008 1682 12792 8757 9293 2040 8673 2134 6607 4778 5262 7770 1926 11132 7478 10119 13446 71 5826 452 3493 936 3603 5832 6518 5141 10924 4698 9146 4249 5652 6863 11293 5906 11740 12460 2829 3791 4384 1641 4703 7311 6141 7757 4350 6213 1483 12615 5030 5653 11309 169 9329 2065 7266 9119 4051 5603 4525 11380 1018 11177 1792 4099 92 813 9374 1871 6086 7257 8842 12767 1037 1234 4098 6739 2210 4432 3168 12242 573 6169 8468 5891 8884 8391 10793 11469 580 5283 10643 5212 8940 10863 7993 9392 5046 7009 1368 7044 4188 6231 7904 12534 471 1828 4577 6784 7077 7998 5240 9606 1933 11875 3093 11188 1415 6556 9110 11985 6990 11928 2717 8512 10492 4335 8621 1358 3245 4358 10721 11161 491 6208 7512 5208 7601 428 4883 9573 689 5959 1763 11408 2570 3601 1168 11472 3991 12142 9422 12069 1337 10635 3809 5849 5514 11230 9177 11171 7373 11970 13030 2372 9197 9995 10391 11386 
12365 
12542 12861 13513 
12554 13099 13480 
253 4631 745 4890 6405 6952 2025 5094 4075 5195 8788 2087 4628 3338 7567 9380 2169 12122 2884 4336 3654 8001 9597 11814 617 11410 897 6592 2711 5831 11785 168 777 1630 3797 11500 2540 6542 708 4275 12170 948 1086 7024 2130 7528 8252 2574 5393 6781 7181 9130 11363 9346 10943 2096 3283 4773 4831 12297 9259 10826 952 1425 11480 175 5204 9019 11737 6090 6902 5870 7760 7340 7396 10072 11248 1874 9551 11456 3591 11773 1660 2272 11664 2566 4787 12314 12545 5728 11792 6558 6842 3025 10041 1506 7671 5304 11285 1338 7348 3804 7250 8412 864 3589 6429 3361 4085 8447 2548 3771 11246 2969 5845 3997 5092 2527 8047 6424 7154 8869 3265 4128 12421 1011 7156 2212 3088 5115 7793 6763 10628 3472 10976 4722 6146 8141 10751 11770 6963 7190 11027 16 231 796 9179 2870 5875 8369 4437 6054 6885 8401 8954 6300 6721 12702 9483 12503 3311 7686 5291 8069 9643 12298 7417 7475 3966 8171 8953 336 12627 363 1526 4692 4965 9034 11418 1104 1117 2158 2338 4130 7999 12408 5748 6970 10706 10048 11180 40 8265 9272 6233 9384 3437 9553 9537 11084 945 1473 11400 4954 9898 5305 7194 7276 4291 7157 324 2078 7454 349 5973 3970 8344 9884 10893 11543 585 9853 5686 12160 7556 9670 8264 9943 7204 12246 1715 2146 307 4174 4803 4064 4668 8664 11871 230 2984 3638 3648 5034 6104 4014 5527 2206 11709 9603 10485 3343 6509 6576 7344 618 9135 5661 5981 6140 7913 8507 5622 7724 6283 7389 4541 9297 1489 8552 5474 6280 1414 1880 2297 6057 7507 1166 5617 6001 12484 300 10129 4185 6552 8093 5737 8898 1657 9914 1480 1698 6080 1285 10321 3210 5037 12404 6919 8357 6388 10352 10955 12761 4284 11044 7685 11676 6471 8095 1412 5789 1934 8479 11219 1371 10178 8258 10998 6204 12157 586 3246 4072 4054 6935 3857 8101 7568 11491 8419 8504 4953 8266 8942 425 10021 1444 2362 1716 3848 9156 1980 7364 1068 1155 12428 6239 6385 6266 12175 8917 9868 6801 9452 10269 12670 7098 12634 1816 8045 11085 2481 12012 2907 3695 2280 7917 4775 7419 8631 1656 7819 1564 8608 9674 10267 3009 11349 12483 233 5756 9166 359 9026 11833 1946 8887 11977 8973 9445 6041 9758 7197 7522 7811 9398 2220 7416 9648 10432 10935 10648 12042 5090 10966 5542 9692 255 7788 8303 496 7196 10912 7053 8382 
12822 
12826 
12828 
12830 
12831 
12842 
12843 
12844 
12845 
12846 
12847 
12848 
12850 
5467 12824 12829 10819 12851 
12852 
131 12854 13210 
12855 
7166 11143 11659 11684 12916 13529 11933 12858 9137 13083 13475 
12859 
12863 
12864 
12556 12871 13226 2630 12865 
12869 
12870 
12872 
12873 
12874 
12876 
12880 
12881 
12885 
12888 
12889 
360 12893 1939 13347 2979 13361 1627 12890 9155 13266 
12892 
12894 
12895 
12897 
12900 
12902 
12904 
12905 
12906 
12907 
12911 
12912 
12913 
12914 
12918 
12919 
12920 
12921 
12922 
12924 
12925 
12926 
12927 
12929 
374 12931 12978 
12935 
12938 
12939 
12940 
12941 
12945 
12946 
12947 
5977 12948 13426 
12950 
12951 
12952 
12956 
12959 
12961 
12964 
12135 12966 13028 8136 13171 
12967 
12971 
12972 
12974 
12976 
12980 
12986 
12988 
12989 
12990 
12992 
12993 
12994 
12996 
13001 
2387 13002 13198 
13005 
13006 
13007 
13010 
13011 
13012 
13016 
13017 
1197 13018 13242 
9519 13020 13230 
13025 
13026 
13029 
13033 
7863 13508 12568 12965 13277 5203 13034 
13035 
13036 
13041 
12351 13043 13130 
13045 
13046 
13049 
4239 13055 13335 
13059 
13060 
13061 
13062 
13064 
6839 13067 13379 
13068 
13069 
13073 
13074 
13075 
13079 
13080 
13082 
13084 
13085 
13090 
13094 
13096 
13098 
13102 
13103 
13109 
13113 
13117 
13120 
13121 
13124 
11602 13125 13231 
13128 
13137 
13138 
13142 
13144 
13145 
13149 
13152 
13153 
13155 
13156 
13157 
13158 
13160 
13162 
13165 
13167 
13169 
13172 
13173 
7707 13174 13444 
13175 
13176 
13177 
13178 
13184 
6654 12879 13481 521 13081 6097 13187 
13188 
13190 
2443 13191 13401 
13194 
13200 
2282 13201 
13202 
13203 
13204 
13205 
13208 
13209 
13214 
6410 13216 
13217 
13224 
279 832 2579 8204 1367 7881 4294 9681 10439 1949 6953 12271 5861 10274 878 9227 2789 12642 3232 6774 6056 6336 3852 8885 901 2931 1991 4579 8714 9307 11135 8899 12037 306 1128 1004 2133 5965 4536 10532 3003 7939 644 10656 4449 12666 3050 9331 511 7896 9786 601 5299 232 1067 11242 1144 2120 2243 10046 7932 9291 251 2823 12244 1866 2699 12376 3332 11306 7966 11202 2180 10172 13225 871 4087 6211 7209 9464 11327 352 2725 7840 11019 222 1760 2052 4498 5342 3382 5133 147 3944 6159 8380 8399 10918 774 6658 7526 12517 1016 4112 2643 6142 7635 11415 1736 8491 180 7902 3574 12425 1833 8795 12608 11190 12279 3715 4377 7608 9873 6209 7430 1810 5457 5245 7116 13281 9513 11541 1228 3606 8531 10698 10668 10979 1127 9200 2732 9747 2704 6351 6366 3794 4868 4752 10171 3967 11282 8670 8688 5563 10967 7012 11461 1693 5463 6903 185 5815 2531 7464 5774 9104 8198 11719 13023 3113 4151 8347 11050 12074 2873 9627 3184 7596 1886 3892 766 6143 11849 2289 7063 1075 3734 10515 2071 4183 8578 12283 1416 2451 2170 12049 2383 9942 482 2044 723 7122 420 8311 8499 11354 1423 12555 1613 4137 8339 4143 4772 7205 13058 7878 10897 6478 8511 4596 7925 4656 6642 270 1387 5497 8228 1185 1357 11129 4214 10812 1940 6253 6745 10390 11359 6031 9017 11882 1617 12210 1111 7183 2453 8384 2518 13461 7502 8345 12286 670 10083 1379 3557 4422 6058 1313 6002 6421 6560 3388 9111 9899 4910 12663 8992 9147 11517 12291 1762 5064 5140 7178 3497 6348 13246 479 2422 7314 3134 7083 1224 7644 10429 11975 6726 13119 11006 13434 381 6290 8222 453 3509 6595 11830 3799 7103 9821 1743 9742 2421 6921 4704 11720 8919 10569 13112 3604 4221 12958 2863 5667 992 10365 1892 11147 12573 5318 12463 726 4450 2225 3305 3328 7640 10818 5057 8676 9908 12004 2448 9684 8960 9511 3822 7415 3719 11366 2904 7747 1753 5400 4311 11394 2004 11855 6969 8374 5408 13228 6136 9076 2957 6349 13439 605 12759 1302 11321 1719 9693 3611 4865 1001 8662 11016 3017 12221 7119 11604 13110 5229 6502 7818 9595 3623 3674 11705 
13229 
13233 
13234 
13237 
13240 
13241 
13243 
13247 
13248 
13250 
13252 
5483 13254 13319 
13255 
13256 
13257 
13259 
13262 
6411 13263 13362 
13268 
13269 
13271 
13272 
13273 
13279 
13280 
13282 
13292 
13295 
13296 
13297 
13298 
13300 
13302 
3304 13303 13416 
13305 
13306 
13307 
13308 
13309 
13315 
13316 
13317 
13318 
13320 
13323 
13328 
13330 
13331 
13332 
13339 
13341 
13342 
13346 
13348 
13349 
13350 
1 807 12969 179 13115 8633 13365 9700 13541 3757 13352 4150 13409 
13355 
13359 
13360 
13366 
13367 
13370 
13371 
13373 
13381 
13382 
13384 
13385 
13386 
13387 
13388 
13391 
13396 
13397 
13404 
13405 
13410 
13411 
404 13413 
13418 
13419 
13422 
13425 
13427 
13428 
13432 
13435 
13436 
13437 
13438 
13440 
13442 
13445 
13447 
13449 
13451 
13456 
13457 
13458 
13460 
13462 
5872 13146 13490 12758 13463 
13464 
13465 
13466 
13468 
13469 
13476 
13478 
13482 
13483 
13484 
13485 
13486 
13488 
13491 
13493 
13494 
13495 
13498 
13499 
10958 13375 11510 12823 13503 9002 13502 
13504 
13505 
13509 
13517 
13524 
13525 
13527 
13528 
13531 
3912 13532 
13533 
13536 
13538 
13540 
13542 
13544 
13545 
13548 
13549 
13553 
13557 
13559 
13560 
13562 
