0 
72 13333 6839 13067 13379 
108 
131 12854 13210 
240 
243 2041 2965 9396 13039 5525 8218 7970 12515 3199 12866 13415 8255 10763 3621 11764 795 6599 2479 13133 112 9805 4363 8628 9210 11203 959 3856 10609 2003 9305 5003 8909 640 12161 4412 5065 3251 9062 11223 12687 1763 3487 5030 2570 8438 1393 6069 1948 7965 6195 6232 4835 6011 3999 6722 4734 7278 8612 11734 588 2921 6594 8137 8186 6227 9073 11427 121 1289 1556 7500 7523 2560 6101 683 4269 4287 5827 9274 6186 8856 1572 2211 2777 10649 1571 2302 10011 10572 10861 6203 10926 2995 8322 4751 7064 33 1875 6438 3222 11166 2601 6838 942 3083 3450 5031 2930 4505 4140 4159 3133 4493 6862 8829 8933 12044 3593 9053 12800 1650 6326 6977 8876 9411 6194 10034 911 5649 4052 12430 4208 5116 9830 4605 5887 1054 3668 3935 8957 944 1233 1479 7509 679 6371 11873 1544 6967 486 8824 1576 7961 11733 11909 5507 11954 8069 12803 3268 10339 10357 816 4992 981 12010 6507 11810 12760 1203 11799 5429 12566 4567 10652 5946 8748 13343 382 11503 11530 6703 7260 7931 7972 8833 11372 12182 73 7695 12321 1881 9680 8298 12378 759 3098 5256 11932 10249 10362 11385 4317 5118 1038 9261 11701 8802 12853 354 5688 3143 6690 12353 1819 7425 6868 10602 12738 1821 4988 11455 5472 12521 2222 12186 5576 6511 6554 6678 2826 9544 5273 7906 747 7149 3677 9352 12631 5441 5583 11392 7069 9100 6193 7002 915 12197 4255 8244 12635 11304 12813 3331 7583 5960 11906 1782 3423 5148 7847 2792 6469 10610 3708 5192 11556 1937 3132 11221 2276 10599 
364 12495 9605 9654 518 3720 5515 1560 7226 5246 5632 12531 437 5942 2675 5646 12124 12156 4116 5638 5221 10735 1331 11335 10198 11918 1778 2790 5071 4941 10640 10729 484 7749 600 1297 3965 6920 128 10730 1836 12720 1583 11076 11783 6567 8191 11078 1103 9565 3011 6880 9489 3971 6131 5721 8799 5344 8684 436 3793 6717 997 7388 1363 1859 3313 4126 1565 6475 2602 4889 11401 2946 9309 1637 6177 9006 1578 8125 1300 5492 3253 10135 10350 2999 5673 4895 7076 7071 11663 245 11121 4828 9912 2546 2800 790 1492 1241 6123 626 1827 8388 7228 8515 1510 6428 5641 12060 2321 3217 6437 8509 1671 11852 2723 7809 1966 4495 2055 10778 2496 8043 5683 12173 4745 6874 1217 6452 8319 8660 10028 2787 2983 3393 5478 4583 5896 7485 11521 3001 6179 3628 9049 3613 7918 8082 10718 10982 5157 5364 10308 3147 10330 1887 2077 3192 2253 4786 12504 5480 9233 822 10345 2866 8764 1910 12349 597 11758 5434 7304 1420 3882 3918 10073 3929 5949 8011 561 8718 12984 6357 8024 7173 13358 9514 13000 1790 4993 2315 2910 8626 1329 2063 10704 4922 12253 6135 10037 2542 11731 2476 3947 11447 12059 10882 12217 3116 3547 6597 6730 6772 9265 10536 2911 5399 12733 7722 10013 5635 8030 10343 2758 7038 5775 12447 782 10052 11344 267 8284 8458 5469 8118 11836 12660 3733 7924 9093 11128 1502 2365 3121 6093 10022 1286 9067 2914 5456 9854 12084 7117 10240 7427 9014 595 12587 8394 11301 9487 10465 11752 1447 3843 4374 4418 10354 12816 272 3717 4838 7147 8865 1651 3689 1905 4367 2346 2775 5932 5146 5739 1194 1674 6913 4599 12769 4710 9760 8533 9268 8715 8835 9184 11358 1191 5394 10531 4881 8871 886 8650 1255 2066 3585 5290 6728 4303 8712 926 7143 8165 5444 10855 10326 10571 1149 5027 8744 10942 4884 9611 2259 3667 5151 7557 6830 8950 869 10791 1073 3870 7086 4716 7938 9127 4488 5779 10542 11013 6150 12385 3157 12625 333 12445 320 3420 8282 4385 8987 3433 7834 7693 9448 7730 11024 1812 11868 5016 12238 4037 12682 1360 4047 6328 12067 8756 9033 7767 12184 883 3859 12995 5971 10961 1818 6414 7853 13294 6205 6884 480 9671 6906 8752 13311 8904 12934 1273 4571 4968 12510 7405 9327 12514 4131 13539 3479 10213 10736 1470 12228 3673 7643 11140 1562 13304 332 6451 10945 6416 12801 
308 
404 13413 
439 10327 13403 13554 
1806 6078 1979 10347 7531 8336 628 7316 6684 7488 10094 1629 11847 6271 10525 2001 7128 9809 12276 2809 9784 4278 7953 11715 12403 2523 7245 1801 6750 8134 249 3367 5723 7515 12263 2631 12311 5397 8029 1639 3456 3314 10262 5449 7017 470 11142 4378 4685 4769 6497 7995 10563 11536 13118 1519 5947 5153 8098 4817 6485 145 4894 5169 7283 10086 541 5519 10252 12930 12955 3490 6996 704 4172 6811 11782 10627 10952 4614 8157 4490 9993 6050 6098 3959 10783 12645 2628 7806 146 5248 2784 11183 4739 10540 7498 8015 4343 12560 6563 10248 4640 7436 10587 3956 10764 4201 8119 2183 9799 4671 10734 4765 6933 660 9108 6908 10774 6172 11210 579 678 530 8179 5160 6926 814 4830 3693 8496 1314 9369 10155 11213 7497 8321 3138 9218 10631 415 7825 1485 9221 6025 7677 520 12088 1398 12420 3454 7263 7726 10811 2551 6648 5928 10148 10174 637 9471 12100 4871 7663 10143 11609 2489 10813 1364 5473 5503 7268 7452 7866 12471 1679 1947 4071 2520 12129 6710 8967 9667 10554 598 905 5869 10505 2410 8317 951 10551 87 4909 11320 12695 938 5289 6643 12307 1559 7807 2613 3550 8481 1050 9045 2292 7089 11340 3499 4469 5568 9895 9231 10260 4869 10601 2736 2793 1263 3764 1570 8641 12280 12290 780 3491 4288 12162 4582 6647 9249 12057 928 9178 9711 1269 4153 7576 11123 463 2048 7547 4601 8487 10273 10478 213 7606 12528 6572 9660 10871 4139 11570 4202 9018 9801 403 2091 3395 507 4277 9052 996 2757 12233 2207 5205 2304 9333 167 6174 599 798 9909 13139 
558 
1781 12424 12481 8200 9683 8358 8990 192 13213 2462 3205 6998 12624 295 4832 830 8065 10875 5844 6088 9675 10115 1525 1989 10323 4916 10808 511 7893 7896 10331 236 7529 2245 11271 2633 8495 200 8714 5595 9642 5266 10145 823 1768 1174 3930 8881 1021 12422 3385 4970 1956 8189 3020 3473 2474 5890 11433 623 9459 645 2209 12230 8677 12804 9861 11454 3871 11130 1109 9566 6812 7940 12358 7908 9776 3027 9756 590 6330 3702 6962 6658 7060 9223 7921 12494 4806 8693 12048 6720 9631 11714 10410 10759 6173 6860 5510 11771 12668 834 8389 11644 2074 9713 2584 9726 7714 11136 6460 8392 5804 7852 5381 11592 1538 4484 7600 9117 3522 12647 809 10453 10785 10965 5440 10615 250 8076 9078 3981 4501 1078 1365 6976 7966 3418 12588 5543 11474 7099 12810 4015 11461 3996 9074 4657 4863 568 5301 13054 1004 3008 1736 10046 1067 10532 2062 11242 487 1431 3322 1367 1866 4749 12376 865 1550 4331 4858 6519 12220 12530 2361 6246 11828 2036 11060 7771 11450 1132 4908 6915 3203 11442 2180 10172 871 7209 3332 9695 1138 6035 7974 3295 10436 1451 7873 8195 8300 13537 5783 10762 4020 7552 8812 13441 3365 7789 2699 5912 3975 6067 7571 6362 7441 3662 7021 9394 1895 4147 3414 5986 601 5086 6435 3841 9423 7976 11202 11306 12123 875 7026 1840 8880 6130 6484 7894 10825 12371 2880 11429 2108 7355 2352 3296 10116 1456 1472 5588 9870 6407 10355 8850 11607 6470 11071 3534 6957 8551 9706 12773 1009 7218 4485 5232 6918 527 2547 7994 3429 8945 2100 8524 4097 8247 1226 1813 3846 7272 10368 770 3854 1558 2959 4971 8713 322 5605 2805 9534 10896 5533 6120 9183 11605 2267 4972 3505 12547 3563 4383 9383 8766 11439 1287 8815 2286 10967 1296 7977 762 6302 12192 694 1093 7012 3537 9385 3794 8531 388 8308 9946 9949 3068 12653 5299 5924 3256 6403 10596 2084 2507 3898 6854 2868 11277 6254 6890 894 4449 8899 2133 5965 2732 11102 9747 12666 8390 11088 8775 11674 13253 1600 9979 1041 4946 12875 11984 13327 1006 3963 7628 7336 9517 4451 12477 6782 13072 2034 7990 7160 12382 5631 12997 
611 
422 682 
163 8839 1709 4961 10208 3013 11330 3925 7652 234 5145 12306 5391 7387 7360 11247 297 9415 2366 5918 9682 850 1598 11976 6441 10552 11346 1899 3458 7189 7612 13 9301 4851 9431 10741 256 1938 4827 6084 9710 1268 6359 6790 12710 3590 8739 5901 10913 6692 9591 8794 11462 2026 4686 11434 7446 7648 405 4654 1789 6761 7882 10560 2650 3781 6961 10411 8751 12195 5561 7542 6645 8702 478 9828 751 9216 3866 5374 11389 11768 1211 8862 9267 1867 5091 4386 8758 3329 5945 6922 8878 2299 12252 4562 8480 7414 7670 786 990 1797 12538 5385 8320 1267 7869 2901 4706 1869 4466 9055 737 8944 9319 11193 3188 7805 6807 7451 8426 11626 1088 7420 4713 8527 10686 12711 2687 4550 5225 4811 10007 2818 5227 706 1108 12121 3564 7877 5109 10309 6796 11535 1997 10025 4156 11726 407 3095 39 5623 2471 10194 5878 10227 887 7697 2452 2525 5892 8059 2141 6516 173 8749 9923 10680 12053 12071 1936 3160 3653 12559 299 12070 1075 8578 9619 8974 12654 3734 4572 5923 7519 8429 3293 7669 9402 3342 11786 2279 3936 11633 12368 5905 11699 10872 11613 11745 77 8350 723 8885 11849 1954 4570 11035 4576 10008 3381 10454 1053 5813 2197 11596 2908 3570 5697 6522 6995 11722 1623 10177 1612 2266 6816 6601 10878 2347 10727 473 8925 9795 3156 6660 7937 5861 6076 7126 4934 6465 1640 2789 10274 3778 7063 3341 7203 211 3097 343 1976 7582 8443 8681 10707 12457 833 12438 5760 11103 3287 5940 2369 4182 2804 3546 858 1318 9748 4647 4989 8014 1689 1803 7148 8634 3109 9102 10207 6894 12234 7751 12222 5699 12364 
846 
1197 13018 13242 
1262 
1264 12899 13516 
1319 9973 5486 7418 8699 488 3605 1761 5821 1237 3348 379 3467 1960 5156 3075 8536 6669 7458 12642 265 3714 10797 2883 3580 10676 10977 3701 5824 6056 8678 3583 6336 5701 10193 505 6127 3368 9195 2170 10181 4311 11394 2506 4612 477 12236 2467 12509 2383 11604 2451 5383 3674 9942 11705 567 9693 9450 11861 1996 5858 6143 7122 2044 3574 8795 4294 4625 1016 7902 5840 12049 6142 6774 1252 9372 3943 10699 2672 4568 3169 11290 673 12329 1144 4087 6159 4151 8380 2579 7756 9440 9786 9948 5517 6296 4397 7391 7719 7881 7198 8289 2469 9921 12203 279 9291 3852 9227 832 10439 4330 4519 7694 4904 12271 3232 11034 659 13421 3700 9123 1139 8730 12887 8055 13093 1246 3402 7909 13399 11911 12884 1221 1320 9980 2039 3812 2120 6211 8204 12244 1353 4352 2224 8745 2379 12474 3723 6905 8027 4461 4861 6843 7395 11177 3891 4814 4407 7045 1474 11540 1498 12302 13236 6992 8074 4109 6668 1253 2201 10315 6550 12024 10633 11896 196 7841 3327 12671 3074 8743 1949 5463 6288 11268 11476 638 12267 48 3090 1082 4616 7440 9104 2708 13239 6534 8768 185 12074 2873 7464 803 6813 1316 6903 7536 1384 1693 479 2643 7314 8491 11892 3113 9681 12608 251 7116 2243 9627 2531 5245 11719 12658 13023 2420 5815 193 6953 1272 9175 1762 2422 3134 2725 11327 5667 7178 2823 6571 13389 5774 8198 5064 5140 86 420 7644 6348 6726 13119 10429 13434 2863 11006 13246 3497 8347 9702 11334 2314 11050 
1412 
3185 8332 1330 12407 4834 12022 2865 7214 5848 7346 5570 11780 811 1113 350 3320 1611 2576 13024 4382 9911 5413 12778 3005 9020 4559 6406 8737 10568 1389 8246 754 7381 6896 8579 8760 10133 8769 11514 1735 4659 4222 10954 6624 11929 8236 12335 13086 2494 2769 5276 8149 2081 10944 13235 1978 8966 2623 2638 4065 3306 8310 6079 7704 2 8287 5458 12749 1973 1992 13423 2599 11167 9496 13164 1986 2213 2172 8978 4373 6125 1958 4658 918 7179 468 656 2255 6013 8053 12669 2318 2412 3484 10821 11553 11184 11924 2624 11653 4336 4719 6175 7577 4833 12753 7810 11351 10573 11796 1419 8062 8657 2608 4456 12319 569 2447 9057 11226 10449 11058 3376 9263 2722 6568 7429 1845 13021 2236 7585 3994 5287 6640 9339 140 6626 7091 10243 11066 3086 11950 10713 11191 2261 4914 5553 9712 4702 12943 3269 13063 3632 7691 3984 9798 970 11685 6709 8142 10694 5258 8604 2994 7422 12724 4561 6402 1902 9037 4812 6344 5886 9731 10421 6861 10584 10333 11953 724 1968 8428 9260 10469 10562 5736 9470 3699 10100 7701 10167 7351 11082 1838 10850 1322 7184 11003 649 3908 8217 2002 3089 4840 5259 6422 5856 10624 2755 10491 11236 11448 3215 8606 4709 10318 10 9236 2544 3252 283 3627 6705 4395 12099 892 4985 3389 6431 5176 8823 8175 12313 3347 3863 3609 7104 4944 7718 593 8996 11838 980 3635 6711 6975 526 7907 4983 13472 5647 8537 5846 7942 11886 9320 10960 6458 12305 12832 2917 6694 10566 10986 3180 9656 2189 11795 6609 7655 6954 12472 3556 8736 9571 3990 8671 13406 2527 9597 11814 8575 11004 2483 6249 6536 1090 6108 12006 2740 8994 10547 2884 12298 2783 12249 6270 6659 4248 7544 8405 4785 5285 8920 12596 345 1096 27 7142 7230 139 8837 1033 7975 12108 5855 9214 6397 7629 9576 11467 2240 10839 3468 6286 474 8035 461 3034 6339 9705 11458 1177 2124 2806 7688 10338 2252 7254 6162 8911 2511 6706 9418 7108 9380 7340 8717 11160 4995 8555 12723 42 4474 126 2385 1888 8840 2087 2169 657 3338 4523 9021 12735 4967 9445 5204 11456 11480 1355 10138 10557 1298 8560 11865 5509 7320 11179 12111 12540 
1647 13100 7651 13076 13276 
1683 13287 13526 
934 7343 2056 11265 3920 11043 2816 3773 1646 9635 10990 321 7540 1609 4328 12167 6877 11650 1723 3350 4032 9725 10936 11395 2500 4271 12089 12418 2676 10595 13454 2754 3417 3755 13196 11159 12369 2988 9560 10009 1872 7630 10530 662 4017 7857 11238 7140 12903 9769 12841 8250 10113 11387 13497 50 6006 3207 7342 3290 6168 4708 12251 38 1348 880 10098 2363 8121 4487 7774 5743 6400 896 5803 4167 7534 11189 7646 8653 684 4892 10921 11473 1047 6853 13555 1945 8576 3049 12609 5933 13163 3789 9813 1606 9318 2982 11437 10654 12482 4790 5550 3412 7846 3104 4977 1312 6279 1754 1758 2402 3154 3868 6537 2271 8656 946 7050 10190 11615 3297 5356 6791 3292 6946 6199 10405 12968 45 655 10404 3139 6495 7234 7885 9967 9115 12522 
1793 1967 
1862 
1974 13065 13223 
2022 
2177 13071 13168 
2443 13191 13401 
189 11187 9001 11018 11807 1882 1953 12174 4270 8355 4793 9295 5894 9811 4036 6284 10773 10792 11322 2406 5750 6071 11683 4947 9345 10984 11122 4953 12794 2381 2730 1159 2743 11478 11923 1599 12001 1773 8219 3239 3308 288 3334 118 4736 2214 5668 2842 4226 5786 9547 702 1071 3865 3678 10459 5 7754 1036 12775 5025 6466 3727 12045 1535 5341 8466 9185 4502 6702 11201 1042 6841 10314 5504 8164 12637 8895 9531 4540 9727 387 4615 1716 4220 2068 9156 12516 3903 6673 8557 10216 1248 2583 1852 12227 1980 6124 1444 5182 5288 9500 665 9975 5442 5922 4212 7867 7280 7525 9466 4192 11546 4581 6018 7171 11842 643 11651 1099 4661 2244 6057 2771 7253 1449 5690 2827 7672 3056 11273 3248 8563 9697 2487 5505 7481 1619 4323 10051 825 4759 5147 1764 2461 740 1200 5124 5767 5843 8501 23 8668 10423 12985 2578 11364 13148 4406 11104 210 10814 5271 13088 2888 3085 3044 6287 10565 6937 8942 235 11157 2320 11002 120 3782 3904 4170 10090 5839 10026 6167 7028 10513 58 7499 11118 12740 542 5307 7151 8329 9930 2362 2596 8093 8504 3370 12448 2280 5788 7819 7917 7098 8608 9026 539 1745 1752 2114 3009 1249 2035 6471 8431 8729 9914 11676 2907 10021 1921 3848 425 1490 3860 5930 4845 8442 356 6236 10201 12639 4394 11037 174 6535 1523 11234 2859 3101 9283 338 4620 9258 2877 6662 700 4666 5672 6936 7848 10140 7830 11141 2477 4135 11750 1549 5495 6055 9058 13390 960 4717 11898 7626 12944 2230 13564 3053 9863 3644 9645 3661 7836 11062 4023 6434 6844 12134 11700 12417 4178 4521 7066 10295 1317 3165 5214 6107 7471 10312 4548 10619 13324 1591 12466 1540 4265 9244 389 4043 10645 1742 9454 12833 1756 10261 12942 528 1710 4177 4876 7864 12090 4326 7772 8632 12662 4788 10711 5411 10311 10377 12795 2337 9112 602 3777 6360 12153 7588 11207 1601 9215 6912 7213 1462 7967 3803 4194 4068 4209 156 6973 8268 12513 2607 9361 5006 7222 9257 11637 12717 12703 13357 14 8820 10222 4856 5866 6222 9486 9562 5531 12273 12856 2801 9393 7739 13161 788 3018 13521 4046 7553 2333 7182 721 4602 9347 9507 12963 2726 4499 5528 7960 4537 5819 8410 4917 8927 12674 2737 10110 1250 13207 5311 7849 4028 6656 9495 5782 6909 6590 13363 
4575 5941 538 2526 4529 2517 11138 2125 7548 5468 5852 7115 8400 10117 11457 2610 12245 4165 5386 6810 7210 110 12577 122 5264 4380 6220 1202 4409 4638 8192 3507 6341 2728 8026 8669 2156 5329 11728 5784 6836 8361 11299 5201 8995 9549 11045 11790 5371 7778 5163 7058 1175 8999 1044 10987 919 11564 848 2530 12359 3271 13325 5219 6549 5951 11914 2242 12337 1484 12452 735 2203 9728 442 8456 7535 10634 3567 10374 12372 3259 3682 9066 11586 144 2164 6390 10481 10211 10435 7876 11220 9592 9791 60 11696 362 2705 5498 12465 10460 12007 653 7370 6611 8858 1587 11353 4517 11283 423 2597 2719 4580 5376 12147 12287 12790 7766 8958 10434 12713 12770 13057 2159 8617 6621 9340 7286 10336 2345 12207 4711 5674 2811 11572 3230 3401 8293 12734 116 4058 2814 8083 9913 11333 1351 3980 266 1965 7377 1310 11825 3014 3459 11589 3559 11152 5454 6700 6873 7386 12380 2269 2464 2903 5017 6030 7768 8016 11879 10349 11468 9368 11649 8064 11622 3900 6819 4238 9509 739 8875 172 6099 10844 11451 12618 1013 9285 1024 8610 11328 195 8104 1165 6218 6440 13314 5944 12476 1476 11632 3560 8452 2138 2427 4776 2735 12756 6383 9399 7325 11199 13369 2217 12638 2794 7369 3084 10827 7949 8138 824 903 11114 7683 8725 13151 3195 9850 12254 475 3280 1069 5432 1915 7952 3299 5900 1625 5753 7765 5389 7123 9015 1645 10438 2609 4494 522 1662 4677 12345 7368 12377 4893 11887 5552 9247 3211 8613 8947 664 1095 8037 5296 5481 1920 7016 1516 8299 4217 7084 5028 8724 1850 3636 2954 6482 4253 5436 7631 11069 8206 11666 6439 10724 7019 12661 4746 11276 3029 5450 6503 7506 2085 9409 339 2611 6775 7861 7923 10625 537 1776 4031 7897 9794 2937 4033 4742 9827 11490 3051 10444 3177 10616 4750 8923 663 9371 10865 835 3413 460 9407 1628 5820 424 3397 4919 4538 10205 1834 3747 12295 1179 11481 1614 5166 3769 6005 1196 9787 8469 13301 1487 6377 2140 12970 2700 3130 9144 10747 1673 12999 2484 6623 4435 11917 4013 6695 7486 7473 8353 781 10388 891 3285 5420 5508 8286 6157 8214 1188 5009 10522 13179 2336 2886 4560 9353 11499 1873 8432 11081 12325 12511 4234 12643 1244 5549 119 5989 8931 9270 11629 8645 10931 867 1977 13031 9662 11384 1802 7169 11073 11866 1199 6546 2407 7929 12440 1396 2007 5111 7047 
10509 10748 99 440 52 7895 1239 8782 1406 7359 2781 12381 4434 5648 11475 11903 1849 4587 4670 6258 10795 7338 9159 1335 3539 2617 8569 10425 7015 11404 90 5991 1751 4948 3460 6487 4084 5770 2779 7051 685 4426 2165 9188 9246 2020 8444 9759 4254 11859 6272 9548 711 2053 10849 2684 2872 2958 6476 7456 9468 11528 12272 3562 7530 8804 9636 11670 11880 619 978 341 772 3657 2685 3745 4057 7120 1325 7619 9902 4427 11371 4230 5687 3669 6593 127 3028 11698 6248 10371 898 4960 5746 9094 4445 5578 8262 698 9634 3520 7114 12675 6176 6950 10029 12614 688 7782 5056 10496 8705 10590 11487 741 5330 5338 5639 7 8886 97 3469 5095 11310 4534 9276 6719 11724 2248 8914 10561 3355 12469 4175 7633 66 5143 5206 1366 3274 408 11012 4563 8879 5608 8828 10644 4496 6183 3739 5026 7207 5334 6911 7477 8866 4403 9046 1569 7755 562 2171 4558 3501 6219 3508 7753 8241 1438 9733 4676 5053 7007 7982 8926 582 2646 5354 7879 11284 114 6632 10636 2948 10168 8981 11915 3746 10259 12391 647 4280 11940 1504 11477 4491 8063 9266 3867 4665 9944 1079 3449 965 4637 2891 3983 5267 5282 3569 6606 6788 8404 8826 6821 8883 8997 10210 11899 12011 2033 11717 2442 12672 6427 8114 7105 10310 7616 8526 9965 8208 9414 4597 11922 12694 9659 12748 
2876 13140 13249 
4475 5418 3466 11237 2803 8603 2015 3384 5882 10726 651 2635 6480 10983 344 11671 2505 9441 10024 10256 4653 5340 1031 6498 2102 6831 8565 412 4764 963 11361 10457 11356 11438 758 1328 3728 3948 4481 7796 9617 5931 7746 956 9679 6047 11638 3146 5069 7483 12401 12706 7306 11725 6483 8285 1668 6381 11936 12764 6019 7231 8242 1837 6382 7001 9847 8075 10332 5919 12612 1397 9085 3286 7816 1860 9120 2401 6456 6500 4089 8411 8567 10575 2686 7000 4846 5541 7180 12693 214 6898 3000 3125 3202 1110 5812 3974 11017 3391 8230 3470 10002 1049 2985 3851 8091 3302 7676 452 9329 936 2008 3603 11380 6235 12312 3493 8132 3553 7480 10016 7266 11740 3069 11293 2134 6607 5262 13008 2040 10604 10119 13446 421 1141 1814 5913 11383 12815 1641 3791 12507 103 3021 4051 8965 71 12348 2332 9901 3281 4525 9886 1481 3783 4698 5715 7599 1732 6033 2926 11964 4439 11174 11469 12446 3596 9213 138 4305 12367 2065 5652 6837 9119 4249 9146 2698 9749 3126 4161 10097 9242 9831 1354 1424 5274 8167 6268 8679 254 9271 8323 11661 5435 8008 2898 8700 1930 2861 3404 9410 2549 11402 155 10455 4574 9691 8216 11893 4669 5141 11485 1222 3386 746 7658 1214 8937 11628 881 3615 968 6518 4361 7613 1323 7087 8979 9804 1912 11422 609 11913 4195 7008 9935 11482 4690 8818 7560 9171 5130 10508 11393 2695 2731 8359 7659 12394 459 1395 7043 1376 2535 2142 9584 10701 3834 12308 394 5235 6676 6944 7356 4860 10247 769 4932 6923 6496 11569 4875 6849 3231 10674 10506 12250 1433 4362 390 10191 6691 12536 6144 7797 11153 1596 7618 4945 5011 7784 8773 9167 1885 7703 8048 11594 1554 8227 85 11639 1581 9729 985 1620 1524 5127 2773 5416 5826 5832 5603 7696 2069 5321 7496 12601 8360 11573 2456 9985 6481 6486 2897 5337 8342 4260 5260 4442 7431 11730 11966 2129 6029 4346 7159 397 2029 8276 9461 9835 3622 8193 9539 6858 11753 1901 9637 6096 9433 10484 481 10924 839 11074 10076 11952 8457 12239 8900 10940 2089 11116 5980 12292 
2996 
3026 
3107 9563 13260 13408 
3115 12836 13496 
3356 
3565 12909 12979 
3766 13258 13470 
3989 
3179 13186 13430 3273 4119 13402 3960 8672 523 7315 5333 11994 12610 2950 4530 13232 6285 9141 12497 8508 13131 1874 3373 6036 2649 8941 2264 2815 1863 10014 3972 5007 5592 5811 7649 1770 9229 10185 1545 10313 3015 7680 6530 10923 5387 11424 264 986 10169 93 11249 9641 12486 280 5233 5586 1344 6902 12355 2342 6445 2667 7744 551 13267 914 3893 2639 6947 12299 6370 8616 464 3209 624 4138 5990 10683 1192 6707 3416 11296 3390 4166 4957 11479 5834 7905 543 8145 4877 4936 12763 5335 7229 9169 11963 529 11656 1401 6413 524 6846 1622 1972 7562 2632 4969 9234 12188 12677 5501 12797 1861 5853 8454 10733 10970 5642 9203 12154 347 1766 6608 12575 1232 6562 11129 1185 1940 8989 381 3509 9816 6253 6595 3913 8830 10473 797 5445 1258 9966 5634 9357 10043 750 5189 7845 646 1163 3019 5567 939 10150 4520 5572 2331 12781 5096 9598 2024 5854 13136 9621 10075 10445 375 396 6180 1065 5799 5367 8151 1448 9250 768 9871 923 12580 1889 1942 9864 11047 1201 9315 11080 12470 4354 12120 8530 9848 11817 13070 761 7554 755 9877 4557 10688 4063 4644 4078 4695 2734 12157 3890 6204 4837 6238 150 10428 6805 12432 2841 12987 4356 10891 13433 247 7786 3737 12179 5405 11172 12257 12 7493 6044 7024 7103 8100 8370 9821 6070 7332 22 8703 12073 6295 12143 8 3502 2241 9761 1497 1878 13467 948 9964 4831 4859 3172 6269 1107 11707 2952 4268 1907 2445 4405 260 9259 282 1744 3360 10826 11965 5117 8849 8475 10943 12350 7175 11079 227 7393 8252 1436 3283 8659 10072 11248 5870 7396 
40 9537 9553 2014 5996 6633 11773 1820 4190 9404 3437 11770 3472 10976 5195 7475 5305 6542 1473 11084 3591 12627 2962 9551 6801 12314 5617 7522 3326 4787 2625 8171 4631 5094 5165 6506 9081 6198 8896 10617 2433 7297 9465 10810 7417 9643 3966 8816 1747 7910 1916 5291 3654 7232 4075 6424 3771 5092 8141 6952 12421 7156 12122 253 8001 6146 10628 10751 4111 8369 6327 9030 1630 2540 2025 8788 3997 11500 2199 10048 8953 11820 12475 12799 5159 8588 462 3422 4839 7296 6667 6970 8265 8609 1076 4141 11516 2076 4762 3243 4753 4072 6935 6777 8101 586 1660 2127 4200 5193 2810 12309 952 2368 10220 2272 2566 336 6405 1425 6842 8973 11526 631 8585 3842 9326 6651 9651 10518 1800 9080 2075 2589 12200 5765 5916 9304 11578 4641 7125 9564 2457 12578 925 1529 592 1064 2502 4130 5327 7448 5748 10739 2519 3619 5730 7709 9392 6233 12529 3686 10218 10706 311 1526 2915 7999 8316 11412 1871 8842 8910 12146 1066 7993 2262 6086 9202 9917 12751 1853 2090 7085 9142 4180 4697 3033 7621 10372 516 12519 728 12762 13218 1243 4464 3345 4880 2416 6891 9709 906 8272 3722 8194 106 9558 4181 7859 2116 7362 5040 7079 4049 9378 787 1227 2135 3421 5005 6489 1341 5814 1315 6737 6247 9672 11876 3151 4076 5778 8661 3226 7062 4016 9032 5228 9277 11937 2006 12898 8698 10360 11775 6251 11095 7850 13510 
353 5544 4267 10717 8437 11927 257 3531 2993 3066 2166 4780 9189 5589 8843 5524 7241 443 7172 9734 12550 8089 11623 3022 6738 9003 10108 12326 5396 8474 11506 2011 12164 1870 10215 5479 7579 7941 1495 9865 1394 12591 1799 2437 909 2367 3594 12340 2998 6126 8039 7025 9678 11275 3201 8031 3624 4402 1153 11100 5068 10939 1694 6034 6945 9893 6798 11449 446 5712 6160 11525 7472 11109 3617 6170 148 4117 4503 2893 5488 5181 5224 4673 12613 4783 5050 4506 6259 10799 11583 5180 12379 4712 11105 5671 8680 10197 11716 12103 953 5725 7851 4400 10278 4942 9101 11711 12498 5529 6074 3840 8243 9874 12599 2532 12725 1643 4026 4569 3007 4679 2273 4621 7898 1288 4086 4144 1437 4320 10657 10823 11694 11022 11721 88 5954 10472 8233 12190 219 1122 10057 6718 6753 6955 12399 2323 6473 2414 8283 2978 9766 8789 9690 2301 7650 9199 2674 3077 1342 11206 3357 3826 4761 7654 438 5714 7255 8545 6686 9718 6889 7989 10760 12054 1711 3703 2027 4468 2680 12779 2899 3323 608 12148 3705 5029 11784 12327 6083 11563 7623 12715 8071 11279 1061 4714 10820 12339 2862 12086 8811 10329 2591 11423 3064 4588 4810 8577 11258 4228 12623 1112 8260 5062 5732 8731 12036 548 7573 612 6116 9976 10925 570 11115 2581 10270 4617 4973 3124 9928 4553 7892 12247 10938 12431 7299 11885 1593 8535 9105 7075 10804 6189 11063 9072 10082 11158 11215 1780 1794 7460 11305 4543 12732 6230 6787 7295 8408 571 4524 2295 11156 355 5217 2785 8301 9746 11505 326 9162 2927 8983 3405 8117 12491 1809 4825 1311 10125 2759 3542 7193 7592 1032 8367 675 9306 10406 6555 6652 445 2278 370 2681 3176 6112 4955 10691 3262 5968 10144 1356 1408 4882 9323 12811 4414 11077 2874 6479 6602 6857 8771 4767 5704 7367 3431 7569 5535 12395 1407 11806 3663 7777 2216 8779 2987 4127 693 6752 5004 8652 550 5220 11282 8122 9400 10196 10422 587 3394 5325 10846 2654 7627 2791 9090 1924 4093 12719 109 4639 5958 8397 924 5132 5382 3112 9413 6032 11127 4589 8905 197 6931 1092 4545 5191 7964 8088 8709 2537 11990 4029 8333 7717 11827 1777 3640 4342 11690 5249 12814 55 870 10809 1788 4292 5950 2285 2819 5142 12116 2403 11974 7293 11884 224 692 3073 10879 11620 6732 8473 7165 9187 3383 12754 286 6228 5278 6615 6764 9228 1063 7146 799 12468 3735 11280 3016 5790 3880 4112 9990 492 2418 5596 11307 11560 261 10158 3825 4594 3078 7790 9879 348 11957 1030 4897 4718 9771 9456 11550 6297 10598 2882 9164 4061 11347 3333 4979 5628 5695 10836 4872 7199 385 6863 3140 9181 614 10514 11809 2031 7162 4233 8975 
4239 13055 13335 
4390 
96 8928 373 8921 8635 10771 3837 4507 5254 5825 13511 8765 10151 12518 209 2309 907 2512 8520 12426 533 1659 4370 6878 4870 6185 9707 63 650 9515 9781 9196 10279 890 6825 377 2466 9462 10004 11026 3099 12454 2501 2878 5606 5651 4672 11029 935 4399 5352 9238 11352 11585 8529 11665 3483 5660 6492 7309 10661 3511 9986 12229 124 11869 100 6818 5659 7052 9191 416 8128 3732 11288 5421 8778 78 4419 7329 1428 2184 4146 5565 12434 2019 10988 3751 4229 12128 6010 6505 1235 3436 3054 9530 1195 10078 2440 4069 11938 3189 4039 4514 11176 4991 10386 2582 6982 12199 5792 7603 4600 5378 7889 8697 1332 10796 12330 3713 10344 11463 10908 11738 1148 5033 4365 9460 190 5726 2742 5629 1839 2168 8640 4398 8387 13051 242 5600 2665 3639 2856 10787 149 4095 6806 7466 7484 6613 8235 4304 10084 2310 6653 11778 1350 6989 1774 2553 12807 10301 13322 101 8845 7366 12019 1713 9739 7374 7657 10050 10715 4630 9732 10529 2113 7868 8770 4276 4715 6329 13477 7262 12414 2356 3993 5370 12177 5375 13522 2148 6073 6303 12727 296 11801 817 6091 7684 12439 1157 12365 3528 6419 743 7033 5587 6378 7049 2594 5997 3942 7926 4110 8238 7127 10884 1077 12336 974 7072 11501 764 6293 12185 9158 9623 111 9724 6521 10375 12165 1467 3106 5002 11919 4849 11574 10099 12667 1162 6859 6845 7090 8406 11251 12150 13108 13182 8825 13004 4956 7462 13019 7645 13556 7957 10280 10414 4332 5640 2380 6154 8378 9299 11243 991 5265 697 12598 8674 12137 11010 11794 4074 12686 3319 9823 7731 9444 709 8292 1957 4392 8663 12149 6092 11483 6024 8564 8906 6200 12772 8314 12032 10581 12549 1186 10161 2795 11055 1306 7073 2012 10071 2942 13558 1457 8012 12977 4636 5075 2796 7741 1658 1779 3048 3312 6670 4301 7927 12886 2923 9630 1333 10160 4448 6042 8385 4441 12962 6 13459 2938 9817 3242 12791 5105 9583 4187 10251 6869 10233 979 8954 1155 11575 7700 9889 3235 9499 3754 9779 1877 5620 1215 5323 5845 8447 9312 6763 8047 1844 12388 16 2770 796 2870 2092 8716 3797 5875 5677 11509 6054 6721 5522 12034 6012 9721 10671 4102 6387 779 8398 2300 7092 8087 1014 9336 3649 7039 7625 10337 12065 2226 9529 5698 11443 11931 12178 4689 9485 9931 12384 273 641 874 7832 7997 8379 3339 4007 9482 8207 10910 6557 10852 2475 9040 6217 10298 3238 12648 877 9545 1293 10088 10702 4822 12458 7014 8305 2042 10714 4933 10948 4844 12126 1858 3142 2964 8646 3806 10202 2997 6865 7375 9947 12771 3780 10630 2061 6241 5585 6814 1045 10673 47 2499 10063 3690 9416 11326 983 7094 10325 2212 3088 4722 7793 583 4930 5452 7070 8939 4874 8213 5717 8343 11163 11348 859 5806 1690 3612 7433 9554 11216 1541 2808 4002 6153 2231 6117 7883 8505 5365 11989 3196 5015 6444 8485 8549 12061 1988 10798 4044 4826 1757 3730 713 7950 9036 11432 1135 3911 3258 4060 8528 3517 3548 8869 8013 10284 2454 5241 5976 4062 11313 3311 7686 5115 8819 5749 7154 8962 9280 9161 9857 4299 9526 1245 3197 3561 5828 6353 10835 3833 10353 749 1666 4907 469 668 1825 5766 10489 12523 4766 9269 7216 8080 12809 
4773 
4959 
5277 13052 13220 
5483 13254 13319 
5569 
216 5238 10842 2521 7595 3478 11464 921 9467 8558 10426 11492 4598 11317 1826 11134 11325 1251 6363 3894 8720 1458 2648 12027 5073 7947 4755 5584 6140 7549 6283 10105 7053 9065 67 2317 2493 4878 7220 6771 8844 2146 11396 9992 11259 6082 8434 12316 4606 6432 7389 8318 10363 11813 9297 11805 255 9151 4308 8763 10217 3810 8377 2043 10837 9570 9738 6015 7668 7093 9837 519 8181 12489 2606 5554 8780 12168 466 6852 4027 12461 794 6358 9625 9028 12055 4157 8977 2677 10899 7609 12551 1284 8226 1923 9420 5551 10667 162 8067 10019 734 4115 937 3079 6584 1442 3155 2844 4813 9640 4645 8160 2250 5494 365 2568 4888 2664 5177 6376 12262 5102 7082 2353 10959 3744 11850 3067 6984 4900 5319 5776 9397 8372 9836 5087 7594 6171 7273 6757 9926 11093 11956 4662 10292 3633 4906 11851 3307 6579 5708 9665 5137 5837 201 9255 10723 6755 8929 11419 334 5438 534 9541 12620 18 2049 7639 826 3072 5343 5661 10776 1105 7474 5303 8586 143 12501 11266 12541 246 5144 2098 9997 9650 10441 5537 12700 6133 10184 11426 12699 3985 10520 998 9673 10692 5694 7221 3630 4592 13219 5979 6347 5122 9493 10995 3471 12066 32 11382 2713 10528 3241 7541 1231 3916 6447 9322 11235 5769 5873 2316 12204 7195 8060 5284 9845 1909 11020 2949 3045 11533 3998 7150 7206 10728 5339 8897 1783 7408 9114 9379 11355 9613 11600 8271 12413 68 10264 8050 13143 10989 12840 456 4333 4411 4854 6087 13206 1500 3233 3731 5167 9510 11286 2233 5836 2305 10396 2086 12373 686 10662 1817 3321 8273 3787 4479 8364 13126 6275 11435 1402 10180 5070 7800 1478 3817 1561 9939 667 5545 1511 5727 6512 10324 1727 5860 2376 4800 1663 13337 2161 12248 3183 7514 3219 6968 13535 2828 6930 2232 5250 2413 9289 4975 10740 5573 9961 12081 752 9945 1327 6770 2892 8695 4428 8144 818 12046 3691 11618 12356 639 687 1002 1567 8046 2157 5982 893 5795 5613 13383 10474 11331 6349 13439 
5650 
5675 
5877 
3750 5939 11959 
3637 9633 9856 11508 12663 275 5158 6298 9876 3555 3558 5018 3838 6351 4532 9145 10111 5563 9982 606 3388 4752 9111 11517 1230 11981 6366 11195 842 5493 2913 7447 1743 3318 10669 4118 10779 12838 4998 10754 12896 1892 4704 9334 10569 11147 11720 325 6031 12595 3606 6064 6560 4422 12279 3382 7935 7608 8992 4377 12573 6421 12210 658 6978 9017 2421 9742 6463 10412 5242 6622 9168 9343 2122 5915 10639 3660 9899 4725 5453 885 12563 6058 12716 6766 8918 8424 10466 5236 10517 212 11562 10997 13211 1114 8328 13395 3166 13112 11308 12138 222 7095 3003 4536 4964 8596 232 5731 6655 785 11645 4 2788 6565 306 6794 1509 1760 3715 7526 6603 7233 7939 10918 2052 10549 3788 5133 5506 8863 3905 12837 147 644 7932 482 9464 10656 11019 11541 9513 13281 352 3944 4498 5342 1810 5457 7840 3127 5216 6745 12564 4214 11359 238 4000 1984 3476 4387 9491 9840 745 5943 8521 8607 1990 9432 1486 4721 5369 7385 9041 4275 10166 12593 4565 8618 9346 4189 9264 1085 3270 6501 1835 10153 6118 6152 6925 8086 1914 7109 8002 8522 12198 2287 5752 3190 8211 3922 5703 7919 2508 11579 5691 7783 1521 9232 2071 8688 8803 10784 205 2504 10682 12415 1086 4726 8425 6290 8946 9768 11360 8465 9023 10384 11856 5448 7992 10629 8541 12274 766 7596 2931 10171 9147 12517 3050 11190 1991 12425 2167 10390 2289 12552 4183 7130 7261 10515 2704 7430 1379 9873 774 1127 9200 5269 10907 180 1833 6209 1128 11135 7635 8399 11415 703 10675 878 4579 9307 9331 3892 9991 2976 12283 3967 12037 901 4266 11319 2679 6899 9740 1475 9762 10745 6850 9609 10056 7443 7920 7934 10389 1228 4910 1886 6650 8547 8670 12291 4868 12275 10668 10979 3184 11687 
521 13081 6097 13187 
1145 11269 329 6081 2335 2918 10769 3080 3081 8689 2426 4939 8270 3439 6714 3114 5594 7327 7979 604 12567 3371 9957 5612 10400 2482 2843 4030 4133 358 9580 9814 5360 6386 4566 6570 6743 13563 10433 10456 7035 12652 1055 8021 3620 12849 4040 8655 5927 9253 3289 3876 9701 1422 3602 904 9735 10015 555 7559 12891 5286 6508 4791 7131 8874 7100 11164 499 6725 574 2149 398 7884 11837 1256 8854 1209 3949 591 1785 3738 9981 399 3928 7300 10981 11608 10131 10539 6301 11675 1503 6345 11314 2186 3969 4477 2249 9424 1346 12960 269 565 476 3461 1579 4903 5443 7177 10956 3162 8049 12118 4251 6513 9533 5857 7437 4393 9954 17 4237 2472 6997 157 8868 199 323 7032 11227 386 4243 10317 11061 12392 5893 11590 1131 2981 7057 10069 4801 8776 908 3768 9862 9941 5602 7656 1944 4683 5579 2765 3514 4211 8488 1220 8327 11057 12051 5615 5791 10477 11413 158 10709 10911 3862 11011 6583 11297 3159 12690 853 3144 8120 8253 11192 6129 9593 274 6368 1847 4025 8591 9655 8471 11751 9262 11640 2436 11926 3588 7324 6490 6574 4019 11971 5347 7029 5313 6207 8969 11599 135 1182 4430 5564 10527 11431 10297 12603 5126 8209 3679 4655 4821 4962 9359 11493 11723 2694 7839 3688 6517 831 12093 8870 12136 10137 10894 1791 4564 6038 11921 3 8723 12576 725 2847 8847 10045 11417 2690 3175 4004 9008 7959 10128 4607 12169 1301 2312 1952 4901 10964 2490 12459 1998 5842 2707 8129 2751 8949 4096 6520 10132 6664 10953 2425 8738 9205 9425 2622 4204 5895 9608 7423 8783 10212 9449 9783 44 5548 1299 1443 7963 10254 2444 5590 5633 3108 12076 2714 4555 3645 6979 94 1411 1121 3525 3988 1439 7495 1722 10060 1184 4990 2618 9475 2659 4852 10244 3123 9148 11539 11904 5298 6111 6792 7504 11520 9932 10533 10941 413 2629 293 12747 1513 7101 4862 9220 11769 572 2774 12655 2326 4224 9819 2327 10637 3599 7468 5359 7610 9528 1205 3186 2715 8658 3986 10623 4321 10356 12629 4522 6959 1240 8924 1164 4459 6904 10223 1208 2934 7275 6020 11824 1265 6699 2666 6974 5346 7584 9812 4134 12796 10559 12621 11097 12714 2662 3961 9278 9708 11406 12707 3743 9543 10660 4104 11943 1900 2682 4531 7664 4535 9960 319 4994 3878 5171 307 4300 9226 11124 1308 11197 3400 10904 4898 5234 9324 2470 3480 12722 627 1994 7743 11000 1102 11175 1213 12315 3726 8792 1147 2497 2394 9750 2812 8017 9209 9984 12133 4674 8116 11261 6234 8335 8103 11920 8514 11588 11823 12473 12571 5419 10265 5884 5914 12535 
6190 
409 13181 6212 12834 12910 
6256 
6443 
6472 13111 13274 
849 5427 7383 9010 12650 1385 9810 3758 7321 10749 1580 3823 13290 2661 4853 9838 4952 7006 7831 8000 11108 11819 1701 4508 10401 6221 9068 2374 12633 91 12205 827 12025 847 9243 860 989 3742 6391 4770 11421 2895 3802 9186 8801 11967 4796 9696 5534 5763 5909 9722 6340 6401 7728 8079 3128 9406 7856 9604 11662 12628 4347 9388 4684 10665 1507 9999 4215 4283 6201 10684 2126 7991 10973 995 11668 4123 8637 6628 9587 10828 5202 13056 304 7435 5024 7780 11551 1426 2797 2144 3535 1386 7759 3082 9502 4593 8004 1340 5310 4982 12500 2849 3770 182 6817 2641 11910 3752 4789 8010 6094 10001 6545 10829 4850 8494 4646 11198 2355 8225 2922 8072 5953 11015 12680 3503 3938 7290 12586 5052 13040 6855 10738 9163 10126 9106 10917 9140 10376 31 1352 13150 4120 12130 4512 10859 3712 4926 6027 3706 8445 12112 12532 2860 12480 4198 9303 3279 13340 8605 11117 10263 12685 6374 8362 6887 8003 1123 10744 10877 11995 11552 12056 4492 10603 20 4902 9000 10361 4318 12626 636 1369 9796 729 2270 3366 3545 8627 6409 8483 7240 9518 4815 10068 4041 11090 791 9773 1592 8791 6802 11593 208 5665 3962 6746 2117 6543 2200 4379 7758 10475 11053 13159 5437 6316 133 8365 4191 9426 12035 1178 11005 12818 2941 11064 6538 12389 13291 3979 7463 8337 13170 7593 12546 566 8647 12928 8022 9950 6226 12600 7080 7775 10141 10173 1275 7285 7828 8381 701 12444 7665 8201 7124 11145 7335 11021 3428 3923 2712 7781 5829 12937 8651 12991 4807 9582 6582 8685 11706 775 13312 13353 4823 8853 12390 13326 3419 5372 6820 10285 2744 10142 11762 2344 12456 3182 11537 9316 13400 159 6000 5021 6257 11987 2373 8809 9024 4045 12180 1238 8349 5104 13492 2400 2858 3877 6225 12033 8393 8570 547 6835 11388 2223 4935 3814 5773 6338 661 9624 4091 5270 6100 6105 3861 8044 3465 8601 9685 2864 10189 12002 12649 710 12343 1336 1922 3204 12709 4516 9669 2458 12216 5014 9337 5390 9063 11374 12016 7054 7803 5867 8832 9012 10511 4122 4918 7833 11040 5398 5724 5656 8534 12344 117 6780 10109 2392 8741 11660 5010 5373 1074 4546 5850 11555 2155 2260 4723 6793 11486 4338 6128 2845 6412 8183 9556 12397 7872 11519 633 3718 5061 9069 9494 677 977 2956 7145 5759 11955 616 2283 5908 2817 6262 1469 4867 879 12212 194 9235 2890 6494 1661 9356 676 7890 6294 12657 4009 9577 1435 9793 10737 2143 6823 9451 7660 11667 4509 10834 
6575 12917 13154 
6586 12923 13392 
6589 
6604 9561 11729 6687 13089 13407 8814 12957 13027 
3579 5532 6639 
6654 12879 13481 
3325 9099 1150 3818 11843 107 3951 9419 11390 9888 12805 4816 10864 4438 5320 8493 1577 2119 7048 7712 9933 8891 8952 10765 6767 9844 98 7901 9365 1676 8889 12085 12820 3464 6389 6122 10622 7401 8140 10663 2228 12132 3359 12347 6675 10398 391 10348 642 6043 9153 177 778 4782 2430 2963 7958 11466 13092 1635 6132 10006 10018 10545 12548 2839 7537 8742 4105 7010 9480 3352 10112 2179 4756 6754 1383 2885 5059 9767 10840 3694 8938 12219 1547 3710 2588 6799 7587 7915 9016 12225 9978 10373 1043 9905 7037 9504 4158 9222 4855 4976 6548 10162 4624 5317 5019 6311 10253 11086 8991 12492 2341 5937 8025 8888 3387 5796 7517 7914 8248 3626 8620 4252 4314 75 198 2627 7611 5361 11998 125 2351 4053 3362 3536 5978 6214 695 9481 5521 5966 9508 12572 1349 7511 10794 12213 10544 12776 433 4940 3897 4913 5477 12533 1324 2005 6713 5710 5880 8041 9248 2939 5809 10558 11584 10091 10650 4216 10058 742 9615 11846 5012 7710 6343 9121 1309 4771 11736 11907 12181 1686 2529 3724 316 9569 5929 11144 3830 11233 2724 5154 8719 4256 6007 3597 8251 9089 9286 805 4986 2306 8580 4148 8439 6544 12604 5108 8451 6712 9417 5324 7946 5125 11727 2473 3212 3741 4457 10870 10963 3519 6680 9987 10620 8371 12405 708 11337 5599 7679 12170 973 8386 6191 8130 1266 4203 2375 12106 1274 2384 4366 9176 9894 427 8407 2619 5559 1868 2067 3659 5200 10770 1985 9657 7211 10708 2855 3158 958 12352 3521 9237 10403 11260 4629 12139 9 8110 3010 11996 6250 9962 2370 3399 34 6531 11444 2621 5879 5074 8077 3656 11126 3658 11529 3551 3685 11691 5067 5110 10385 1167 5379 9867 10678 2673 11038 895 4896 6369 11111 21 8542 9287 4310 11125 691 3070 6892 1928 9688 3254 3828 11611 5209 10235 5934 6426 7219 3692 3844 8184 2615 6399 9881 6243 11968 
6786 13471 13501 876 13097 
2281 6325 8755 2702 8573 1491 1501 1654 10187 3889 5106 228 2741 4938 263 5174 1634 2562 6009 6418 11244 7983 10080 10490 7735 10255 237 7018 8131 8644 10876 13283 89 4754 7357 12151 12808 9703 9751 2258 10937 12289 6415 11642 2830 2955 11549 4663 11150 1005 7516 731 7136 615 9775 3926 8153 9851 5072 8249 301 4197 4223 5876 11214 153 6735 4454 9362 6354 11052 419 5874 5471 8146 9131 9132 589 1494 10394 152 793 160 1450 11908 2693 3396 5409 6804 7176 6795 11208 9288 10841 2196 2514 801 3538 10066 1908 2298 4443 7088 5357 8277 11324 544 5972 3249 11767 4431 9802 5734 6638 7470 4132 6242 5197 7578 11131 12374 1039 1094 6273 10523 9192 11554 2057 9994 5000 5780 276 1573 3577 5446 596 8589 3118 5692 10516 836 8484 10303 1019 2060 4272 2121 5662 2343 6181 3277 3631 6875 8239 1759 10407 4729 8519 2000 2550 9082 434 10175 6620 8993 1531 12746 3568 8177 7971 11511 8057 9437 1684 12105 7003 12589 1056 12409 1057 3486 11627 12862 9436 12014 292 2543 4899 9125 8340 9983 2358 11255 13473 1418 3950 4798 5496 13534 8704 9355 5119 8796 12867 9594 11858 707 10600 8288 10237 12075 2634 3042 136 10035 11267 2398 9542 2492 9349 9039 12115 3952 5566 9484 2160 12527 1347 2691 7936 3214 10801 3403 9408 9918 11194 10287 10916 4573 9956 5023 5178 6832 7555 7720 3873 9488 4586 6523 3587 8472 1020 3076 8261 10685 287 6334 3208 4885 12597 181 12101 1512 7282 11149 4610 8084 8988 10104 10077 10380 203 1029 2565 2598 8746 1855 5349 4261 12676 3696 13101 4171 4744 7804 11710 1058 5607 6617 7236 1539 8139 6350 10214 1714 4453 8085 7591 8553 1959 9646 12017 1493 7061 4413 10351 449 804 8510 5076 7269 765 11759 207 4066 11983 2082 3415 8930 1027 3849 917 9833 3681 5680 9376 975 3698 6932 82 5705 2974 6106 12131 4369 5847 7421 7912 9540 1700 3864 5300 12768 8155 11182 1884 7545 2776 5113 5455 3055 8461 8278 9458 11835 3441 6163 8178 9959 10393 1931 12455 4257 7561 59 5571 4006 12585 9715 11891 11091 11092 5139 12342 545 1517 2079 10103 3776 12731 947 4389 4038 5060 6951 6881 11641 11688 760 3554 776 1445 7702 10950 7410 11263 
6886 
6910 
6916 13077 13519 
863 7978 6252 10687 12268 12487 2151 6879 451 11930 12324 5805 12462 2896 8908 6939 11877 9525 10500 1929 10239 1206 12386 1941 12429 10632 12737 2174 9936 5237 9282 11498 2821 11379 12140 3004 10480 3447 4073 351 6115 9686 10415 2515 9716 11460 7399 8038 9126 696 5188 950 6244 7505 8341 2545 11241 6147 9552 13364 929 8836 1532 2118 11566 3510 5484 9829 9841 2175 12383 2509 5899 4795 8936 828 2284 1381 4634 10873 6587 7662 11411 5045 6028 8427 9381 9929 767 5754 1142 6965 3995 12673 5210 7065 7378 9428 8231 10334 9403 12202 6319 12478 10165 12718 9788 12039 1454 5123 10679 10716 2435 9741 11430 2178 3260 10664 2415 4417 9122 8611 10611 1574 2459 3549 5838 9866 1969 4247 10038 6605 8291 962 2655 7586 7854 2097 2710 7713 6895 7808 1434 4011 9834 6037 6580 229 8696 376 2103 5998 6398 8040 888 8440 12083 2450 3939 7302 8124 3982 9193 10064 6053 11673 4227 13412 239 11099 4660 6342 525 4225 1106 8172 5898 11056 1649 1906 6547 10919 1725 4108 800 2111 5215 1642 4478 10756 7962 9387 5762 8912 1670 7776 6014 7333 8805 9160 8313 9618 2123 5862 8068 12726 10929 11252 151 9808 10719 3831 5306 6346 2614 11916 5637 10992 5741 8212 11504 10822 12152 1207 7570 457 3058 10079 6491 8054 11204 8518 10534 1796 12094 6949 10503 1151 12091 3057 7284 7442 8665 8800 7167 10564 2767 10042 3002 8642 202 4805 490 7457 5035 6600 41 7349 4735 6769 7242 7933 8102 2030 11757 1896 2308 10458 2972 11576 6299 8296 154 7687 972 7564 4003 5936 64 8525 12774 5255 10994 1212 2017 9699 11200 2237 3600 2692 3515 6274 6941 1731 8857 4463 12537 2766 7636 3704 11978 6264 10195 7011 8396 3687 5149 2603 8890 5679 5713 12110 3284 5787 2131 11381 11436 28 11945 2104 3792 7532 5562 8733 9004 10061 37 7546 10860 2846 3100 8415 9439 9377 12485 3445 10164 5818 7337 7187 11625 5865 12451 
7135 
7402 
7490 12839 13195 
7642 12933 13507 
7673 13334 13523 
7707 13174 13444 
289 2009 10417 8623 11139 1856 2538 2953 4179 5558 6278 1259 7508 10289 4797 10442 5043 6943 9780 11009 12082 5186 6778 7891 11538 1695 1775 2534 11497 2099 8624 5655 9129 1737 4048 4950 12423 1468 9373 2219 8418 9083 10176 12646 2334 4423 8682 2513 11518 12320 12453 6644 6729 4808 5794 9818 5591 11146 9150 11342 12433 607 7943 4245 6999 8096 11992 11798 12442 8985 11883 575 12400 11253 12499 13053 1281 3141 2465 9891 2486 7900 5039 6066 6095 1100 8005 3046 12765 2807 12419 3543 5041 8711 10023 4651 5082 8306 4818 6876 5055 10731 829 9988 1326 1769 495 7341 410 2657 8810 2162 5830 7574 69 7384 10221 11682 3119 6313 7886 3672 9321 9822 241 4748 7916 6394 10746 2371 4943 7243 3291 6693 1125 2021 1563 6701 7224 1843 12281 738 6986 8848 9048 11513 2439 10933 771 10186 1453 10241 2251 5718 6392 9284 12705 6688 11229 9506 9890 11742 1750 5451 2569 6315 11031 11777 12189 3223 7750 5401 5598 1270 8166 11245 5755 11787 868 931 577 6276 7081 1119 2115 3315 123 8595 3310 8156 10606 11512 3618 6063 2016 5425 632 4306 6048 621 7638 12464 8413 10392 74 11341 1488 12435 497 2393 4114 5243 7813 12031 6379 7492 10149 10272 531 12266 328 10062 372 8126 7055 12594 3272 9059 3796 8240 9469 4757 12656 557 5032 9230 9446 11507 2561 4458 3584 8859 9753 9778 285 10379 1025 4296 5684 8781 7761 7911 11811 53 7706 9005 1129 1586 9038 2193 2853 10437 6524 7711 3625 8581 8690 4707 8459 8654 8732 10895 11681 1534 10288 2980 7450 1160 6958 1575 1824 1459 2944 2989 9607 3301 10761 12243 12592 
705 13424 7773 13393 13414 
7794 
7799 8556 
7863 13277 13508 
8107 12868 13261 
8136 13171 
8176 
8234 13047 13368 
8497 
8554 
8636 
1893 4322 1466 8376 4929 10031 13095 2032 8354 506 9572 1665 5136 11939 4618 7823 6051 10277 9755 10582 13066 7763 8109 7265 11036 1052 10127 6454 7040 3498 9832 1080 9989 1610 3610 6121 1755 5516 8867 9730 8774 12003 6927 9743 912 8675 8963 12901 1008 8707 9596 1854 7200 2194 9351 3954 4781 6255 5187 7518 3122 6744 10585 10750 11112 1705 1718 3174 6292 1730 8441 1116 1999 7244 5213 8395 3647 5526 11598 1427 7258 2202 3349 2290 5001 6197 1169 3462 12191 549 9344 3071 5995 7945 3914 7168 6610 6822 1359 11311 13193 2605 10102 5807 9589 7930 8304 9586 12437 10232 13091 13530 3808 10543 9325 13420 5859 6114 556 10703 9395 11405 3489 12079 2586 8112 13354 546 10538 6309 6776 7729 9079 9585 6155 7371 4196 9629 9154 11428 4154 5412 5757 10017 8147 8740 2832 9064 5833 11878 5129 8986 6089 7223 8307 9013 9687 11398 889 3902 10430 1648 5981 9602 10866 11744 3092 12323 1190 8325 5475 9198 12023 12821 13044 7352 10178 8366 9538 6450 7196 872 7913 3664 8203 2688 7424 8403 8462 4551 9011 7580 9968 10693 3309 13221 1118 5800 2651 11315 441 3919 5547 3763 9457 2936 4100 12183 4164 7538 3006 3881 4149 6758 3506 7292 8598 3261 6742 8817 515 4649 8056 2813 10258 284 12736 6156 9632 12410 6748 11677 2329 4779 10621 3030 4388 5611 6375 7944 7074 10521 10900 12125 2424 2653 6751 5422 8976 3869 8872 802 8984 7948 9520 10306 10696 36 244 426 12334 3527 9536 10059 11222 183 3374 3282 8592 4348 11870 129 3945 10156 4302 6773 9124 12009 70 8516 9972 2943 7372 10130 11240 1430 9434 13129 4622 13147 3921 7118 9239 13448 620 8753 2835 6867 10369 10402 10985 949 4544 12787 2909 8416 5974 6704 1440 6323 1894 1975 9516 10033 1741 9479 11368 2132 4107 8761 6994 9314 3829 8279 5183 6882 1987 9772 10655 2139 10831 4258 12171 5351 6569 1830 8338 5597 9273 3541 8221 467 12640 1003 2386 6532 5664 6833 1089 8916 10089 1388 7453 7792 812 3540 11580 1170 12092 13050 2187 3087 4142 5424 3434 7692 7174 8199 5433 12096 12607 3275 4005 5627 7317 8220 9719 5539 12366 2204 2752 3973 6991 4315 8161 5048 7689 132 1734 4552 4924 3853 6661 3161 10163 11407 1963 11378 2357 6306 9071 9590 6598 9694 2642 13212 
580 9442 4350 8391 2185 10647 1292 11597 5283 8882 4996 6685 6208 11188 3337 5716 5906 1018 11863 290 10044 4384 8512 9293 11875 11985 2906 10397 9211 12553 5464 10608 7390 7601 11161 560 2829 9915 11630 553 7757 10805 6141 10946 1260 9134 3093 5240 7520 1765 10290 3646 7246 8903 217 5678 6768 9453 3512 11323 763 6526 2834 6395 4470 6614 8477 10974 1242 8786 5616 9880 2524 11925 2600 2854 3481 11988 2275 10228 1652 6901 10452 3946 7622 2749 4169 6433 9427 7409 12223 2154 9139 4460 11582 7009 8073 5230 9077 7227 11765 8070 10854 712 9977 10342 471 1452 9792 4325 9342 2645 11072 11689 11522 11890 4699 8594 2311 6049 7604 10697 1280 3736 6588 9354 10883 5676 10294 7311 10476 2720 2933 5054 6762 6213 10597 2678 7365 1345 5097 7113 7403 9910 11030 2382 5428 9663 6783 7487 9401 2636 7294 10845 3709 6800 733 7605 3495 7133 8503 9360 312 4295 1176 2528 7256 813 1337 9070 5907 11302 4335 4886 8621 1696 4035 4218 8111 8922 11680 1368 3245 6784 5999 12255 2432 6314 4059 5275 9492 5871 7637 5046 6192 3407 8051 512 11107 7666 12534 80 6231 7904 12142 6866 7237 5935 10815 5263 6404 7510 10299 46 11781 2572 9197 6408 10856 6510 8290 11532 3344 8767 1373 4410 7956 11180 8959 9463 9995 11386 5959 13042 1087 4819 10670 11969 10391 12692 1181 5461 1465 3601 11845 9177 11171 689 5849 2210 3809 4432 6990 11230 5514 11309 1926 7770 8237 9136 10635 12069 927 2372 3991 4188 6739 9412 9422 10070 11831 5653 11408 4778 7373 11132 7478 8673 10383 12615 11970 13030 1828 4577 2717 5251 7238 1358 4358 7715 9332 1933 9606 491 9610 4784 7077 3150 3375 3298 4099 1137 7257 1792 12104 7163 8884 12346 12757 3571 12196 5212 10863 1168 7461 10492 12792 4103 7501 8687 9900 4473 12767 141 8877 717 12449 1037 1234 3168 6556 4098 8757 7503 13245 7860 8940 12242 12835 961 8468 5891 6828 1682 6169 169 6540 5134 11643 6657 12460 9350 10643 4703 10450 573 7512 3807 6980 11399 2940 6103 4129 12582 92 4585 1602 7822 12028 8245 10499 10548 11949 1483 1808 3409 7998 9110 11472 1415 9374 8708 10793 7044 11928 
8750 
8762 
252 6457 13479 5593 11312 11225 11749 7308 10781 3488 10188 4809 5768 12641 6864 11686 220 4282 1706 9752 3378 3641 5512 10880 1471 12617 12819 13398 1392 10874 7870 9839 11367 9859 10851 13106 366 8229 10833 11591 4675 11416 12020 95 380 12721 3575 5609 357 2339 134 4329 1542 2192 7112 7434 3229 11087 4349 5121 1404 9311 11999 6789 13376 13546 1098 5689 1173 1904 2277 4486 8590 3102 7826 7287 10340 171 3031 532 4999 7188 584 4050 7259 3426 10268 176 1124 2782 9934 999 6003 3666 8127 12282 6674 10420 2961 6985 4511 8583 12659 431 6759 1729 2802 5099 6689 8423 12777 1000 6630 81 3820 1548 8807 2593 8009 3453 13215 2328 5345 7795 11788 4554 9825 5332 8513 317 3795 4667 12097 3937 10577 1767 12237 1374 13543 517 8163 5223 6646 3500 13336 4090 13114 11065 13141 3526 5077 3915 10567 3040 4728 4539 5044 5355 6637 1062 6871 899 1667 2587 6972 2840 9279 4207 8546 2516 7681 309 10550 2697 12370 12479 2894 9103 1409 4648 7379 7764 3061 6573 3354 12745 857 7716 10206 2354 2669 2848 3566 4368 2971 8797 1784 3572 2013 3616 6733 1712 10927 3411 6060 6113 7748 4088 12259 5904 9348 9443 1463 1655 2265 3800 4763 1688 6022 6493 9182 12506 11289 11581 3300 5702 3340 10085 11101 13104 1361 10905 4042 6137 5700 8435 1261 1589 12038 1993 4242 630 7732 2746 8747 2101 5707 6591 10788 10971 315 4472 4313 8638 3052 5402 10101 2319 12644 4527 9904 4997 11960 11979 1557 2093 8280 76 7400 9225 1669 3836 8490 12788 1553 9116 105 9906 11068 8683 11789 6488 9341 1772 2727 841 1898 3872 4125 536 629 11168 635 2558 2869 10775 6245 6585 7350 10271 455 6307 2703 5740 648 4340 4351 9842 1527 1961 1932 10381 1278 11527 806 3136 2824 8970 2303 9060 10817 2288 2738 10494 5666 8052 12043 3532 4758 6747 9330 3330 7225 6165 7597 1034 4101 9800 6756 10888 13166 13189 955 6322 3267 3369 3749 7345 10107 4034 4731 3524 5247 7844 9096 5863 12493 10742 12697 7277 12005 11 1943 5955 7678 5184 10755 5013 10934 11257 12270 988 4168 8297 9095 10231 2701 9281 9308 337 6765 2820 12211 11804 11821 12062 2833 9925 2836 8368 5309 7802 4879 8597 4244 6304 5581 10868 503 8478 966 3725 6672 3940 8174 11523 8351 11336 2434 12402 5312 8036 9765 7984 9224 10786 4080 7313 10275 1566 4339 5785 3105 11232 7550 11763 7426 9744 1060 2391 2153 5645 6948 9290 10947 2748 9165 2152 2397 2563 5644 8806 10578 1704 5536 7981 2388 4447 7438 11942 1017 6364 3110 4688 7469 6631 11832 5744 8331 314 4353 7858 
8855 
9075 
9118 
1707 4293 5431 11218 3518 11793 12310 3351 12354 12490 330 7988 6331 10928 3442 8851 594 1172 6158 2760 11774 2554 12127 5706 8433 1703 7186 11425 2059 2887 11303 4627 8302 3221 5984 6856 10413 12802 11557 12052 3756 6634 4012 10121 2047 5272 6734 6851 7812 8913 1971 4070 4092 8028 10020 448 1028 6282 7769 1879 7614 406 1995 5080 2221 8686 852 4777 204 11848 4396 7558 4720 8081 9855 10488 5081 8324 10467 12785 5733 10712 1811 10589 2495 5078 5810 10583 10848 8735 12691 4455 6671 4700 9208 7328 12579 2449 4693 9025 12730 4289 9087 12398 4285 7589 9846 2929 3224 4173 8097 4740 9275 4480 10579 3427 10123 10700 2460 9704 3452 8309 11561 11739 9658 13285 13372 5164 13278 1568 13351 3377 5417 11488 922 8834 4327 12294 1007 4966 3218 8568 7581 8168 3430 7843 9294 10681 9958 11452 7888 12683 294 840 3676 5482 6477 12261 2656 6872 10800 12078 3152 5802 6870 6740 8187 115 11652 1271 13288 1897 2054 12786 1925 5681 3740 4981 3805 6134 4984 7141 43 7705 7874 1708 3765 1283 3901 6453 10519 9405 11075 310 11741 1702 6983 5038 5772 4452 13547 9204 9574 720 6420 2094 6847 1133 13500 13561 6533 12949 12951 170 1717 7271 4312 11718 5257 13344 7698 10975 4824 5404 342 8841 7632 11646 4515 4927 10446 7745 8648 11291 12158 2293 9035 11854 2837 9807 5682 10898 4319 8934 3276 9172 5415 11409 3117 10482 7217 7394 61 7239 9649 9797 10093 1891 11059 4733 6026 7513 7875 10307 2626 10067 5902 10659 8464 13356 
1130 13013 13453 9429 13286 
9527 
9638 
6749 9677 13394 
9684 
9858 13122 13135 
9922 
9938 12878 13487 
10055 13450 
10114 
10199 
10358 
10510 12975 13107 
10574 12932 13185 
2263 6468 5128 7675 736 10626 11397 2564 7432 3643 5315 6461 8460 7734 12728 10594 10710 11042 11776 2389 2966 5279 12109 12752 1461 7291 417 8692 3316 4371 5546 10838 5491 8561 3047 12163 4743 11708 5920 8827 3887 7986 10003 3227 11812 4792 12508 5993 8197 1276 1400 2905 7798 9626 8892 10096 3964 12570 13515 8417 10257 2246 3149 11748 6716 12303 2480 11746 3475 4113 7899 2838 5395 4436 7634 1927 8706 11946 2488 4372 2045 6260 7820 10996 11559 671 902 7034 4236 8846 12953 6016 9370 1126 1857 4687 1413 2350 3129 83 10524 5314 5490 3909 5992 9872 12077 493 4341 8019 11657 11826 2229 6430 8998 4193 6039 7837 10203 11441 4240 10906 5112 12080 13123 10705 11669 7252 9097 278 2709 12729 4482 6907 8421 8034 10780 9391 11033 2088 12557 873 2739 7155 8205 10903 3120 9826 714 2195 12526 578 8727 7723 10300 2018 4526 6068 2349 6059 5170 12742 1070 6616 2670 6223 6724 10204 10238 4584 10462 6940 7152 982 6052 9031 489 2181 6578 9963 2786 9907 1795 3164 6525 7489 5798 9763 9477 10867 277 6184 815 3435 6708 3957 7279 11376 11470 11654 13310 4420 7305 7787 9790 5835 9128 967 12784 29 12755 8346 12208 3145 8600 11692 3774 6305 7721 11120 4547 9940 1681 9524 9777 2145 4682 5326 12936 165 5362 1585 5173 5135 9875 654 969 6355 2441 2763 3358 4504 11703 4987 8223 35 5696 2902 6960 12998 7690 11902 7727 11803 2831 11948 13489 13520 7307 10408 6681 9256 11471 7380 7641 10364 7455 10179 1372 9056 5308 7318 2238 11420 7590 7862 10471 291 11704 1964 9029 12240 12333 3680 3761 1505 3895 161 3103 1615 5964 7413 12072 9869 12172 12441 3167 5610 7602 7575 11343 3598 7855 12285 3827 4250 8571 9296 10725 5439 7303 11484 2247 4364 4737 3451 10614 4010 9367 9599 12698 10586 11008 393 10234 3485 11732 2616 9430 4205 10030 10570 1219 3875 5614 1496 8599 11571 6564 11951 9007 10830 11962 4264 8701 10743 994 1636 4652 10479 11338 11647 2218 6182 7363 10418 2478 4836 9133 9664 11339 7482 9806 5162 7339 11332 1059 9173 5462 6215 8363 9532 10843 4121 9390 1603 7310 368 12026 1594 5580 9969 1829 10949 11862 6149 7814 12029 12201 5624 7740 11544 12689 681 808 610 4923 9317 9628 910 5292 510 1051 3785 9498 1072 3178 10378 3216 3886 2919 10887 12338 7521 7996 9955 10869 10993 12982 498 2340 2762 7682 1699 2857 5618 1551 7821 10541 1842 2533 6464 6474 9581 4286 4857 5582 258 7288 8422 11181 2580 5100 3906 9364 11294 1187 10537 2188 5967 2689 5761 4281 10607 
10653 
10698 
10768 13378 
10819 12851 
10824 
10847 
7364 8631 1166 8382 12484 6919 11709 8357 9452 1210 5938 10722 8559 12780 1983 12396 4408 4595 12332 2128 5520 2338 9898 11860 7556 10224 1715 12246 8269 10485 7204 7647 9943 11543 1399 10893 102 7392 838 7620 12008 1537 4937 7138 10226 837 954 3094 10766 4145 4603 4590 5864 51 9135 11595 4298 9579 3845 10502 5268 10092 5626 6679 54 10230 4650 12176 3363 5353 3131 6085 8932 7951 11658 5897 9217 652 11049 757 1632 5051 1740 5410 1081 10886 10367 12798 230 5034 3343 5973 12012 618 6509 2984 10000 2239 7444 2324 3970 9328 559 9670 2158 3036 12114 12512 324 7973 335 10427 581 1441 5322 8582 9568 4064 5575 4381 11935 4391 6372 57 7319 8264 10146 11025 11565 1564 2078 11973 1656 6446 8344 9884 3246 9272 1421 12375 5720 9206 7871 8629 862 1152 719 8821 1677 7617 226 5114 3444 6263 298 3760 6698 4738 8090 3059 6324 2924 11113 941 11702 3317 7027 10777 10012 11713 4345 10951 3193 11318 11889 1154 5963 10451 10470 11872 25 9149 9689 9785 4912 11815 164 4611 4905 6561 9521 4668 6104 7153 7344 7491 2900 7737 4847 12277 5793 7838 6576 10266 1158 11895 1749 6883 8463 4174 4803 218 378 10005 1955 6696 2481 5527 7811 12545 820 7416 2220 9398 9648 11833 300 10129 933 1414 8898 10966 1115 12817 6808 11982 1865 5622 1880 11816 2297 11515 3779 4958 1097 7565 3839 8348 9723 8722 10648 5090 7788 7827 10912 11350 2756 8587 9903 8664 11871 3648 12636 3638 10998 3857 4054 7724 8303 2191 3032 4429 3482 9853 957 8258 9241 3855 5686 12678 1371 4541 5088 496 3933 7197 10955 349 4014 2637 7507 12042 585 4241 2206 5542 9692 12160 
11274 
4077 12827 11459 13037 13321 
11496 13299 13313 
9002 11510 12823 13503 
11679 
281 454 502 866 9366 65 2163 1970 4681 9882 2023 12544 6102 9201 9555 3065 12166 792 12145 5577 13455 3244 7842 11316 12616 7969 10440 5851 9310 856 8094 11098 5910 12387 8259 10957 6237 10914 6393 8169 4705 10772 485 4643 3883 5388 7005 11610 1218 3410 12696 331 3917 2083 3148 4094 5047 13003 1432 11624 2227 4549 1446 1918 7954 11110 3835 11083 2706 3874 12981 3958 8728 9920 5970 7539 11205 2991 7742 4334 6166 3012 9970 12393 2408 10612 10920 1236 3775 1815 10767 12363 6265 13289 186 11178 4416 12611 3573 4263 10962 6504 12488 3228 11154 4155 6964 11756 2696 10881 940 2556 3250 4829 6723 6423 7096 3380 8106 2028 6619 8754 11772 313 1664 1724 2992 3772 10461 6196 6834 2986 11755 1720 9668 1120 6188 8375 13244 1377 2852 1048 4184 5956 8294 6888 10049 1117 9034 472 5190 7190 1303 10721 7598 9919 62 9501 1911 5781 4965 11418 3037 7903 4883 7987 1161 2070 9578 3642 5208 9043 7004 8113 5085 9522 12058 8467 12187 7407 9878 5459 8793 8787 11972 4465 5253 5711 5670 7106 976 12258 5500 10535 7699 10087 10613 271 6046 7428 11369 3582 4213 6566 3237 4928 10229 10291 1508 8135 1156 2920 3634 6809 9335 10646 12265 2313 4081 1608 3581 9061 10447 10978 920 2409 6312 187 10304 2567 3173 12664 6956 8032 7192 12684 783 8502 1543 10556 1370 10074 12194 2150 4842 2663 4727 5881 2571 11577 7046 8267 1429 3346 6367 8105 9573 9386 11170 1633 6966 9601 1653 6216 4344 4768 428 10359 2536 9009 8643 9473 1026 1919 4692 7653 3039 8215 30 11802 4887 11106 3931 9803 10672 12269 3762 11958 363 1104 509 11250 4954 12408 5066 11070 9639 12651 617 6384 2038 12565 1518 5817 11239 12030 2522 11834 10758 12679 10930 12193 1675 11027 897 5831 10890 5336 6963 6373 11410 11636 3804 5756 4001 6929 9774 7276 11785 777 11400 359 6596 9603 233 11737 7419 12634 1816 2198 10858 11085 12428 2711 3824 6815 7157 8185 10341 371 5758 4802 7824 8045 8864 8901 12341 6261 11254 7185 11822 5969 9883 6239 9736 6335 12260 7661 11349 7725 8190 3695 9612 3135 4741 10689 5368 12483 305 3910 11587 1334 2294 6551 11980 7110 12561 4291 7454 945 7194 8852 9384 1068 12021 3063 11545 7170 7347 1012 4843 3206 10319 10464 12018 1728 12328 
11829 
508 6529 2423 7274 3884 7326 987 5911 3353 4021 8402 8798 12119 4701 12605 2106 9219 1180 10732 851 4163 8154 9194 9292 2822 5168 9107 1417 4231 5560 8436 5538 10419 79 8018 5179 5925 9382 7465 9557 191 2417 2307 3153 5207 12744 3187 11614 504 3443 11281 8948 9207 11800 1362 5747 6715 12214 12688 137 1083 625 7301 6138 7129 2404 4873 5281 5476 2431 9951 8982 11041 2967 8470 10695 3096 7068 1685 11391 603 10154 1951 10010 11912 1831 2257 2364 2960 4421 10281 1721 5555 221 8955 3650 5745 5808 5530 8550 268 6677 7404 7752 10677 9358 11155 12860 2660 6352 8373 4186 7121 9953 1216 6077 1528 6161 2575 4056 7248 8170 11648 7353 11894 2072 3225 5093 7533 8961 10147 3516 9098 6459 6981 6337 11295 540 4297 8951 450 1403 2555 2716 12288 3832 8873 1305 9252 9661 1460 2390 7132 8448 8902 5302 12301 8058 9084 9927 3372 7865 5654 6289 3858 4613 7107 4355 7013 11196 690 10591 12000 6281 12095 6380 7736 9622 3896 7097 9338 11547 3496 11631 1410 2798 3041 5328 7041 8162 10209 730 10120 11151 622 4591 401 3595 1832 10501 5185 12436 12602 9720 12681 1555 3038 4309 3457 10555 993 4274 9996 5470 11818 9302 9717 2468 11494 458 2925 5008 552 7251 4176 6277 9916 10448 8784 12412 4483 5926 8150 11900 12231 2951 11808 13222 8822 10236 672 10483 13452 845 1935 10789 1917 5426 8500 10219 12908 184 5921 4730 9505 6942 10152 262 3247 5366 1616 8158 1621 2990 7411 6017 6065 10495 3463 11028 8420 11881 6663 11567 10282 11377 2585 11440 2768 5625 2977 4401 7779 4931 6665 1841 6164 11051 716 5036 1982 5358 9050 2764 9770 2046 7880 8232 11046 5131 5199 9616 3753 6442 6449 9600 12159 943 1091 3697 10250 2322 7527 5084 5889 4424 6061 5414 5735 3670 8143 9313 3850 10922 5348 12107 270 4137 4450 1111 6002 7878 10812 384 8228 726 1302 10322 3305 9511 5497 11830 12004 1387 3578 11882 1357 8133 3408 8964 2073 8956 340 1753 6448 8614 9896 2446 12505 2904 3907 3652 10366 4915 7747 5985 12759 1294 6515 223 8196 2957 8662 9076 12221 215 6741 7056 11621 2107 5797 8639 10124 2668 4440 6541 9892 2745 3448 7494 8734 1607 11991 84 6848 10658 1378 7281 9575 2453 11354 6478 8511 12463 1423 8499 3604 11975 12555 5318 6921 8919 992 10365 4221 12958 346 10192 12047 8159 9971 1171 4082 6008 10588 2485 2539 7249 2871 11791 753 1257 12954 5657 9815 6893 11023 1605 6559 113 4160 8893 5685 10651 13127 5816 7208 12877 10932 13015 674 4199 1903 9472 932 5175 11256 1295 4404 1748 11542 2851 11016 11162 11855 12318 605 6969 13110 6642 8374 5408 13228 670 1613 2387 13002 13198 7205 13058 3798 7502 4143 11366 4596 5229 4656 4772 6502 7415 10897 6136 6760 3017 4865 1001 7119 7640 3719 8339 9908 2518 10083 13461 3799 12286 3822 8345 7183 8384 453 8222 1719 7818 2225 8311 1416 5400 8710 3623 9595 1313 7083 1224 7925 1617 3557 3328 3611 6514 1631 3847 5403 11119 11495 7566 10497 24 3263 821 11262 4357 5518 5460 6993 4978 9824 7215 8566 964 9240 11743 5297 8960 10122 10818 11321 12502 2378 11853 1189 5103 2004 5057 2612 11287 5350 8383 12013 2916 8676 2448 11148 2683 3234 10486 12293 5218 12050 3440 6829 10618 1375 5447 8210 10382 9438 11944 11292 12098 
2176 7708 8092 8584 9363 1822 2377 1626 4262 2881 5101 727 8430 483 11209 3529 4635 6318 5988 7829 2604 9421 2658 7264 11345 855 10246 564 5089 9143 1692 11403 10157 10431 8540 9647 12215 2395 10666 4210 4467 2325 8326 10027 2330 2652 11173 11446 2215 6045 2928 12068 402 6917 7674 10504 6321 9745 4246 6527 8020 10638 6110 9022 3406 11760 7572 12361 1672 8980 11212 1807 3927 1198 10553 12789 2411 11844 3934 9764 2105 3023 2721 4799 6539 12206 3586 7524 9535 1597 12543 5868 6666 9474 9652 1134 6462 9088 11747 9245 10593 10159 12619 8593 12793 1638 8968 10690 9091 10972 1848 3137 4446 8330 4794 11298 369 5022 1343 6697 9497 10032 715 3767 8726 4152 4425 5719 5722 5231 6365 400 6727 1279 4219 10136 225 12209 1624 12701 5150 6333 11961 5729 6731 6971 7449 5574 7139 7412 7817 11231 2889 8066 2136 11137 12406 2778 12574 11489 12224 130 248 5155 6824 7235 7667 9027 56 3729 5513 7312 3523 7376 8489 10802 9212 9666 5295 10316 10915 12087 10463 12063 12606 1046 5822 2137 4124 5630 5643 3455 4235 6139 3043 6187 984 3801 5331 10286 8123 10276 2291 3992 188 12040 4533 8115 4633 12632 8517 10053 1913 8667 2182 12743 8972 11373 1136 1254 11857 4106 9998 303 5511 1229 7023 576 10320 6148 10816 3171 8790 10183 1499 8838 5198 8694 10200 8455 10782 4921 9885 383 10526 1876 2235 3811 11672 2867 11329 4497 8543 1691 6779 6928 5888 11531 6528 9849 1193 3294 8180 10134 7791 10999 11228 2254 3091 4337 1023 2644 8813 613 10305 2050 12520 3530 12630 748 8935 2945 6736 19 3278 2503 4609 4632 8785 11217 11655 4623 4891 9820 10245 2455 9924 11502 2419 7331 680 8532 2080 11278 6987 12226 1247 8894 3607 5499 11054 882 3024 3977 8772 1290 5138 1533 11761 4232 9559 444 2112 1515 3288 429 3111 15 5392 4724 7067 5556 9113 6636 7887 1143 7289 5962 7358 2935 7980 2647 3163 5523 11754 3576 3976 12581 7158 8943 7323 11735 432 7459 361 554 4680 302 1022 4642 13014 12525 12539 1455 6934 7439 10468 4008 10753 26 5107 11934 3888 3924 7361 4136 6240 6682 8523 971 3675 13443 3194 5152 3392 8831 1864 11094 12443 4489 7247 1552 3062 5751 5961 12590 5502 5709 1687 9138 12232 9653 10720 6062 9897 3784 5377 6988 10901 2491 10118 1726 3987 10507 8486 12783 1680 3711 3608 10832 259 12113 535 4542 5120 3240 5917 3614 7543 7551 1477 7615 9676 11362 4162 4974 11558 5883 11414 789 12322 5693 11300 7020 9490 3264 3665 6206 8254 3932 6455 7137 6826 7059 7922 104 8476 9614 10757 8861 11897 1321 4980 2058 8622 3544 10054 1890 8625 1738 3220 4951 6914 8539 1225 3324 5042 10170 5380 12235 12427 1307 5049 6649 12278 3303 8033 10493 7607 11032 2772 4848 12750 7267 11568 11693 11867 142 8007 10580 6072 9550 13038 4079 6581 3379 9051 2577 2975 9086 4619 11465 6202 11270 900 8152 1339 6625 2234 5293 10857 12496 1482 5604 7042 6310 8691 4528 8971 10498 1771 7134 8182 9503 8173 9174 12812 5363 10641 2095 7563 11089 11712 12284 1883 9375 3885 11634 2733 5987 810 3968 5975 5801 7102 9523 11986 5252 5771 4324 7985 6641 9567 3707 5226 4949 10047 12806 
206 10885 10283 11864 1950 2037 4376 3504 5194 6840 3899 7202 10991 5058 8023 732 12331 7445 10424 3552 4316 5261 12562 8808 11007 10399 10512 2973 3513 2875 2879 9455 6618 11993 5777 6577 9782 12712 1084 10302 1851 5983 8450 8506 1522 7382 1604 2780 1582 7144 2595 11224 2396 13264 3035 11779 8006 11901 2010 2405 7955 10242 10969 1146 8544 3364 4024 12241 9190 9588 12741 1464 4556 12155 3813 8721 4273 13374 5540 8202 5423 5636 6332 6417 10605 4375 6785 9852 8907 13474 49 9389 4518 4578 5280 2348 5406 4055 9843 2671 7191 7161 11619 4774 6229 7815 12665 1644 8263 699 12782 1040 7785 1787 3879 1823 2438 6683 11165 2947 11841 3424 5557 10296 5738 9092 11365 11797 4018 8108 2799 10642 12467 3819 11357 2173 4820 318 8281 13134 3821 10182 4963 5903 11839 722 5485 447 1520 5948 6436 6467 8666 9435 4747 9974 4604 9478 9714 9937 5658 8602 11997 1277 1530 12300 8295 11445 9180 12739 6938 9042 8498 9251 7078 8482 4290 5465 3721 12041 7928 8061 13132 784 2718 6396 854 8312 1101 4067 3474 6425 4307 7030 9109 1746 5823 8915 10592 6317 10807 2190 9254 1204 7406 2559 8572 2428 10095 1588 3655 8078 1804 11635 1805 2510 2296 7270 1223 4206 11548 8256 11264 11133 12296 4732 11534 9546 9698 13251 3191 3716 4510 6629 7835 2552 10293 5669 7968 6178 12304 
12404 
12411 
12542 12861 13513 
12556 12871 13226 2630 12865 
12569 
168 1338 7671 5304 7348 8412 1011 1506 2096 4128 3265 4890 6040 7567 8449 435 3266 5098 9298 1786 2360 1183 6924 514 7022 5239 11001 5211 6224 11941 1010 7624 11695 4678 8356 2747 10225 10370 2268 2761 6023 4444 5196 5172 7398 418 1590 10065 10409 231 7181 2548 5393 8315 12702 744 8409 1739 4259 2109 3398 9754 2969 6429 11285 6300 12503 5466 6004 11697 6075 6109 8759 843 12144 3425 6635 7334 12584 10328 11246 10139 11678 3683 4626 12416 7762 9179 9512 10909 3759 10980 11185 11617 634 7212 7330 10039 1035 2932 5487 11375 12064 884 2463 1618 12450 930 7164 3446 8538 3477 4462 1390 3236 3790 5407 500 3438 1733 11603 3492 11096 916 5764 4866 12708 3060 6627 3200 8492 666 11048 1846 4471 7467 3589 8352 4628 9644 2064 5020 4920 9300 11039 864 8777 1697 3361 3494 4085 9483 2557 3213 5601 11905 6803 12256 2130 4279 12297 5244 6388 2729 3025 2574 5728 7528 8257 8274 9130 10269 1480 10806 1380 3651 2750 10081 2147 2968 3170 3955 6151 10416 3629 6797 1698 2205 7479 7801 8552 8630 4500 12558 6090 8619 8860 11524 1595 10041 10546 10752 718 12264 1285 6001 10790 1304 7685 773 1798 2753 4696 10321 6080 12622 3210 7322 10352 4185 6280 3815 6900 5294 9166 7031 9620 7354 11067 2850 5474 7397 9674 6266 8042 6385 6592 6885 12175 4437 11363 9868 10267 8266 11874 4359 5737 6552 9860 8095 9789 10902 4284 8419 11044 11491 1657 8446 12761 2970 12362 166 5037 8188 8507 430 12218 2208 3953 8649 9737 1489 10935 1946 12670 3748 8917 4864 6041 9019 6291 9758 6558 7760 8887 11977 175 11664 7250 10432 11792 819 5222 10443 1514 5957 9054 2399 2620 10106 2825 5885 861 5161 1140 11840 1291 4360 9157 12524 13192 4804 10387 1536 7298 3198 9044 756 10487 1934 5316 4841 7738 10346 414 5789 1282 6897 8453 2051 8275 3684 6612 5083 11169 3335 10040 3432 8414 12102 2359 5489 2592 6499 327 392 4476 6320 10889 1678 6210 10335 10853 913 1405 2429 8562 6356 11453 12317 367 1962 2110 4433 4694 12766 395 3255 2274 5994 494 1391 6361 501 11601 2912 3671 513 11370 6021 6553 2640 5742 9952 5430 8574 9447 12117 3533 9476 4664 8334 5841 12357 3257 3592 8099 7201 11947 4911 9887 12360 178 12015 669 1015 4691 3978 11272 4513 11211 563 4775 11612 11616 2256 5384 4083 9757 4415 7568 4608 5663 10803 6119 10862 8401 12141 4760 8224 844 1546 1981 5621 8148 9152 8479 8548 10576 11219 11766 4925 10892 6827 11606 3181 11186 3336 7733 2498 3786 6781 12583 
12704 
12822 
5467 12824 12829 
1382 12825 13048 
12826 
12828 
12830 
12831 
12842 
12843 
12844 
12845 
12846 
12847 
12848 
12850 
12852 
12855 
7036 12857 13078 
12859 
12863 
12864 
12869 
12870 
12872 
12873 
12874 
12876 
12880 
12881 
5063 12882 13293 
5079 12883 13009 
12885 
12888 
12889 
360 12893 1939 13347 2979 13361 9155 13266 1627 12890 
12892 
12894 
12895 
12897 
12900 
12902 
12904 
12905 
12906 
12907 
12911 
12912 
12913 
12914 
7166 11659 12858 9137 11933 13083 13475 11684 12916 13529 2590 11143 3816 13022 13345 5952 13270 
12918 
12919 
12920 
12921 
12922 
12924 
12925 
12926 
12927 
12929 
374 12931 12978 
12935 
12938 
12939 
12940 
12941 
12945 
12946 
12947 
5977 12948 13426 
12950 
12952 
12956 
12959 
12961 
12964 
12568 12965 
12135 12966 13028 
12967 
12971 
12972 
12974 
12976 
12980 
12986 
12988 
12989 
12990 
12992 
12993 
12994 
12996 
13001 
13005 
13006 
13007 
13010 
13011 
13012 
13016 
13017 
13025 
13026 
13029 
2541 13032 13180 
13033 
5203 13034 
13035 
13036 
13041 
12351 13043 13130 
13045 
13046 
13049 
13059 
13060 
13061 
13062 
13064 
13068 
13069 
13073 
13074 
13075 
13079 
13080 
13082 
13084 
13085 
6145 13087 13284 
13090 
13094 
13096 
13098 
12554 13099 13480 
13102 
13103 
8615 13105 
13109 
13113 
3941 12915 12973 7111 12983 6308 13116 
13117 
13120 
13121 
13124 
11602 13125 13231 
13128 
13137 
13138 
13142 
13144 
13145 
13149 
13152 
13153 
13155 
13156 
13157 
13158 
13160 
13162 
13165 
13167 
13169 
13172 
13173 
13175 
13176 
13177 
13178 
9047 13183 13275 
13184 
13188 
13190 
13194 
10395 13197 13380 
7476 13199 13429 
13200 
2282 13201 
13202 
13203 
13204 
13205 
13208 
13209 
13214 
6410 13216 
13217 
13224 
13225 
13229 
13233 
13234 
13237 
13238 
13240 
13241 
13243 
13247 
13248 
13250 
13252 
13255 
13256 
13257 
13259 
13262 
6411 13263 13362 
13268 
13269 
13271 
13272 
13273 
13279 
13280 
13282 
13292 
13295 
13296 
13297 
13298 
13300 
13302 
3304 13303 13416 
13305 
13306 
13307 
13308 
13309 
13315 
13316 
13317 
13318 
13320 
13323 
13328 
465 13329 
13330 
13331 
13332 
13339 
13341 
13342 
13346 
13348 
13349 
13350 
4150 13409 3757 13352 
13355 
13359 
13360 
1 12969 179 13115 807 13365 8633 9700 13541 
13366 
13367 
13370 
13371 
13373 
11888 13377 13551 
13381 
13382 
13384 
13385 
13386 
13387 
13388 
13391 
13396 
13397 
13404 
13405 
13410 
13411 
11014 13338 13518 5619 13417 
13418 
13419 
13422 
13425 
13427 
13428 
13431 
13432 
13435 
13436 
13437 
13438 
13440 
13442 
13445 
13447 
13449 
13451 
13456 
13457 
13458 
13460 
13462 
5872 13146 13490 12758 13463 
13464 
13465 
13466 
13468 
13469 
13476 
13478 
13482 
13483 
13484 
13485 
13486 
13488 
13491 
13493 
13494 
13495 
13498 
13499 
13504 
13505 
13509 
6267 13512 13550 
10958 13375 13502 10968 13514 
13517 
13524 
13525 
13527 
13528 
13531 
3912 13532 
13533 
13536 
13538 
13540 
13542 
13544 
13545 
13548 
13549 
2573 4022 13227 9519 13020 13230 1584 9170 13265 10036 13506 411 13552 
13553 
13557 
13559 
13560 
13562 
