0 
131 12854 13210 
374 12931 12978 
404 13413 
439 13431 10327 13403 13554 
284 10696 2424 5526 5800 6255 8705 2909 10258 8220 9520 9719 5187 6994 10585 3275 3540 6882 4005 5627 1755 6121 7258 10750 3071 4781 6610 1008 7945 2095 8971 5422 8976 1894 8416 10498 4544 8984 6748 9351 6986 10521 506 1893 10031 11036 4107 7823 8867 9730 1665 10582 9755 10543 13066 546 1705 1730 11233 3174 6051 10075 10765 4322 8376 7265 8952 6309 7729 8307 10398 10663 11939 8407 11843 9479 9844 1889 11144 1163 10192 10622 3324 11390 755 9572 10169 10655 1987 3122 11112 1741 9516 10033 2529 3741 4158 8916 11368 264 8279 10445 10688 5183 9877 4557 10831 4196 8182 2653 11089 2473 7371 5363 10864 8691 9503 8886 11677 6751 9314 1771 8173 7134 7597 12225 12496 1854 6776 2119 9596 5042 9687 1985 8761 2132 5597 9772 761 3325 3830 9079 10348 8986 11398 7200 9585 1150 6675 5129 8889 1577 12805 2202 5516 1999 3349 1427 8395 1258 5136 6292 10538 13095 6744 7518 4154 5412 7763 8109 8707 5213 9154 11428 11878 5771 12186 9504 9629 2194 10362 12284 9325 13420 1466 2032 646 9933 5117 8891 1344 5567 280 11047 1686 12218 1868 3019 7554 8338 3724 8649 750 3464 11479 6122 7845 8140 8354 1718 7712 10043 2024 12470 2820 3940 2833 9842 4351 8174 2288 7802 988 8478 12211 7426 9744 337 10275 2701 3136 12062 999 11336 4339 11231 10282 11320 4219 11523 11763 806 5125 5978 7225 10786 1547 9281 11821 1366 11804 7915 10857 3725 5785 8297 11631 4148 6476 4497 7456 5687 6165 8439 8580 3710 9417 12604 2434 8938 7313 12219 1349 4252 9906 3532 10006 1309 11736 8895 11907 3274 6719 3657 6272 11487 805 3330 4230 9634 2248 3212 8493 4438 12675 7587 7633 5143 10870 4175 8371 4986 9987 408 12469 2254 5975 9174 12581 5639 6593 4445 6680 2685 9246 685 3669 4426 2053 11880 66 10314 2958 9759 9188 12526 1324 4940 9248 9867 10385 695 10373 6007 9481 11584 10558 10650 938 12492 3658 4053 4591 5110 642 4782 3359 6389 9864 12347 8150 12533 3656 7211 7611 9153 11900 622 2588 5521 1616 8158 503 5324 5966 6799 10544 966 5361 4976 10091 6712 8719 2351 5710 75 11691 12776 3595 6548 3362 7037 5657 10770 778 914 7215 9905 9978 11727 1043 2724 1942 6713 433 2430 3659 401 7048 2647 6767 5523 9016 1832 4848 10118 3463 12231 4258 12405 5338 5611 10561 11724 316 4256 3951 5929 4457 9222 10963 4779 12171 7710 9258 6544 8451 10058 2005 5477 8041 5108 5154 5880 11611 3254 11750 3597 9286 7074 8221 10621 5351 9569 1830 8914 4855 5206 6569 4135 5320 1798 8251 12362 5316 6426 1523 12817 4841 11234 1115 5789 718 5209 9881 2615 12264 691 2673 1928 3692 5934 3685 5809 8991 3536 7946 10018 11086 
779 
948 
997 
1197 13018 13242 
1264 12899 13516 
1382 12825 13048 
8454 9203 5642 8636 12154 1436 2445 1861 11079 11524 529 4279 10199 11656 1622 4405 4859 12143 918 1972 8555 1389 6036 11160 2632 4969 8508 13131 9234 12188 8530 9848 724 9326 1874 6285 6413 7340 11456 9651 10518 1087 6651 2075 2649 2962 3842 336 10617 4833 9663 11796 12692 6125 7701 9470 3373 9080 2172 2589 4373 4658 12497 6846 9141 4464 9304 1986 8978 10821 4880 6891 13186 2950 7315 4141 12200 4530 13232 8272 13402 
1451 3841 3203 3414 5803 8195 8300 13537 8812 13441 481 8457 10016 3553 7857 7703 11594 1885 4790 11194 4167 8227 7618 8796 896 10654 7480 8773 7646 8653 2363 3789 8048 11650 3049 12609 1945 7846 8576 4020 11189 8121 9813 10936 5933 7534 13163 1654 3568 321 7272 1009 4442 85 2029 8900 2897 5260 9985 10940 2562 6418 5106 7431 11966 2298 3631 8193 9994 11730 1908 2281 2803 3277 934 1758 10530 1754 11131 946 12251 45 655 1312 7885 6199 9967 6279 8250 10113 10405 12968 9769 12841 13497 4346 11725 3384 5418 5127 8285 651 1813 770 5533 12482 809 7218 5232 6120 10726 4485 4945 7784 9539 10506 12764 1524 6483 9167 11639 1554 10876 1609 5337 4260 4328 985 12569 6486 7018 6481 10214 5426 11808 2951 13222 13452 672 10483 3207 7342 3755 12903 13196 880 11159 2988 12908 1917 8656 1872 9560 4271 10009 4017 8644 13283 2676 3417 13454 7630 12369 10404 11387 237 2057 2702 7140 2754 3773 7343 2056 10407 2547 10098 1759 8603 12089 6877 8131 2500 12418 3290 4708 3846 5440 6918 7540 1768 7994 8881 3350 5550 7774 6168 12167 6400 7234 9725 11473 1047 11265 9183 13555 3854 4487 11437 4032 5743 6495 662 11238 527 10921 684 3429 6853 8945 4892 11395 1748 2851 10658 10382 11162 11855 2257 5530 268 7752 845 8550 9098 9358 2058 2660 11897 8170 11648 4440 5876 4199 7404 9892 1903 11542 3516 8893 10932 11155 6459 11148 113 3932 1171 6559 2683 8254 4160 8964 10486 5685 11295 2364 6455 6240 8500 9614 1831 8822 5816 13015 7208 12877 10236 12860 19 7578 680 4623 971 11558 4642 13014 302 6934 3104 3292 7361 8076 6946 10219 3392 4680 4162 7020 361 10054 3544 9490 3264 7137 10789 3675 6072 9550 13038 4891 11324 7050 12525 4008 10580 554 9115 7459 10305 11502 4136 12522 3924 4980 6791 2080 3614 4974 5693 12322 9638 11761 12630 8486 10753 1477 6826 7551 8831 3194 8218 1022 3888 6682 13443 3297 8622 3278 9302 11818 2271 3154 10595 12374 10190 11615 184 6736 3038 3457 1555 10152 346 12820 391 993 2228 12132 3440 5926 4483 10501 2468 9720 7097 11494 1935 3665 6206 1321 4186 8373 9082 7121 7248 6677 11618 9953 12356 752 4223 3691 4428 3868 5197 5745 8519 2402 6352 1605 2485 4138 9971 8145 10651 4166 11791 5200 6043 4274 7249 177 6893 7958 8861 11292 5218 12681 9996 10588 1410 2960 10555 5470 12539 8162 9717 10209 12050 4082 12047 2871 8159 8539 5049 6914 7059 8625 11300 12427 104 1257 753 12954 8476 10757 6008 10493 7543 7922 3303 12085 1531 3249 2000 2550 2015 9635 10615 6875 11043 5357 9078 434 6273 1327 11149 228 6350 10077 10104 10380 6325 6537 3920 8755 1646 5692 8144 8484 4132 8239 2816 8988 10990 4610 8084 7735 10516 
744 3425 1183 2793 6924 780 1514 884 2463 9711 12162 843 3446 1390 3236 10661 11666 11869 8641 12290 1263 1570 1981 5957 5885 12038 6021 9044 2399 12584 1739 8409 7741 11185 11617 12117 2620 4242 7268 367 7298 1589 4433 7732 1536 10443 3764 5222 7452 9178 1546 2498 6827 11616 327 11186 7334 11678 9754 12583 8315 12144 844 6553 9447 1391 3533 5430 12766 861 1140 513 2274 2578 7849 1291 4360 9157 13192 2912 11840 1250 4028 10110 2737 12524 13207 4997 5311 6656 6590 9495 414 3592 7201 3257 9757 2333 4046 13390 76 5495 4917 5528 5782 13363 6284 8927 4648 10984 4537 10565 5819 6909 4499 9225 8280 9507 12963 7764 11322 4043 4759 2256 6287 721 8410 5750 12317 2825 5161 9054 10071 5075 10106 11370 756 12129 3198 6710 537 7897 1306 4636 5033 11778 1993 11960 4042 4804 7683 5742 8967 9952 12644 10387 11979 5466 8206 6004 7073 11697 12661 2012 12977 2942 8012 13558 1962 2848 8562 2971 3566 5700 7379 2101 3354 9165 3061 4368 1557 8797 678 10487 3181 4036 5402 10101 1261 1409 3052 1947 4527 5702 6591 10971 10905 12471 819 1678 4694 5621 6210 10335 3255 4911 5841 669 8414 3978 11606 6612 12102 392 11947 1742 2406 2839 1015 4415 7517 7738 10902 11211 2051 7322 8184 6535 11219 8479 11272 814 6926 530 1679 137 634 1035 2609 6224 12064 12280 463 928 5160 1269 12057 3956 7547 4343 9799 435 8613 11001 11941 1618 8154 10273 2628 11375 1364 10478 5503 6572 2520 10871 213 4288 7606 4153 4201 2319 9904 2631 4893 4490 9993 2954 8724 2183 3560 1639 5753 6078 9784 5723 11782 12311 9247 12377 4217 12345 579 4671 6172 6440 12254 3195 9667 8497 13151 9850 9922 8725 10554 1806 10724 2141 8029 3029 9592 1776 5436 7019 12528 6482 7369 4776 7631 5450 7952 8299 1979 8749 299 2427 7128 7953 2525 3211 522 8059 2523 9549 628 11045 1268 6790 12535 8336 8361 3314 10952 4830 10627 5397 6811 10734 4765 10631 824 9660 6933 11210 2640 11157 11122 11364 6361 8668 4083 13148 235 1449 4394 23 2110 2827 494 7672 2888 4608 3248 5690 8563 10423 4845 10201 5839 5969 2487 6119 11829 1764 2461 3904 5663 7171 11874 1540 3053 3644 9244 12942 389 3661 7400 3678 11187 11683 11807 825 11273 6937 10645 3085 4265 11546 3671 5994 10862 12985 8906 12032 3759 8574 4513 4691 7733 5384 9476 395 1957 10803 6200 8314 
1671 
1683 13287 13526 
1785 5927 
1839 
360 1939 13347 13361 
2381 5055 9988 2657 8810 328 3272 3796 5243 531 4651 1326 4948 6487 3584 12765 607 2043 11518 11744 12096 3309 3498 9968 10430 3092 9989 5433 12400 7174 10127 5475 9198 11253 13044 12023 12821 742 11513 3853 6375 5664 8711 1863 6833 1963 2386 7944 9273 467 6661 4924 6999 6532 11378 240 5041 738 3543 2329 10746 6001 12404 5037 9089 11846 7794 12640 2334 7692 12320 12768 4423 12017 7061 8178 1769 6313 6876 4748 5991 632 2465 9506 9891 11031 1750 4818 2807 12419 2569 5451 8348 11245 136 10393 12115 334 12435 201 5401 8166 9151 3839 9723 8403 10217 3030 5048 4950 12607 4808 5591 11342 6729 7453 4388 4552 4245 5794 11229 771 10186 6644 7943 11992 12442 9150 11407 9646 12342 9541 10723 11092 11146 3779 5537 9822 7595 11464 3478 10731 11492 372 8306 3672 7886 11841 5557 10221 2021 12266 3424 5039 5082 7750 12501 1097 11816 1270 7900 2486 9500 2521 7344 7838 7827 8664 11350 4958 9903 3648 9975 933 1880 1414 2297 10648 10966 2371 4284 7830 6066 6693 7243 10023 2637 5930 1980 7364 4943 8722 700 9615 10129 1862 8774 10306 3610 12003 1052 5859 6454 7040 8112 13354 1388 9743 9832 12901 6927 13193 812 7317 1610 12366 1089 7792 12486 132 1734 3829 12079 2688 10703 4618 11405 3808 9395 1003 6450 8929 430 2139 9176 2586 7424 4551 8366 872 8462 6114 13221 1080 10089 11580 3664 10163 
1974 13065 13223 
2004 
2042 
2114 
12 11172 6044 9821 7332 12179 3502 5405 6595 8946 381 8222 453 3509 4268 7024 10412 22 8703 2952 12677 247 7786 6070 11707 12274 13467 624 6707 4957 6370 1065 1448 9315 396 9250 939 5799 9966 1497 2241 2331 6180 11817 13070 5572 10150 5189 9357 11466 13092 5501 11424 1770 7562 5387 11080 375 4354 5854 12120 13136 3953 6530 5096 9598 9621 10313 10752 1907 5853 9871 12355 10970 12797 543 12299 2916 11963 11023 13127 4936 7493 3719 12286 3799 7103 8370 9169 4877 9761 4520 12781 603 3847 7783 3127 3660 821 6138 10872 9107 10010 2307 3187 3153 3697 3190 10515 3096 11262 1053 3778 10250 1938 5858 10008 8522 10166 8989 9816 10639 12575 1357 8133 3172 11830 1878 5990 8 8100 1833 8795 1631 12552 723 3305 12425 3674 9693 256 6660 1954 3852 7063 11849 2431 11912 4576 6143 3263 6465 3574 7902 180 11415 1185 8228 4725 11882 3822 7415 4656 5408 6642 8374 13228 270 7502 11366 5057 8345 1613 2453 4137 11354 670 10083 2518 8384 13461 1423 3604 8511 4143 4772 12555 5497 7183 8339 8499 2387 13002 13198 7205 13058 1232 5460 10322 1189 2612 5297 1766 9237 797 4357 5445 5834 7401 8830 464 9815 12013 2448 3408 3416 7229 674 8210 5328 6981 10618 5103 6947 4424 6061 500 6635 1486 4629 3438 4462 3459 6803 1990 3477 2932 3790 5172 9194 3629 9249 6499 10576 12450 3270 3913 1914 6925 7274 8086 5601 9298 5407 6118 146 5248 6501 4214 10812 6002 6478 7878 10897 2225 7119 5229 7640 9511 11016 13110 7818 11604 1224 4596 7925 3623 9595 1753 7747 5400 7056 3611 11621 12221 1709 10358 3476 10497 3381 10390 5813 8143 943 11119 238 6562 11495 4450 9684 726 1302 1984 6993 11321 9840 11853 6514 7566 2044 12049 482 11705 1016 4112 479 8491 2643 6142 1416 2451 1719 7122 420 7314 7644 8311 1379 2167 5158 12279 766 1991 703 2931 4579 3735 4934 3050 9331 7430 11190 4183 7596 3388 9111 2375 8151 5335 11296 7905 10473 1192 4189 8541 5448 12073 12723 107 2384 12580 1274 9657 923 3828 11965 964 4203 2963 3390 5634 708 4275 3209 6608 12106 12170 11603 12198 5350 11944 3234 9438 2639 12004 8676 8960 1387 9908 12763 3017 6136 3328 10818 6760 9472 12318 3798 12293 6502 6969 2957 13439 2904 5795 932 10474 11256 1001 9076 4865 8710 6349 10366 605 12759 9450 11394 4311 5701 2383 11892 4422 7130 6058 12563 1940 9491 7109 11129 12502 384 1617 3356 6253 6745 11359 2508 5915 5403 5453 8002 8607 12564 5098 9292 475 11333 11613 4000 4387 7919 5691 9232 1083 1521 6152 10154 851 9432 11391 1835 3158 6529 7679 9041 3521 11579 5064 5667 4221 12958 2725 2863 11006 13434 3497 13246 5140 7178 1762 6348 10429 11975 6726 13119 
2177 13071 13168 
2252 
2255 
2282 13201 
2324 
2397 6756 
2407 
2443 13191 13401 
2541 13032 13180 
2947 
1749 11317 2316 11533 1442 2662 5769 9640 10005 1826 9960 3817 5102 6447 4115 5939 3926 5284 11436 6133 8733 8463 9845 1210 3045 10363 1158 11805 1955 9570 218 5554 2900 4803 6696 6808 3032 9853 12027 5938 10000 3094 4590 4174 4668 4064 7153 7138 10146 307 10266 319 837 2239 7444 9521 4650 7620 10230 10886 12204 1081 10766 6755 6852 7491 9738 11982 4611 11943 5171 11124 164 5793 954 4298 2690 6046 7959 3688 7392 11595 2090 7649 11994 12799 4644 5193 4078 8672 516 3855 7621 1853 4200 7085 12678 10372 11876 2924 8194 3760 5005 6698 5333 9672 106 3722 6737 906 3179 13430 3273 4119 3345 5778 6247 12519 2191 11871 230 2984 3638 6104 8258 10998 3857 6935 5981 6283 6204 12157 957 10893 1865 10105 7724 8303 5622 12160 255 7196 7788 496 10912 5090 12042 428 1919 3039 1156 9063 10758 10914 12328 6815 11369 3206 10319 12018 3910 6551 102 12169 1952 4603 3175 10964 1012 12512 5758 8864 10359 10535 10613 6216 7428 7973 57 10224 5575 12176 719 4912 7951 2828 3193 10777 11713 1923 4300 54 9921 67 2493 728 13218 4049 7079 5694 9378 1341 10360 12024 3033 6489 7799 6363 6432 7639 4606 6771 3902 5661 4429 7093 4308 7549 8763 12489 11419 12316 1458 2810 8556 4697 12277 9241 11813 3482 4847 8434 8844 4837 6238 6805 7352 941 8852 4381 11860 4595 5520 1983 4738 8090 8264 8269 9420 6372 10226 7609 10959 2146 9149 1399 7319 1441 6324 717 11896 5322 7947 5353 9028 5073 9961 1082 9289 7737 8226 10667 11396 1715 11935 9943 11025 826 2317 13433 1190 4356 10891 556 9538 9602 150 6082 7580 8203 3072 8720 10693 93 2667 6140 8507 9641 2264 11249 986 3933 4929 10277 4755 5592 1595 10790 5088 10955 4541 7197 7053 8382 10352 2815 3890 2734 9229 6291 12411 9297 12432 5584 8188 2208 5586 10014 10923 427 5233 8475 166 2970 9737 2067 12350 18 3894 1648 2049 889 8325 519 6015 10776 11851 11883 12323 6445 10428 4695 8318 12762 2841 12987 2342 5007 5811 1545 3015 3972 7680 7744 551 3489 13267 
3103 11475 
52 3133 7359 10425 11717 4269 8298 10602 11372 1406 7695 10402 8782 10748 12321 7555 12131 82 3681 12394 1239 5053 7015 7982 2311 3539 9274 1335 11890 2731 6049 975 1280 7755 7895 9354 8569 12391 1219 1569 6135 3736 6932 1329 11338 1964 12333 7604 11582 2476 10882 994 12816 2695 3501 10743 12253 3720 4264 12349 4652 10479 6433 9134 6588 8477 12223 9077 10725 782 9880 1652 8594 9342 4676 7007 9599 11647 5308 7879 10234 3827 8571 1452 8113 9792 712 6901 11704 11988 1757 3761 5610 3895 4250 5439 12285 3680 3946 4169 9335 12343 4364 10948 10798 11343 273 874 5241 7832 1988 8379 2247 6821 8646 4737 7575 9036 10646 2313 12265 1608 3581 8169 4796 12025 12657 3875 6391 5867 9029 3128 11967 847 11544 6401 7192 11432 9061 10672 2275 10447 7318 8626 7409 9056 3204 10179 8070 10854 187 10304 1336 8801 3481 3634 8832 12709 6862 11484 7855 12172 920 3824 2522 10714 1675 9774 1508 4643 4111 11636 12565 9803 12679 2600 9043 3037 4874 11106 3883 6384 11410 1518 5817 2854 3173 6809 12030 12193 3339 12458 7092 8305 10489 1432 2083 7433 9366 7954 11110 713 4007 1541 8505 11083 11216 4822 10702 6153 6956 11822 12126 2409 12269 62 7094 5190 7903 4933 11781 10325 12255 4930 5717 11348 7303 9296 7070 11163 595 7117 291 11421 194 10240 910 10887 3717 6564 272 518 5515 6597 393 12240 1372 7740 1594 7814 9806 2340 5632 12531 5646 12059 815 7363 7856 860 11951 4010 9367 5614 10030 7622 10511 2920 3642 4460 7833 4470 4699 7227 6768 7238 10974 2536 6566 8215 3762 11958 471 2154 4887 5230 5251 11161 2749 10228 7987 12187 4665 5964 1059 9416 1858 6182 9977 7482 12029 7413 10452 440 12072 3867 6258 99 4670 12698 3698 9129 3746 6632 12656 4587 9376 1438 7753 161 8926 3508 6758 10418 10644 11732 1505 12441 4159 7931 981 10509 8073 11072 6526 10815 382 5827 7510 9869 2645 11404 4140 8829 8883 3598 12010 46 6507 5999 11765 1435 4918 11022 11374 879 12212 10291 11486 9494 11193 3 990 4867 5759 5014 9337 5390 7407 783 977 2663 2993 4344 274 7145 5227 5881 10074 1214 11758 1242 2315 7455 1578 10135 7641 10883 1922 10364 2238 11420 5085 7862 9878 2070 12058 3253 5061 5464 7390 7590 976 11577 10049 10598 12114 1048 2185 1342 2571 2687 10836 11957 2852 7046 1370 1543 1429 7113 10643 8882 11927 3237 8135 11610 12664 6393 12561 7380 12216 5763 9669 4122 4516 10834 2458 12016 1161 8467 4768 9009 4213 8094 856 6262 3646 5097 7601 10647 8786 9139 1026 1653 4883 10556 4727 7004 5283 8502 1074 11040 6412 12344 7872 11098 1469 10744 
3241 
71 5826 1445 2008 3849 9433 103 3021 5847 8261 917 8930 9833 8979 9804 12082 7912 9540 2079 9171 4389 7702 7410 9983 11263 2187 7720 4690 6334 292 9436 3603 6144 6235 12312 5119 7797 6863 11293 4585 6828 11949 10436 11863 2065 5652 4698 9119 5134 8880 9146 11740 4249 11380 2040 12815 3493 11383 8132 13008 8276 10076 7266 11952 2134 6607 12507 6540 10597 936 968 4051 10924 4525 7696 5416 5603 1596 5011 7613 9410 3076 3776 12731 1517 6881 10484 3889 7496 1323 5060 7516 2773 5043 11139 4663 9488 6096 11153 2456 11688 2524 2720 4761 8937 4439 11174 12446 5678 5705 1636 2332 1297 5344 9691 11925 5906 7599 3783 8216 8965 11422 169 9329 10455 12348 3386 8684 5141 6518 4574 9886 2549 4361 3404 7442 11576 8665 12601 155 1260 2775 8125 1345 9522 6131 12553 2063 8799 597 5434 7654 8843 7246 10608 2698 8800 7658 10097 5616 9901 9578 10290 1896 9213 2861 12367 6567 11504 3971 4669 5321 6778 11402 217 4895 4161 5721 8975 290 7560 560 10476 4363 12687 2974 8628 11630 1483 8757 5461 9805 8762 10946 2003 11223 9210 11203 5130 8818 421 5675 7965 10508 609 1027 1912 6106 11482 11913 746 11628 1222 4993 11447 1634 6009 1058 10937 1856 6913 11783 2308 8155 8459 2069 12485 2972 10042 5178 6832 6943 10458 11573 4745 11811 6769 11244 881 3587 5684 8690 285 2009 2538 2534 7761 4797 7891 10417 11915 1775 2171 12217 580 8391 11469 1292 2678 7365 9427 1641 7757 3281 10805 4703 9442 4350 7311 6141 6762 10294 6614 11522 7520 9935 7659 10697 11485 4195 5054 9915 2933 10604 5832 5913 1765 8903 6395 10299 614 7579 10514 3596 8811 5715 6213 12460 3140 11643 7165 11809 1966 7809 2193 8302 2953 5558 2980 8288 2099 3625 8240 10288 8191 11078 5186 12720 2866 3547 600 7304 10052 1790 2542 10037 2910 11344 1836 5775 484 12447 2346 4922 3011 8764 452 545 3554 12867 760 1418 5496 9594 4798 11858 13534 947 9694 2358 10103 10950 2543 8340 6951 9355 3950 4038 11641 6880 11030 1901 8323 8700 7076 8835 6437 9565 5739 8624 626 8509 1905 2723 7284 3689 12769 
3407 
3549 
3558 
3565 12909 12979 
3766 13258 13470 
2093 12513 611 2429 3411 1669 9103 1549 2801 4947 7438 6973 9347 1704 10206 1784 3694 9767 7858 7981 10868 6747 8747 2563 5184 5645 2748 8331 12270 2152 5644 5490 11257 960 2153 2230 13564 4717 11898 1688 7626 12944 9058 11942 12788 6573 6948 1927 6616 2739 6708 4113 12272 4101 4390 10947 6068 12728 857 4314 3524 4756 3352 6132 2013 10112 6754 10545 5581 10840 12005 7984 9330 9826 4758 12493 2824 4688 1034 5536 7277 7844 10653 4731 9096 2349 5247 9800 5955 10755 602 3803 5866 9486 1462 7213 9393 9215 12795 4447 4856 5279 156 11120 13161 14 4209 2966 9562 4194 7345 10222 12273 12856 2263 3267 4547 3369 10311 7721 7723 12936 35 902 2902 9940 6940 9370 5326 6468 4682 8846 9524 11470 10996 12953 671 2088 2145 6016 7820 5696 11559 9763 11902 2726 7553 5531 7182 6844 7836 7960 12674 12833 9112 11700 1756 9454 788 10261 3018 13521 2779 8721 12153 3460 4518 8632 4578 12662 4788 7291 3813 4556 7135 10377 2607 7772 12090 2337 4034 3643 5315 3028 11042 6305 7734 5128 7675 7821 5411 8205 5798 9777 11862 4286 4987 4857 8223 6960 8263 11471 8460 12163 4743 9256 3749 6681 11397 12752 10626 12998 2389 9257 5006 6222 736 6322 12741 4024 4068 9588 9190 10537 2671 7222 1464 10302 6360 11619 2564 7432 11708 3364 10711 702 2842 12417 9345 11062 11201 12174 3777 8820 7967 8490 9547 12134 1490 3865 1071 5668 6434 8219 9116 11637 11207 12703 4023 13357 528 12557 2195 8970 9468 714 2179 8355 873 3120 1635 2859 174 2306 2939 3519 3101 4771 10620 127 4177 6841 1036 12775 4084 5770 90 1042 5 7754 4105 4793 4876 12548 6176 6248 1710 11923 1461 4403 10594 10710 5786 11698 3572 8742 6071 6897 5672 8431 2477 6936 4620 6662 9121 6733 7010 2894 7716 9811 11453 913 10253 3387 8453 8620 7914 8248 2877 7537 4925 5504 1282 9283 1773 1953 2996 1159 1553 4502 1084 3239 4326 4736 2743 11478 12637 241 4540 3291 7916 5025 10140 4666 6095 7848 6466 8164 338 5012 6343 12181 1249 5796 4216 7685 11044 9295 11491 1601 4226 4270 1882 5894 2388 9361 6912 10107 6055 8268 3836 7739 
3983 
4080 
4088 
4103 13236 
4218 
4239 13055 13335 
4267 
4491 
325 9147 4910 6064 9876 12595 3606 12663 9023 9899 606 6298 1228 5563 11508 12291 6351 9223 10967 11461 9334 11720 8919 10569 13112 232 2062 306 7939 388 4806 1093 7908 1113 1287 3838 1127 7012 7443 7887 9946 8308 8693 9113 10389 2788 6812 9527 8815 12588 568 6655 192 3981 3996 1004 1067 6603 6976 5299 8899 1723 7873 2462 3205 4501 4916 8990 2361 11828 1509 3418 5269 8531 10698 5965 9200 2732 9747 4536 11135 2133 10532 1456 4097 1989 5543 5588 2633 9870 5301 13054 5731 11645 2084 4383 5924 894 11474 12810 785 7233 4015 7060 4863 10549 9074 10896 6794 7921 10759 4 6565 12358 3008 7099 6854 7893 11319 5086 12037 5318 6421 6921 12463 1892 4377 9742 11147 992 10365 5342 11327 3134 7083 6560 8992 7608 9873 1313 3557 1736 9464 2422 12608 1743 4704 2421 9017 6031 12210 2913 11360 1111 3578 6589 5276 5570 6269 6290 6978 12257 8579 8918 10944 13235 658 5493 6622 8149 5216 10669 2704 10907 1760 3715 6209 7526 8399 4449 10918 4118 12838 4998 10754 12896 3905 5506 12837 7095 8596 4964 5133 774 3794 6366 1128 6658 12494 147 1810 352 3944 7840 11019 222 4498 644 3003 2052 10656 3382 10779 7935 12138 1114 10466 10997 11714 12048 3702 11195 3166 8328 6962 8863 3788 10410 11308 13395 6720 7447 3320 8966 2286 9982 590 9566 6998 12481 4657 9756 3027 12624 2474 6246 10323 13213 4946 12875 5890 8358 12424 1290 9517 11592 1538 6460 5377 8671 6782 13072 6988 7628 15 8772 3963 5804 4451 9979 5844 7714 3990 12472 13406 3180 6609 9653 11838 6694 10986 3215 11886 12313 1600 7336 2917 7990 2034 12997 3534 10785 4832 9534 10808 2100 11607 2245 3537 12371 2267 8713 3296 6130 7667 8524 9706 11071 8247 10825 694 9385 649 762 6302 12192 2216 5513 10316 12063 5142 6824 130 2778 8850 3767 10116 248 11137 12406 1041 8775 7160 9726 9117 13253 3005 7600 13211 5631 8606 11136 3020 11674 9631 11771 830 9675 1956 3473 6088 12382 6173 6860 1109 6330 8390 11088 12668 1021 1525 7940 9683 10115 4724 7235 3024 8189 623 6484 3930 7852 11130 11433 11984 5138 12653 295 8065 3068 9776 1296 5556 12116 7358 10875 4292 12422 715 4152 250 10965 5882 9924 2455 5356 7088 1226 9459 4971 12804 645 1788 5719 3455 6139 7293 38 9861 1174 3139 823 4977 1348 8200 50 1781 6006 13327 3385 11454 26 7439 10468 11270 3871 12477 
380 3575 2091 6939 2435 7978 3102 12462 2339 5805 12737 5332 5345 2328 8009 4539 7287 1767 12237 3858 6050 176 532 12282 87 1566 8481 198 7089 11340 1898 4125 8317 9348 10085 2178 10551 3550 10260 2207 3229 9231 125 6643 10235 191 9287 5689 7826 1904 2277 10500 11877 3426 8513 9085 9825 6879 11930 1124 11961 1397 12268 2192 10687 962 2459 10601 6985 7808 2782 8229 4869 12721 4554 6674 4999 9934 6003 11857 7259 8127 95 863 1548 9311 314 1017 2836 12617 2703 4050 5044 12701 6871 7449 7550 11232 3031 3105 3872 8683 105 2613 6214 171 4511 10420 3378 8351 3915 4173 7837 10567 309 899 3937 5355 5077 6671 1062 3224 4207 5740 1279 2889 6731 1624 10340 2516 10577 4486 12730 1374 13543 220 8444 3909 9060 5309 8052 5013 6364 3110 5863 9224 12697 3795 8807 10268 4809 5768 6307 6637 4282 5666 10494 12641 584 12659 648 6972 455 2738 5992 8034 10524 10906 11749 1667 12479 1638 7530 9143 10817 1857 10550 11225 5593 11312 13479 578 10934 2350 3129 6457 1413 13123 83 12043 3227 12570 8727 10300 1126 9872 12077 12370 3616 8025 1050 2869 3626 5059 2341 5937 11068 6245 11168 9341 11416 2885 7511 11789 2746 3432 635 4624 5317 6356 10853 1405 8435 5707 8888 3641 6304 9765 9925 4244 4879 6631 8597 9752 1383 5312 8036 7748 9290 1314 2757 10774 2304 6908 5519 5947 10155 9108 11101 13104 3300 4763 1392 5512 7870 12819 9859 13106 13398 660 1706 1772 1559 5904 9018 9369 996 7112 366 9443 11367 12233 1463 1655 2727 4472 2265 6585 12259 630 8638 10833 2354 2669 6060 3340 10788 315 2558 4675 11087 4313 11591 2048 2410 252 431 4353 10781 6864 10578 3488 6910 8806 11832 5744 9182 12745 5099 7308 7469 8368 1712 10927 3800 6113 517 12097 7681 11686 317 4667 7795 11788 3500 13336 11065 13141 4090 8163 5223 6646 12777 13114 134 7188 1471 10851 1000 10188 3453 3820 13215 6759 8423 9839 11679 6689 10874 81 2802 1729 6493 12506 6022 10880 11289 11581 4329 6630 2593 11999 
4550 
4602 
4747 
4813 
1419 6749 4985 9260 656 1916 11924 1973 1992 13423 8062 9496 13164 1322 11082 3863 9911 1968 11820 1747 8896 11653 1838 7351 7910 2213 12319 9677 13394 2608 4456 8428 11578 8657 12669 1958 7179 2599 4222 4995 5736 6295 3699 10100 11929 7184 11167 1735 10167 10954 13086 1054 2454 5976 12065 10298 12523 8013 9040 877 3238 11556 12648 749 10210 5192 9526 1696 9161 3517 8575 6217 8819 5749 7154 4844 6312 7793 6327 8087 78 7625 8238 5421 10337 1245 12215 2276 6557 9779 6185 10599 974 1918 11501 3258 10088 1713 3612 4630 7014 9482 11931 668 3649 2300 10715 4060 4689 12384 7216 8080 9269 9485 1697 8447 1937 2440 666 3494 4102 7232 3548 9030 1090 1844 12388 2064 4471 6387 9418 3034 11938 42 631 1401 2625 4474 8585 754 7381 3737 6896 657 8246 8560 7688 10338 4659 6624 524 8717 2124 11865 2385 10138 2087 6706 8352 8538 1011 8777 1355 8659 12540 4565 4831 1298 12593 3213 5369 10629 8449 8618 745 2169 2096 4128 4890 3265 9264 12297 930 7164 227 12256 205 3060 2557 11152 1310 11622 3014 11589 3266 6873 1846 11048 2814 6627 916 5454 3200 10328 7467 11905 5389 10384 3088 10824 679 7294 983 2212 4722 5115 583 6371 5935 9360 12044 5031 5165 9465 10810 12803 6506 9339 12298 842 3318 5848 11780 5236 5509 8769 10517 11562 1330 8840 12022 1611 3185 811 3306 2806 6175 10562 1230 7320 7704 12735 5413 11003 2081 8236 6766 8424 2576 13024 283 8994 2624 4834 1177 10850 885 12716 6162 8911 5242 6463 7214 2865 12335 2494 12407 126 1888 11179 3347 7346 1978 2769 7230 6705 8310 27 5259 7544 12596 7475 12627 3311 10976 7417 10048 444 10624 8389 11644 5510 8175 2584 5650 834 9656 10 11514 3654 5195 4628 8047 2527 6424 1033 2112 3288 9576 2483 9352 4605 7509 11954 2511 7992 7254 9343 345 2638 10557 12111 486 6640 2544 8996 3252 12099 474 11795 5856 8217 6249 6536 5647 6659 4719 7297 212 3555 4840 9949 4920 9021 5020 5285 9644 3492 6700 9145 11039 7142 8405 5291 8069 4248 10547 1096 4523 8001 9597 944 6286 4395 8920 6422 10491 2884 4336 3338 6040 7567 7108 9380 11814 12122 3326 3966 4967 8171 4631 6952 9551 11664 2566 6405 7686 8816 9643 12578 7975 12635 11313 11467 2302 6203 4052 4505 5887 1544 11810 6108 12249 2433 8537 8244 8962 4035 10284 2 350 3627 10469 3609 12778 892 10133 6406 10568 8332 8737 9020 4559 7907 8823 4983 7718 4382 8760 3522 12305 12647 4484 4709 6458 12832 13472 8855 10318 2122 3026 4726 8425 8465 2504 8521 6650 6850 7385 9168 9768 5943 11856 275 3980 2287 8803 12415 10682 11825 
4981 
5028 
5079 12883 13009 
5139 
135 12227 8209 10858 1099 3165 7066 3738 5182 4212 7867 5147 5767 8501 7327 10814 4192 5594 740 1200 3969 7300 4615 4661 499 3928 10956 1535 1852 5922 6673 921 11325 5532 11769 4598 5562 154 4463 9278 6629 7101 1513 4862 4104 5548 6883 7839 1599 2162 5341 288 2214 7574 3334 4178 8466 8557 12045 6577 10216 10312 2973 10592 3513 12712 829 5406 12001 1125 3308 2730 3727 6702 8729 11141 2068 9001 3860 12516 591 10137 10894 12051 11431 12136 2327 7610 94 4655 4145 8738 6561 11057 11413 2348 6425 4548 9254 3474 7471 5214 6107 118 7051 49 410 10605 2559 4375 12155 2010 2405 1444 1745 6057 1752 2206 6509 2244 4220 665 3903 9185 10459 7565 11515 5288 9156 558 12739 732 10165 12718 4430 4903 572 10637 1411 3716 5791 9528 5615 7468 5347 6517 7029 7525 425 1716 2035 8419 2362 3848 10021 3370 6236 6124 8942 9480 12794 189 8266 10773 3044 3056 4953 8504 6018 9645 11842 11018 12639 1101 1746 4067 11864 2879 5830 1563 6701 9455 11682 12304 387 539 1248 1921 7224 216 2694 4316 2583 2875 3599 9220 5238 6618 12636 9579 10842 11134 2771 7253 8559 9467 1209 6345 9424 3949 5360 2249 8854 565 3461 7177 5286 6508 12652 269 5443 11608 1256 2428 643 10981 1317 4206 4581 11651 1805 7270 11548 2296 10619 2510 13324 4521 10295 399 2186 1591 9863 4477 12466 1346 1503 12960 2774 7100 9324 4791 8655 7131 8808 476 7035 1579 9782 10399 12562 
4905 5313 
293 10334 351 405 7882 2629 3372 3260 11196 415 4654 4871 1362 7648 12645 2809 4278 4873 10695 249 3367 704 4172 5561 12195 520 8018 5476 10419 5281 7515 5889 7865 12263 2197 6741 1607 5414 6715 7068 11614 6886 11699 2322 6084 5319 8470 7360 8702 2784 2822 1685 10540 1180 10262 4355 10732 3456 7301 4739 5449 3490 5391 5298 5892 7129 11041 347 12214 2106 2423 508 8110 11260 1091 2404 3448 12119 5747 6645 79 5207 5911 5925 8798 9219 1266 2761 10708 8130 10065 9240 10403 4913 12352 3884 12139 3893 8616 11743 3010 9824 552 11287 3225 5185 2539 10281 6829 7041 5008 8436 2072 8566 4978 9962 12602 598 7465 2292 5869 9045 2627 6311 5289 10794 6488 12213 629 4909 7807 10505 5205 10611 3897 11126 5179 12744 6250 7326 1167 9382 2621 5074 5879 4310 9508 6191 11996 2417 5379 8542 11444 1417 1982 4231 8734 5560 8077 5654 6289 4021 10783 3353 12307 536 10775 2359 5083 5489 3684 11169 1361 6137 7866 10139 3491 7806 11123 1085 2268 9 7398 10153 4601 7330 2370 7576 2855 6531 34 958 5168 4582 11125 4896 10248 8015 8487 6647 10271 7350 12560 3399 7498 6996 7436 905 6563 11183 4640 10587 9895 12420 1380 3335 8274 11766 3070 6243 6320 10040 10889 773 7219 21 5019 3844 6892 2750 6399 5559 6023 1590 6797 10081 10409 895 11038 11529 2592 6369 11111 11968 3551 10678 
5551 
373 5651 6653 7309 9299 8759 9196 124 3511 8529 12229 9986 11695 4031 9794 5211 11352 1850 5481 1148 11026 9462 9781 377 10279 2310 10787 2856 6613 10004 10205 149 3639 2665 7466 7484 8640 13051 242 8674 2796 5600 3989 6092 296 11801 4095 6073 6806 5265 9623 6329 12727 13477 1162 5640 10161 10581 4715 10301 13322 817 6091 6989 4276 12414 5370 8406 991 11288 5660 8235 2380 3099 12598 697 7374 2113 9732 10050 4110 9724 10884 12185 709 1793 3235 8292 9444 10980 1877 3398 6075 6109 8356 2092 12667 979 2770 5323 4304 8663 3410 4392 8845 10084 12149 3106 7072 2795 3942 7868 4849 12336 1774 12807 1186 12549 2553 7684 11601 3683 7700 3782 9887 11037 3483 8378 10099 10529 4678 10909 11243 9823 12137 1467 11055 11483 11574 5620 11010 7731 11794 2226 8224 10090 4626 12360 186 6265 9920 11178 4956 13019 6859 7462 6845 8825 2356 5587 3993 5375 7090 1350 12439 11251 13004 12150 13108 13182 7645 13556 4332 10414 12177 13522 2227 3528 501 6419 1446 12365 5970 11205 7539 9630 12886 2148 6378 7049 7957 10280 7657 9158 9739 7033 12019 101 7366 3196 9817 7127 8528 8770 2594 6303 7262 3874 12981 489 2786 2706 3312 2181 4301 6 5993 13459 3559 8398 533 7022 10370 7123 10438 3299 7386 5239 6010 10988 2736 7624 1069 3636 5352 5432 12034 5792 8260 5148 11176 1659 4259 3732 6134 6256 6878 4370 4870 5522 10671 10225 11221 4229 8731 9707 5565 6453 2927 12199 310 3740 1235 2019 3054 12128 7889 11646 11760 461 6339 1195 6012 9530 3406 7572 2623 9300 4866 11458 4069 6505 6030 10745 10908 11879 2582 11029 5217 9515 4399 11585 11665 3523 9238 2785 3751 2791 4672 1809 11075 4600 9162 4253 9409 11220 4524 10481 11505 870 8983 342 1708 3064 5732 835 2611 2336 3413 4538 8520 5386 8875 4825 8905 209 10771 2295 9746 11156 3397 9407 2466 5296 424 6492 6775 7506 63 12426 650 935 5606 10519 
924 2903 197 11463 5132 12719 4127 5382 2011 8652 2437 7472 2464 2987 5325 693 2868 5004 8779 11694 12190 9854 12600 219 1191 3077 11425 5444 9184 2301 4086 7650 6150 10737 2150 5628 2027 3357 438 12234 1799 2471 3109 8122 8681 5695 12754 865 1394 1550 3333 9456 10158 1030 6297 4345 8793 7403 11597 2591 3323 4468 2680 4979 4061 6764 11347 3078 9228 353 3346 138 11964 2906 5544 4714 7199 9879 4872 10760 5714 12327 4842 11550 2882 7162 1711 9164 10717 3703 5760 12054 254 8680 3126 8715 1930 6033 9242 11661 1288 2414 4144 4679 608 12339 1651 12613 2862 10820 4783 5488 1061 11423 12086 4569 4712 9874 11623 11716 1870 4233 4594 1354 2899 11105 5396 5671 4503 12292 5435 6268 5980 8766 1732 9835 394 1424 4875 2532 12599 3231 10799 3617 11583 1583 11076 11893 2142 3834 7356 4026 9268 443 11116 1063 3825 9734 10329 2926 5479 3057 5274 9831 8533 11663 1643 12725 9749 11279 12103 5706 10278 7558 11711 2978 8233 10531 5725 9766 1794 4400 7460 5224 8283 9000 10068 6473 8381 8483 7989 10194 6479 8545 10361 1356 6602 7255 839 3505 7159 9461 11506 8679 12591 1668 6957 2129 12250 1558 9865 2507 11102 4147 9423 397 1481 6858 6837 7941 8342 9637 8474 12239 2982 3412 5605 3622 9394 3662 7021 11605 11753 10355 10846 1472 7172 10197 446 12326 3016 11560 5278 7146 7790 3256 7529 5266 8473 3898 11277 11687 8089 10145 1694 5529 2893 6074 5712 11271 1122 2323 2278 5050 9893 4955 6034 6112 445 6945 3594 10196 11525 6032 12340 6160 8039 6435 7441 6083 9187 7756 10331 11100 12468 10939 12550 909 9102 6126 9678 2367 11109 11563 12715 2285 11884 2819 4506 10879 1777 3073 11620 692 7977 3394 5180 6259 12164 4653 11671 4117 7894 10108 148 6738 224 587 9003 6752 11690 6407 11439 1153 12773 10796 11274 5958 12814 6931 7376 9090 9666 2674 5146 5492 9211 2898 4367 9271 12779 1300 3965 2273 8071 6823 10397 3531 4156 12399 4191 4492 3007 6686 9199 39 257 4621 4780 5029 5524 7451 8437 3066 5589 3705 10057 7623 11784 4305 9910 7898 12148 322 5986 9318 1606 12220 2805 3563 9383 12547 4908 6254 1078 12530 1365 11442 1495 1895 6403 4972 6890 261 10215 7771 10596 5783 7552 3975 11074 4553 9072 9306 10809 10082 11305 2535 5181 548 7573 7892 12498 1924 9400 2681 6652 6116 9976 4973 12247 4639 8397 5378 10925 8709 12623 8117 10406 55 11215 3176 3840 7777 3302 8243 6798 11449 
637 9218 4769 8792 10086 1629 10347 1994 6648 10525 12722 735 2203 2794 12276 555 11133 1147 11823 4604 9937 12891 5903 9546 4963 13134 9698 13251 1530 5465 3655 7559 8078 11007 3602 9735 11534 4732 10015 7505 12300 12478 9714 11445 1277 12296 1404 5121 1542 7434 403 9052 4277 6174 4795 12383 929 11252 1532 10873 5899 9829 8061 9841 828 3645 12747 2444 8427 767 1142 4478 5762 7378 11566 5234 7333 7011 9381 9929 10756 10941 2284 5633 10533 11197 2489 6252 10813 11609 4417 11411 7677 10811 1398 10174 4685 5928 7995 11847 470 11142 6497 11536 13118 541 1519 6485 12930 4378 9471 10148 11213 10252 12955 4030 8103 3726 9552 9478 12133 2545 5914 1308 7743 8335 6147 8341 6244 13364 9974 12041 2175 8936 950 10563 1485 2509 6319 3721 4634 145 4894 10904 11241 599 3395 5484 13139 507 798 357 4349 6789 13376 9909 13546 167 3693 3454 4202 7726 7263 12100 841 12020 5568 9333 1454 8496 9801 318 7928 4290 11997 13132 6467 8281 447 8805 722 1520 5948 2118 6436 9160 3821 6938 5658 9251 10991 3819 8602 3504 8666 12682 627 11715 9932 11000 11175 1381 4898 8134 7663 9221 10764 12088 7017 7497 2551 8321 6025 12403 3959 5538 9557 6761 8157 4614 8611 1206 1941 7662 8836 376 3510 525 10632 8313 8696 5210 6587 2415 9428 10143 7065 10664 
2590 11143 5952 13270 3816 13022 13345 9137 13083 13475 7166 11659 11933 12858 
5977 12948 13426 
1304 6080 
6145 13087 13284 
6212 12834 12910 409 13181 
6411 13263 13362 
6511 
6575 12917 13154 
6654 12879 13481 
6687 13089 13407 8814 12957 13027 6604 9561 11729 
6786 13471 13501 876 13097 
6916 13077 13519 
7032 
893 4915 5982 1561 7800 3744 12066 1761 6448 1319 4888 1294 5821 11850 223 6376 5070 7273 5708 9132 2073 5776 1478 7082 9397 8046 8153 667 1727 3183 5545 6512 10324 5122 7514 1402 10180 4800 10396 5860 13337 335 5040 2250 8977 2664 6358 4612 5383 5494 9973 4157 6930 3467 3701 11861 2353 4900 8067 8160 3155 4531 4645 8196 9783 505 9195 3907 5613 1663 2157 2376 3652 8662 13383 365 3348 1237 3368 6127 794 4027 12262 1231 5873 7206 2606 2713 998 1284 4662 4878 5339 581 11259 6315 10837 7474 10692 3630 5087 6347 3985 7221 5343 9673 10520 466 11093 2568 8897 3471 10995 6171 10899 2677 12168 3307 6579 9665 3916 5177 5727 6515 12461 12551 48 787 3891 196 3074 3090 11268 6992 7841 12449 1227 4181 8582 9992 3421 7027 6550 10633 3723 9568 1253 12413 2116 7220 2201 4109 7362 1315 2648 3998 7408 1251 4592 4975 5814 3700 6668 9613 7859 10728 11600 638 11476 12267 2232 10740 7150 10427 3219 3327 2708 4616 7440 9175 12248 13535 12671 13239 659 8730 8055 10315 13093 1139 12887 9123 13421 1246 3402 6968 9114 9379 11911 12884 7909 13399 2413 8271 11355 5979 9493 13219 385 5716 7789 875 6067 1602 3571 5912 6035 6519 6657 12104 511 8714 832 2579 5595 7896 279 9786 3113 11050 4151 6159 8380 9681 10439 4087 11541 871 7932 7635 12666 185 5463 5774 193 5815 2823 8198 9104 12658 7116 13023 2531 5457 7464 5245 9513 13281 2039 2420 4330 6288 6534 9900 1498 7536 6103 12302 1316 1320 6903 8768 12582 1262 12376 487 4749 2699 6211 7209 11719 3812 12244 3365 6843 5963 7045 12196 4331 4858 6915 6362 9181 10762 1431 6732 6296 9980 1367 9372 7694 7881 9948 12271 9440 9695 200 601 1144 9291 2120 8204 251 1866 2243 10046 1693 9627 7966 11202 7976 11242 2036 2180 3332 11306 10172 13225 3295 4129 4461 3069 10548 1132 11450 1840 7571 11060 12123 488 8678 3583 6336 1384 2873 1949 4294 6813 10977 2314 8347 9702 12074 1511 2161 1783 5250 1272 4519 5573 2672 3232 6774 8885 803 10676 86 10193 11334 3337 9350 3807 5670 3322 4184 4397 5459 7974 11399 1138 2031 5517 7391 25 9639 1377 4718 6228 4713 8787 2908 6522 2418 3383 1267 9795 1252 9990 8289 11307 348 1154 1869 473 3943 3880 4897 10470 12457 8932 10699 12203 10274 12642 492 1960 11290 1640 7937 4625 6669 5861 9227 799 5596 878 5790 7458 9642 2844 3714 7664 12798 2883 8699 6056 6953 7195 8783 2682 3570 3878 9226 12329 1900 12055 4391 4407 5051 1353 7402 9625 10367 11895 2379 10114 1677 5720 2224 3580 7418 6905 8743 8745 5824 7719 8027 9785 12081 12474 5410 5897 6679 11872 1740 10092 7198 10451 3605 4568 5268 8536 234 7126 2469 9217 1632 3169 4352 265 4904 10951 11034 340 9313 2506 5840 9942 11596 12509 163 567 1996 77 2170 5486 12236 2467 8372 11539 477 10454 3013 12707 3670 4851 3067 8839 9449 10208 11247 3156 10797 8350 10741 379 10181 5626 9689 11318 11889 12258 3845 11565 559 9328 
7151 
7476 13199 13429 
7773 13393 13414 
7863 13277 13508 12568 12965 5203 13034 
7927 
1007 4777 12683 1502 6728 3121 8712 3918 4092 9514 12984 561 2460 8718 1420 3929 8011 12785 4070 10121 6634 8324 7812 11673 5949 9704 3585 12084 3882 4012 5290 10326 5081 6851 330 6093 5394 10855 11013 1670 2123 2496 11056 12490 229 1434 6331 2259 11793 12310 4011 7302 1106 4225 3351 8075 2151 6580 7854 8172 800 11430 7776 11557 3733 4033 7173 9067 13358 6475 8024 13000 1149 1859 5151 1363 1565 3313 6177 1273 1470 8904 12934 9309 12228 6205 12510 13539 1073 2946 6357 4126 4303 2864 11401 790 7938 12733 4488 11128 4889 7924 10736 4968 10213 9093 9327 1173 2449 2896 8908 5609 9525 6037 11561 4227 6053 448 1028 6734 5272 8440 1929 10239 5164 13278 3452 8309 9658 13285 13372 1780 10848 4545 7843 12261 400 2604 4089 4700 8735 4480 5078 10804 6189 7075 3427 8081 12398 12691 1642 2450 8040 2103 5998 888 6398 12429 3982 12083 1971 3756 926 9049 7388 10064 869 3667 5637 12127 8043 10028 7557 8319 1568 13351 8590 9025 3377 10700 852 2221 2365 5080 7769 10488 11452 9855 11848 3125 10579 10583 9208 10123 1879 10928 3152 5810 3430 10712 5733 6282 5417 8568 6477 6740 1925 9294 8168 8834 5415 5802 6870 8097 4720 11488 5681 8686 12078 13288 3218 8187 1172 7186 8028 10022 2047 3221 1703 4693 6971 7614 594 4293 8913 9834 204 953 1811 3442 7180 7589 4285 7816 7000 12052 6898 7988 7851 8851 11774 9846 10467 1194 2059 1103 7143 3518 12324 2887 5741 6944 9584 6158 11303 2554 6949 7043 1395 8789 886 8165 10020 10571 8433 8871 7405 8950 8650 8660 9760 3870 4881 922 4966 1995 7581 4327 4396 88 4942 406 5954 9101 9690 
8107 12868 13261 
8179 
949 1339 12787 4534 7042 1482 11903 2781 6310 4434 5995 6606 9548 6625 8404 12381 7 741 7782 9531 8262 12410 341 8826 8063 8813 10795 619 772 6156 9733 3355 9159 3541 10900 3869 9632 5578 9048 978 9753 7338 10590 12281 3745 5354 5395 8241 10849 12201 557 2251 4048 6958 9284 1281 3141 6392 3046 9890 12189 3161 9818 11240 5425 10606 10895 7055 9059 1695 7813 8848 8859 12705 8872 10933 12125 1453 7948 2439 7689 7292 8598 207 10685 1118 9083 802 4649 8056 8817 4453 10130 3973 5539 9011 2813 6742 6991 5023 9453 289 3615 4573 10289 7087 10176 4707 10442 11009 2219 7508 11681 804 8510 3006 12646 1714 3415 1534 5032 6688 8085 8418 4757 8981 1100 4458 8005 9607 1160 2948 4558 9446 5718 11507 582 11371 114 3485 6219 5056 5330 9778 10168 5608 6950 11776 12614 495 3301 7450 12031 1843 6394 9727 7114 10496 3506 3881 9457 2651 5604 3251 5648 2936 10609 70 8516 515 3282 3374 7538 11983 3919 4149 5547 10259 11315 4066 5680 441 8909 
8294 
848 9399 2735 4380 339 6390 5552 7084 11069 4409 9791 1175 7058 122 5201 3986 8999 2156 6220 1202 6836 8995 8014 11138 919 12071 199 323 2719 13325 1944 5579 2981 5602 4243 8049 10317 1484 11914 12452 5219 7286 12337 6621 8617 2159 12287 4435 7766 12770 13057 1873 12643 3130 11081 11457 12713 1188 2125 4234 6157 4529 10434 5951 8958 5371 5784 8400 11299 8214 12511 2526 11917 2484 11073 10522 13179 7923 11199 8432 13369 1044 2345 5498 11061 5374 11015 362 2705 8669 9796 8225 12465 1587 8337 13170 11353 11866 5111 6377 3979 7047 1487 8469 13301 6611 7290 9426 9518 10829 10917 8022 11629 12035 12546 13291 6538 7593 566 11283 4517 10376 1244 1396 9662 1977 2007 7463 8931 11064 2369 3230 1408 3624 2811 8293 2804 8634 1689 5068 7877 10309 3546 7240 3564 4041 4711 10211 10691 2874 10931 8645 8771 7285 7370 10460 701 7778 3401 11572 11696 1095 2085 5852 7548 3285 8286 5468 9353 60 1614 12007 1628 5508 891 8353 9144 4560 5009 2700 10747 4029 6005 4919 7929 1802 5166 144 2164 538 7169 6623 12734 119 5674 5704 5989 2217 6383 7115 11276 890 4365 4746 5420 10388 10625 2138 8452 6439 8138 12756 4398 8387 9460 1457 5629 6503 195 1165 4071 7949 8104 781 11499 3084 7325 2470 2934 386 5163 8658 10265 2659 7316 5884 10244 7283 7535 423 2242 3271 5169 3682 8098 3567 9066 10336 12147 157 11564 12444 8868 9340 11227 12392 4580 5376 3480 6549 12315 12790 1407 11806 3262 4414 7569 8367 7367 10435 9323 12811 4093 5535 4767 11077 12395 355 571 3177 3542 4750 11741 5270 7888 3051 10472 12294 7124 9371 2941 6746 9685 7828 10141 11005 12389 867 10616 9827 10444 9958 11490 4742 13031 2530 5329 11632 4817 6271 5473 8119 9728 442 11586 12325 3259 5153 1476 3138 6218 11114 13314 903 12638 5944 8456 10827 12476 1673 12999 10117 12359 5968 9718 5549 6857 2759 10144 6555 8333 1092 12491 370 7964 675 4810 1032 3431 7592 8088 460 11481 11827 9270 11384 2937 6100 8201 1199 6546 9950 6105 7193 663 6718 10823 10173 11145 1196 9787 2140 12970 3769 5820 2537 12440 1834 10975 1897 10681 5191 7717 11158 11258 2054 11652 1179 8923 115 10865 8408 12295 20 6955 6338 11721 2922 3938 5665 8647 11593 304 8791 6409 10001 208 6225 1592 6802 6543 8365 7435 9140 11198 12586 12928 2797 3535 4789 7759 3366 6545 3419 11551 3465 3962 4379 12500 1286 10189 1386 6094 8601 11053 13159 2200 12002 1178 12649 12818 661 11552 8004 10877 2355 8862 4850 8072 8858 9106 12207 636 10987 1867 4318 5437 6753 7665 2849 8393 11626 2166 3095 737 4386 5024 8494 6316 9267 5953 7805 11389 4815 9319 653 1275 133 1369 3545 9773 7335 11021 2117 12685 3279 8605 6906 13311 4571 10859 332 10263 2602 5773 8752 1637 3814 3877 6887 2858 2914 4091 8044 5456 10542 1437 6226 7080 4935 8570 547 6451 6730 9265 6835 8362 1340 10343 2641 5635 2911 8003 9069 11910 2400 3770 10603 3861 4902 9624 4320 7241 9189 10657 
8383 
523 12610 2127 3243 8953 9445 820 4054 4063 4072 7913 9065 10178 3960 4180 12475 4753 9142 8588 11526 6777 10220 8973 11977 4864 8887 40 5327 586 12309 3246 4762 1660 2272 12545 3591 7250 6633 6970 11773 5748 10739 168 3804 3997 5092 8788 175 12421 1425 4787 2025 5094 1338 7348 1506 5304 7671 8412 3589 8492 9130 11285 11363 253 4773 5204 3283 9259 11248 6902 8860 2368 8619 10072 973 7175 3360 8849 1201 8630 9688 260 1086 1107 10683 5367 10826 768 9894 10185 10733 1744 4366 2619 2729 7393 4444 5196 4721 7528 3025 10041 418 3955 5599 8386 9964 8252 11337 897 6592 617 6266 2870 5875 12178 4437 6054 1630 3797 2540 6542 8343 11509 8369 11575 1068 1155 6335 7185 2711 5831 10751 11770 592 11418 5452 6929 6963 3472 4075 6146 8869 9280 8141 10628 1480 7397 2753 4476 6900 8148 9620 1489 8552 5244 8257 2130 3651 282 8275 8334 4696 9789 3748 5294 5474 5737 5393 10806 2850 7181 7354 1698 12622 7479 7801 864 2969 3771 6429 7156 1010 2747 9483 12503 1786 2360 9512 2574 6842 5728 6558 11792 9019 11737 3210 12761 6041 6388 952 11480 1946 6090 7396 5870 7760 10546 12558 4500 9346 10943 3815 9152 9166 9736 4760 8548 11612 12357 2968 3336 3786 7762 6781 8954 846 3065 2023 8401 6300 12702 231 6721 2548 11246 1733 6151 2147 7031 3170 4664 2109 10416 3931 6373 4001 4081 5336 10341 7190 9034 11027 2038 11239 777 7276 9553 8265 9384 9537 363 3437 4692 509 10464 1104 8901 1117 6233 5305 11084 12314 4291 7157 7194 1014 9336 5677 9499 3754 4766 16 6885 514 8716 1215 12416 796 9179 3361 4085 5845 9312 10852 6763 11500 233 12175 6239 6385 1564 9026 9452 11833 6801 8042 8917 10269 563 7098 359 7419 305 12428 5756 11785 7811 12670 8101 9272 9758 9398 10432 2198 11973 4954 9898 945 1473 8608 12634 5368 6583 7110 7824 8045 11980 12341 1728 11400 1816 8190 1334 9135 7819 11085 585 5973 618 9603 4241 10485 7204 7647 12246 2078 11543 178 7725 12015 12544 12740 9889 11587 10930 11254 120 7028 7280 4741 6619 3343 6576 10722 12780 51 6446 371 3135 2596 12093 12567 3144 4607 8442 8969 9466 9981 4802 8253 6261 7347 9593 10881 542 3009 5307 7661 2294 2907 6207 7499 12483 10513 11118 11349 12260 853 11011 8120 9262 5442 7979 58 6301 10689 300 1657 9914 8898 12484 1285 2205 10321 1412 11676 1934 7568 10346 356 8446 4185 6471 5617 9868 4775 5788 8631 10267 9612 9883 8099 9860 4359 10892 6552 8093 6596 9930 8329 12448 8095 11067 1166 8357 6919 7507 6280 10935 7416 7522 5034 5542 9692 1371 7389 1656 2280 3695 7917 11709 12012 4014 5527 2481 9674 349 2220 9648 5686 9884 
8595 
8615 13105 13238 
3757 13352 4150 13409 1 807 12969 179 13115 8633 13365 9700 13541 
2253 5896 4116 5221 1119 12243 2561 4114 69 9469 822 11497 2944 5480 3843 4418 4495 7711 9233 10345 8581 10437 1751 2393 1447 2989 3316 11310 5971 12514 5027 7767 10961 1492 9006 7853 10942 320 2055 3420 11868 7485 11121 6717 8124 9193 11739 13412 1818 13294 3906 8202 9364 10607 1582 2831 13489 7144 13520 2552 3792 3879 6274 3579 4555 5754 6941 2326 11357 4510 11993 5669 10424 10807 1824 4786 5423 5157 7918 784 5478 4055 7341 8126 6396 10283 10296 12594 10885 10982 6683 11797 422 3035 682 5194 7693 3859 12995 883 6328 6414 7730 11024 4959 6332 8282 9654 10330 4037 4047 5683 12067 8068 12173 206 9843 5280 7384 2790 5638 3739 8865 12495 12592 364 2580 5942 12445 5100 10640 5983 10735 7161 8692 4941 6417 8450 9605 10408 436 3939 6830 9611 8744 12184 2077 12504 2546 3147 3001 4583 6179 11521 1887 6452 6874 10308 10778 151 9808 1950 4376 6014 8912 3613 4820 2799 10718 5058 7785 3191 7968 8525 10195 972 6178 8082 10293 6264 11365 9042 9180 9435 12039 5045 9788 5364 8108 2766 6028 4018 10719 1040 5777 12331 2173 7078 8915 10512 1588 10095 7030 8482 9109 854 7202 2037 8312 5564 6317 7445 7564 8295 1787 2718 4307 5823 1223 9389 1804 11635 11264 12665 1522 9852 12782 2190 2780 6785 7382 1604 2396 4273 11779 12238 13374 3899 4774 5636 8023 699 6229 7815 10242 1851 2595 7191 8506 6840 10969 1644 7588 12717 8256 8907 13474 7406 7955 8498 8572 11839 1204 10182 8006 11901 13264 1146 7307 12241 7727 11224 333 1187 1812 11140 7834 8544 5016 5540 3433 9448 2800 4828 4385 10198 10729 1360 3673 6428 11918 1510 10354 2321 3217 11852 3628 5641 5932 10704 5655 11731 4374 11538 44 2603 11959 4003 5936 9321 7835 9708 2618 4224 6639 7687 1212 8396 5738 12774 64 9699 2714 3704 3600 7636 1731 6979 11434 11904 4884 10929 8756 9387 3793 5485 9033 5862 7962 10642 10791 9618 12726 8623 10564 4179 4599 10379 11757 6524 9005 7570 8212 7911 9038 9377 9751 3831 6491 1796 12152 1129 5306 2438 2853 2983 12467 53 11200 7706 11787 2787 6346 5818 8518 2614 11916 1586 4627 12673 10822 10992 898 8866 5491 5624 2616 6149 6183 8828 1070 10570 5746 7477 7120 7619 2646 8701 562 10636 11284 12124 698 3520 10029 4057 9094 1325 4427 9902 9969 688 5095 5546 8561 4563 9046 1778 4205 6461 6911 10371 417 8879 277 5580 10541 1829 10949 2857 12156 6474 11181 480 9671 3479 9487 1560 2758 10465 11301 808 4923 6464 2188 5246 5967 12587 1551 9581 11294 7690 11803 11948 10945 12801 4512 5292 6416 437 7427 4131 7643 1051 2860 9014 1562 13304 128 1699 1459 2762 267 1331 3742 6884 2675 11335 3047 4281 4371 5618 7682 10830 12109 1575 3192 7147 10761 3469 10838 97 5334 4496 5026 7226 10586 3947 4838 11752 8394 10730 7207 8987 9007 2143 7038 5399 8284 9127 6772 10013 7086 7775 4770 8388 4723 8030 2155 6793 1910 10471 11667 4509 7722 12385 4716 12625 2999 5673 11358 1827 5779 7071 8458 9793 1241 2066 6123 1255 3157 12060 8515 9912 7228 7749 6920 8118 4710 9489 245 5071 2223 11836 5469 12660 
9002 13502 11510 12823 13503 10958 13375 10968 13514 
9120 
1627 2979 12890 9155 12893 13266 
9186 
9429 13286 1130 13013 13453 
9473 10229 
3107 9563 13260 13408 
1537 8527 4522 12704 2266 2347 6601 10686 2312 12538 1088 4459 4843 8267 8723 12711 833 3287 343 6615 10707 1108 4811 1612 4466 3131 7420 838 5385 11921 3363 10502 5956 6085 2847 5623 3582 10128 1797 8847 3514 7324 8870 10709 5346 6490 6974 9812 4706 10559 1240 9359 10953 2490 6038 9008 725 12008 604 10911 1220 8488 8327 11599 7869 9205 4004 4211 4901 11417 12459 286 11103 1976 7582 4989 12438 8026 12626 1997 5109 2818 12680 7584 9216 5878 5893 2728 6341 7148 11535 9748 11090 478 3188 5091 8480 8320 8758 2666 3866 10223 6922 8924 6796 8878 786 2956 8944 1211 10227 6807 12194 706 5945 1164 3329 1803 5940 5225 10007 12121 10025 11768 3826 6889 10350 11206 11726 9941 12118 10297 12571 751 12621 3289 5126 4393 8514 5857 9533 10477 11493 4821 11723 4962 12796 1121 11824 1205 2751 1998 3988 3525 4852 7504 6692 8949 9591 12710 757 5145 7423 10913 652 10132 4251 5419 6684 12473 1213 2394 6234 1265 12603 3552 11164 358 2482 1102 11261 7495 9580 2715 6750 7275 11588 1182 2843 9814 5877 6699 5569 10847 12655 3400 6111 1443 6961 11976 1722 3743 5895 9148 10019 4990 11520 1439 10060 1789 5590 7963 3108 6792 10254 12076 2650 10411 2026 3079 937 7652 9608 3075 6904 8443 10727 8925 9055 10878 12629 2707 11462 4096 7488 8794 10356 6520 8129 11097 1208 6020 10623 11590 11790 12714 858 3507 4182 4882 4321 6959 2789 3341 3201 7025 10675 11280 211 10207 2366 9415 9710 6359 9431 13 6076 7189 9402 12070 8739 9951 1899 3160 6816 1936 4402 673 3097 297 7531 6441 10177 2001 9809 8751 9682 850 1184 3123 1801 3186 7245 10094 7825 10560 5918 9475 2967 7542 5842 10660 2765 4937 9425 11049 2901 5697 4535 6995 2425 9543 5359 6664 4994 9819 1299 10212 4570 7387 5156 11722 4961 9301 11035 2622 11330 4204 11346 3590 4647 887 7612 11728 12053 12577 4827 5901 1598 10552 1623 12306 
9828 
9938 12878 13487 
10055 13450 
10073 
10395 13197 13380 
10510 12975 13107 
10574 12932 13185 
904 1055 9209 1422 9750 5261 8021 8874 10433 10456 3620 12849 1157 6024 8564 4170 5698 1619 5505 743 12696 1218 12180 3148 4334 281 331 4094 65 3063 1077 10920 1701 10401 3917 13003 866 12772 502 1293 5047 1967 9529 485 12021 6102 9201 7481 8106 9882 10890 11834 2028 7742 4705 9555 454 2991 12684 3159 3380 6166 3835 12166 5388 11443 17 908 2472 2497 2812 4674 3768 8017 10374 12372 4133 6513 4040 6997 3876 8116 9954 4134 9253 9701 2597 10634 9984 11920 1120 13244 1720 8375 11314 11675 3862 10461 6574 11837 3250 11192 3772 8754 210 313 4406 5271 5124 9697 13088 4323 4681 1664 6188 6196 10051 2320 11104 1724 5843 6167 10026 11002 2335 7884 2918 2986 3114 7096 3244 9668 2149 10131 398 10539 6386 6725 1145 3182 8591 11537 9316 10285 13400 329 4683 6714 4237 9862 3588 11926 7057 8270 9957 4646 7656 5052 10126 6855 9163 3503 13040 3081 11269 6081 8689 3439 6743 2436 3371 8776 9655 10738 574 3679 10527 3080 10400 1131 2426 4025 10069 3162 5612 4566 4939 6570 13563 775 13312 13353 12390 13326 2556 7781 4807 8554 4019 8176 9582 2712 8651 12991 5577 12145 13455 3923 4823 3428 5829 12937 6582 8853 2373 4045 9024 2696 6000 12633 849 1580 8685 5724 9235 7383 11706 3823 8000 13290 2374 7831 11624 12061 3012 12488 1135 2022 3911 3775 8207 3802 8549 4347 6201 3145 10910 1426 4982 5010 11762 1238 5021 11987 2144 9556 5310 7758 5427 8010 3752 5104 13492 3718 6817 9502 2890 11660 2744 5372 5373 4801 7670 159 6257 8741 2392 6820 6237 8349 5908 12616 7890 11555 117 12387 5851 6129 7842 9310 792 8809 11971 8183 12456 2344 10142 158 271 831 1301 616 2283 6368 6723 8471 2817 10045 11640 1791 7699 10087 11297 940 6834 1970 2163 2992 11772 2408 3228 4002 2567 5910 8032 4155 6964 6780 7005 5850 8534 4829 11154 5656 10769 11316 6423 11755 4928 5500 11545 7170 10772 11751 12690 1385 13056 5202 8637 5909 9810 3758 10749 4283 10962 3958 13289 4123 4549 6504 4416 8728 2661 12650 4926 5398 6221 11388 12112 12532 10536 11117 3785 13340 1507 4853 9838 11819 1661 8079 1123 9604 4593 6374 8445 3712 10475 4338 6494 2260 9356 7660 9451 6027 9068 4120 12056 12130 13150 676 9999 11108 11995 12480 31 1352 465 13329 2270 8627 182 791 2845 3082 12033 407 677 8426 729 4562 7414 7780 633 11519 12397 10440 11955 2299 7969 7437 12252 1847 12576 681 9628 3706 6294 10665 12982 9955 10869 1603 11692 2919 9031 510 11571 1496 7521 7996 3886 11962 4684 9388 8600 9587 9317 10378 258 4236 5582 6525 2488 6260 2689 8422 3178 9477 498 3435 4836 6184 6215 9664 4436 7034 982 9128 2533 7288 1072 10993 2045 3216 12338 1842 4372 6628 29 12755 610 5761 3116 9303 995 2808 9722 12393 9970 12628 827 9406 6128 11662 6340 10978 4198 8599 9498 91 10867 989 7728 9577 10109 4009 9696 4546 4952 7006 4508 7321 4215 12205 8259 11756 9010 10957 1815 10612 1236 3573 10767 12363 
10768 12971 13378 
10792 
5467 12824 12829 10819 12851 
96 907 2309 2501 2512 5825 13511 111 12165 2878 10375 6293 6521 5726 12454 2742 6825 2168 7473 1271 11990 5482 11059 5772 9405 7698 8765 6983 12518 6230 8635 8928 1112 8301 7295 12786 3117 4588 308 4507 9105 9172 9275 12579 3405 4228 294 1891 7874 8648 10093 10482 7394 12036 1133 13500 13561 170 1717 13547 6533 12949 12951 326 3901 43 3765 1428 7705 2626 5682 3023 3934 4984 10898 10003 11291 12543 12619 2656 4319 10800 2094 2905 6847 61 3676 5038 7239 8934 9797 11409 720 3837 1283 1702 6420 9574 6872 7271 9649 4312 4452 11718 13344 190 12732 5254 7486 10151 4543 6787 8921 2886 4013 3747 5257 6695 5902 10780 2697 8546 9391 10659 11033 12158 1276 8464 2929 4740 3526 13356 2709 6907 7052 9807 3964 13515 2587 10307 9279 10157 11403 9421 10589 840 3276 4455 8577 4482 5089 11747 7875 10431 710 9012 2478 4121 7991 12689 6052 7305 9133 5462 11339 7054 11008 2218 5267 7899 967 12080 47 2441 4792 8421 10096 1400 10067 2837 4733 8892 6818 12729 5920 11703 8417 9626 3887 5997 9204 6042 10160 2923 9583 11669 11812 6355 7798 3164 8197 1333 8385 4441 12962 1848 6353 100 6430 2061 6039 2325 3586 9091 6697 8968 3561 4146 6241 5828 7513 9191 12303 4446 10203 8330 11854 1278 2303 2235 2377 2391 2867 7323 2229 8804 11527 2684 4254 2020 11528 2126 7803 10684 12208 5534 9243 368 3242 12686 5015 6869 1825 3780 12026 5806 9554 859 10233 3142 3730 2231 4420 4044 4187 1045 4467 4794 2997 10027 3833 10202 5365 9097 5585 12793 2838 3806 10673 7883 7950 4826 10342 2895 10973 11668 5766 7602 7997 9931 10353 1666 3358 10835 12771 12809 493 4341 4584 7252 4240 4687 278 6026 8593 9636 6865 9532 647 9944 11477 711 2165 7152 7634 2670 7339 4280 10843 5162 9266 9430 2964 12694 7375 9173 11326 5293 8543 2644 7791 1023 3811 1876 3976 1691 2234 5801 2018 4960 10238 2872 8706 4526 5314 11657 11826 1681 6059 5835 10462 654 3774 6223 10742 5170 12742 11 7678 955 1943 7155 7864 10903 6724 8019 5112 10705 1585 5659 10204 5135 11946 416 2184 12434 3197 3805 6154 8778 6982 7039 7603 4448 5105 12508 3048 6670 8827 10257 2246 3149 4419 6716 12791 3319 7926 4074 8128 5002 11919 165 11441 5173 9535 3137 8540 3562 4637 8998 5362 8363 9875 469 4210 6469 8326 6814 11298 2499 7310 2763 4504 2480 9907 9390 10630 764 1658 1779 6444 4263 8485 12611 969 9790 11989 7489 7787 1795 12784 3957 6578 7279 9963 11376 11654 13310 9947 10251 2938 10063 1690 6117 8346 10828 6779 8208 369 1079 11531 9414 9659 4193 11670 11332 12748 965 2891 3475 11012 11859 10690 11922 1343 5022 1597 8180 10553 9035 12206 4633 9764 564 11672 4337 9363 10134 1527 10032 
739 1311 3112 3663 4238 9413 1013 12364 3293 6894 7669 1318 5699 9923 7751 11275 3423 11096 8083 8489 10463 12606 1351 5752 5764 12275 8547 9762 4532 7377 3637 9633 8287 11981 6079 12708 5458 12380 3713 9368 7920 10056 7934 10111 4065 12087 116 7016 7768 8016 10349 1645 10844 172 6099 1516 5900 1915 3436 664 4638 7876 7765 8192 110 6516 1024 3900 2610 5264 4589 9509 3458 5923 8037 10125 4575 10680 2517 12245 7212 12618 4677 10784 8064 9015 11451 3280 11633 1920 6810 7210 7368 7861 1951 5905 24 4494 3653 8947 625 11887 1625 6819 1662 8982 4165 5487 10039 12654 4163 11745 901 3184 1886 3892 236 5220 10422 2071 7261 2279 2976 3342 9991 11786 3734 11328 8578 12283 5703 8610 11468 3967 4868 8670 8688 10668 10979 8495 11127 2269 9285 6899 9740 4752 11282 11517 9307 10171 12517 1475 9913 550 3936 8031 8429 11649 2998 5017 3922 9856 8211 12368 1075 9619 2289 7203 2452 8974 4266 4572 7519 7697 173 5941 12559 4058 12222 
244 6197 13530 1116 1169 10232 13091 129 5757 549 3954 11598 36 6306 2357 3945 620 4348 6822 10102 8304 10156 9434 10059 11222 2943 7372 6773 7168 2605 11311 4302 7930 1359 8161 3914 12009 7244 10017 3261 4315 5807 8675 1849 3763 2560 8833 1289 11689 183 8753 2835 8592 640 4100 4287 4164 12736 683 3527 10985 6703 7972 1821 8856 2617 11455 2082 4369 8359 12161 12183 3376 4567 9073 426 5472 4412 6011 4835 6594 5003 6069 3487 8438 2921 10421 1430 9586 12437 8186 12334 4734 9590 959 6195 9136 10383 3921 8137 13129 6472 13111 13274 588 8748 13343 4622 13147 7118 9239 13448 6704 7425 5001 5256 11701 12521 5886 6186 9536 11385 1902 11685 1170 13050 765 1493 5076 12092 2204 2752 3434 8199 9589 912 4142 8963 287 3208 1056 3856 7421 7591 9124 9972 3087 8553 5424 9071 11759 12453 6598 12597 2642 4885 13212 121 11323 816 5946 6101 7500 5263 8933 763 7523 11503 7278 8612 9062 9305 12409 1393 11393 3486 6722 12862 776 11734 3999 6232 12014 1057 11627 
11602 13125 13231 
11746 
263 8573 12589 5174 11511 1347 7933 181 4938 4296 7983 9192 10187 10080 10175 956 9679 10024 11638 1328 3470 6047 10457 3146 11356 8935 10983 11438 10002 10575 963 7746 2176 4106 11361 11217 12040 1019 6017 4609 4632 5921 8532 11377 11655 2293 11063 3927 7299 225 855 6539 6727 1672 4991 10666 10593 11017 11212 1376 4846 3851 9441 12379 459 10701 390 2505 5541 2760 12308 10247 11569 2102 6480 5812 6456 5340 8567 1674 4860 6676 8008 1207 5235 1620 6299 3040 5729 412 4764 5931 6065 8115 1574 5574 3286 4481 6333 1098 7412 8583 1110 2985 7676 4515 9088 1593 3202 1807 7328 451 1837 5984 6856 7713 12487 1906 10332 1707 12802 2716 3666 7817 8242 12612 2060 2635 432 10453 3801 10320 2050 5630 1143 10286 882 4232 576 5722 5107 5231 5950 6381 9075 11974 1198 4533 3992 12789 2403 8230 10270 3124 5331 3043 9245 4342 9928 570 8091 3391 3974 11115 2401 3000 7796 9617 1049 4289 6831 7001 6500 9087 2495 2658 7264 8411 8980 2686 9847 1031 12693 344 8565 6019 6496 10191 490 10256 5431 6382 7231 10413 1403 5069 3728 8951 214 3948 1433 4362 758 10053 7139 12209 2419 4124 7331 1046 7829 2137 2503 10276 6365 8726 41 596 7457 5150 10523 202 1581 769 1501 4932 1094 4475 3577 8589 4443 5446 4805 6923 1151 6849 6498 7971 12091 5780 6691 2352 11429 3022 6470 2108 7355 8551 2880 6170 11936 12536 7306 12401 5000 8177 2089 6029 2959 8167 10368 4673 10674 3466 5822 11237 6987 10245 12706 3530 5643 12520 613 8277 1025 7167 4108 6600 12354 2767 9729 6278 10490 1491 10503 8642 12094 1684 12105 1136 1913 4730 11028 11151 4816 4921 8441 5226 11568 4309 6942 2585 6663 9505 11754 1726 9676 10507 12806 11362 12235 727 8943 1822 6928 11844 2721 4799 6666 2105 6187 188 8420 4262 10816 1229 5198 2291 6318 483 11209 5101 8123 11414 2733 3968 2881 9523 3987 5883 4542 7615 8785 11278 6554 12783 3818 4951 5380 9099 1890 2491 1738 5917 7607 1307 7901 1676 3220 6089 1225 2772 9888 10170 1692 11345 1060 1932 1961 10246 11373 12743 4168 6765 10381 12402 4340 8066 2840 4728 8517 10136 2182 7708 12632 7158 8092 8972 11735 3163 11881 9308 9419 4949 10162 262 8667 3576 11329 1193 7102 8430 10047 7267 12750 5987 9375 1883 7223 11693 6678 9344 259 535 3608 12113 3707 9100 3240 12515 5120 11867 
11870 
11888 13377 13551 
1526 12408 925 12751 324 3970 7454 7556 8344 11702 5253 11250 2158 2338 9601 3036 5864 4465 8910 12146 9670 12651 8609 9558 1243 1529 2076 8941 1076 7810 11516 2199 5916 2457 5159 4130 10706 1137 1474 1871 8842 92 2519 7709 4099 7257 8884 9374 1421 7461 9709 3619 10218 2262 11351 7993 9392 6086 9202 2006 8661 9917 5765 10856 11532 1066 2416 4996 8105 573 8468 961 6169 5891 7026 1792 12242 3151 3444 7448 3059 12332 7163 11177 12375 7871 12346 1820 11412 468 4190 4641 7125 1911 9919 4839 9564 1373 7296 8922 9404 6866 8051 7237 8111 3344 8767 10357 2014 4965 5996 11180 6667 8316 5514 10391 2372 5849 10863 3809 9463 5959 9995 11386 1814 12615 9177 11171 11230 11132 11970 13030 1303 4059 1368 9501 5781 8939 7715 7999 2915 7044 9332 4358 7009 10721 11802 1358 3245 6685 9573 2502 6367 30 472 8185 311 813 3686 12529 7653 9610 462 3422 7598 4577 6784 7998 4784 10793 7077 8708 4188 6990 1168 6739 9110 11472 9293 11928 11985 491 7512 1018 11170 1152 11070 5066 5711 862 6966 1633 6888 4564 8643 9771 11972 553 10450 5208 5676 2432 10492 5240 9606 1828 6208 2382 11831 2528 5907 7605 9712 11058 2447 10070 3512 10044 927 9830 12566 689 11309 11408 112 1181 1465 7133 1763 3601 5030 2570 6227 1337 5653 733 3495 5553 10449 2261 8053 140 6510 5287 6711 2636 8503 9412 10339 10635 11799 5065 11427 1800 10670 8290 11969 7577 11553 6013 9401 6408 10573 7487 8959 2572 12753 13042 1933 3093 2834 7666 8512 1808 11875 1037 6556 1415 11188 80 1176 7585 4335 5428 4410 6783 9197 12142 3991 9422 3409 12069 2717 7008 8621 4325 4886 5046 5871 512 9492 5429 6314 7637 8213 6192 6404 1203 7256 11680 4819 6198 11107 7956 9081 5275 6231 9070 7904 12534 6251 7062 11113 11775 2135 6190 9277 2940 8877 3298 12757 6571 13389 226 2128 3317 4814 5114 7501 8074 1064 7106 9386 4861 8821 9206 11658 11815 141 6263 3226 5228 11095 298 4016 4076 8698 7850 12898 13510 7617 11540 8687 10499 11937 1221 7822 6980 7395 12028 4408 10012 5730 9032 8629 12396 1234 4098 5212 3168 7478 1141 1948 2829 4384 8237 3150 8245 3375 4473 7860 8940 12767 3791 7770 4778 5262 2210 4432 7373 10119 13446 7503 12835 13245 1926 8673 1682 12792 1845 13021 4295 9057 4702 6626 12943 980 6568 3269 13063 2722 7429 8824 10584 4988 5258 970 7422 11302 5502 5507 6270 7942 11226 11950 2236 11066 6954 7655 11191 9320 10566 7091 10960 3268 3709 3994 11873 593 5176 3389 6975 526 3635 2740 3484 6431 7104 9236 4944 10243 2318 2412 11184 3632 12724 4208 5116 3086 6967 1576 6062 9798 9897 10694 2189 7961 5381 9138 10720 12232 
12098 
12135 12966 13028 8136 13171 
12141 
3885 12812 383 8152 6977 10526 5511 8750 4324 11634 810 3593 1504 3449 6838 3294 10641 3569 9276 900 11712 1975 12182 4528 10369 1650 6438 6788 8114 33 1819 6867 3222 6323 1572 8035 12631 12800 1515 5751 3677 10649 73 911 10861 1479 1687 4751 5118 6326 7906 5273 11733 5441 7149 303 5252 2222 9885 1864 7247 3784 5688 5709 8736 1552 5499 5961 7023 8694 11986 1006 2209 3977 4079 11465 8677 12230 4619 11934 12590 142 6202 1455 4970 354 4489 243 2965 3621 8255 747 5525 789 9559 1533 3379 3711 10832 5152 7970 6581 8007 9051 1680 7069 12443 10901 11094 11392 312 6800 10845 1556 12738 12760 7064 8455 10572 11166 12378 1881 4493 942 4992 11530 3984 10333 569 6861 9263 2994 7260 8604 4914 10713 7691 10652 4812 6344 6709 9731 11845 759 6690 2041 9544 3462 11932 1038 3143 8802 10249 12191 9261 12197 4561 12853 7563 7985 3098 5583 1440 5974 9037 11909 2826 12353 3556 6402 8142 9571 4317 11953 2290 7002 2832 3647 6155 6193 9064 5576 6649 12278 98 8033 8523 11032 2479 11764 13133 795 9365 915 9396 3199 12866 13415 10763 13039 5833 6599 9013 8147 8740 4824 10938 402 12224 6321 9745 2411 10638 4514 5062 10972 1626 3091 9497 10999 10344 10802 109 5295 7312 11489 984 2581 6148 3640 5249 7632 4039 7141 8841 5404 7329 9647 1615 7105 4597 10310 1875 6427 6194 10011 6868 9680 8997 10614 266 1965 2755 11448 2240 3908 12749 4785 10915 429 12068 4235 8838 2928 7289 1247 8837 3171 10183 4425 7980 2935 5846 6636 5855 5960 3729 9705 12006 3132 4062 11004 2215 11446 3529 6045 8894 10200 2136 9027 8790 12574 2002 2652 56 3089 9214 10839 2679 9609 10504 2330 5155 11236 1499 3111 2577 9086 5392 7067 2975 9713 12108 2074 5018 139 5962 8392 6527 9849 3607 11173 4635 5988 6462 10782 3062 8584 2930 5868 6528 8526 2601 11228 9053 12672 8020 9474 5888 6641 9567 2777 11054 1134 8322 4246 9652 2442 2995 3167 5282 2033 11940 4255 11304 9212 12813 1782 9721 6110 8957 10078 4927 10159 10446 2654 4617 8535 11885 12431 612 3189 7627 8697 1332 11748 7217 7745 7986 11738 12330 641 3083 1571 12011 3331 3468 10926 3935 5649 12430 3451 3690 8876 9411 9857 11899 2395 11906 7674 10386 6917 7847 9022 12361 3450 7524 7616 9965 10034 1233 3668 2211 9545 2783 7583 6397 7629 2792 3708 2475 4907 4299 10610 
12351 13043 13130 
12436 
12542 12861 13513 
12556 12871 13226 2630 12865 
12573 
731 3753 9936 301 4454 37 5874 162 3004 2515 7136 615 9851 4404 11331 5348 10922 2107 6164 8614 9775 5084 8948 9207 1494 5072 11381 5471 8249 10394 748 6181 2343 4272 7132 2990 6242 9820 7483 10495 153 7880 801 6449 89 152 793 2017 2821 11379 239 10303 1039 11498 9288 11208 2390 6638 9802 3118 12746 9118 11767 696 12140 1305 1573 6620 9437 836 7003 8102 8993 11554 6795 11642 4754 5972 11908 2514 12101 6442 6804 716 8639 2798 6077 6337 6161 8902 5447 7533 5555 6541 5093 5808 1721 11281 12159 1841 2745 8961 11991 12688 2446 3850 215 10124 2764 12605 6665 9770 221 2945 458 3041 1621 8955 2977 5625 4421 5131 5199 11051 4701 9050 4431 5237 10480 1460 5734 1378 2378 84 5175 7281 8956 9575 1295 5985 1528 7353 2575 4056 4729 5797 8232 11894 3650 7470 12226 9282 11046 5409 9616 10841 1375 5518 6848 10122 818 2046 1216 2668 9600 160 11625 457 8054 11204 544 8057 1450 5149 8857 2030 4735 3445 11099 7187 7337 3002 7242 8413 10392 504 4247 2768 5036 2846 3100 4073 9686 9126 11800 4660 5865 7446 11460 11978 734 3750 6984 3925 3961 6584 9896 8146 12107 5735 9836 3443 7527 4686 11406 4401 7013 7107 7494 7779 10147 2174 7736 413 3447 9622 6115 10415 3058 12202 3995 6965 6547 10079 2710 10679 6342 9403 5035 10919 11218 3781 10716 7399 8231 1969 4613 4176 6277 5358 6380 5898 9716 12288 4931 5215 7546 3496 12572 5067 10231 8402 11998 5366 9252 9095 12000 2925 11440 3896 12412 5302 5662 12301 7251 10448 11567 7411 9916 730 10120 540 3247 6672 6281 9661 8873 9998 276 2121 2555 3832 9084 951 9338 3499 11547 1725 1860 2111 7349 10534 450 5188 5919 2655 12386 2097 4297 6443 6895 11570 9122 9741 9866 2961 4139 4469 5123 5838 6605 8291 8038 10038 1649 8448 690 987 6098 8784 7586 10591 1254 8058 9927 12095 12695 
5872 13146 13490 12758 13463 
12822 
12826 
11459 13037 13321 4077 12827 
12828 
12830 
12831 
3115 12836 13496 
7490 12839 13195 
12842 
12843 
12844 
12845 
12846 
12847 
12848 
12850 
12852 
12855 
7036 12857 13078 
12859 
12863 
12864 
12869 
12870 
12872 
12873 
12874 
12876 
12880 
12881 
5063 12882 13293 
12885 
12888 
12889 
12892 
12894 
12895 
12897 
12900 
12902 
12904 
12905 
12906 
12907 
12911 
12912 
12913 
12914 
11684 12916 13529 
12918 
12919 
12920 
12921 
12922 
6586 12923 13392 
12924 
12925 
12926 
12927 
12929 
7642 12933 13507 
12935 
12938 
12939 
12940 
12941 
12945 
12946 
12947 
12950 
12952 
12956 
12959 
12961 
12964 
12967 
12972 
12974 
12976 
12980 
3941 12915 12973 6308 13116 7111 12983 
12986 
12988 
12989 
12990 
12992 
12993 
12994 
12996 
13001 
13005 
13006 
13007 
13010 
13011 
13012 
13016 
13017 
13025 
13026 
13029 
13033 
13035 
13036 
13041 
13045 
13046 
8234 13047 13368 
13049 
5277 13052 13220 
13059 
13060 
13061 
13062 
13064 
6839 13067 13379 72 13333 
13068 
13069 
13073 
13074 
13075 
7651 13276 1647 13076 
13079 
13080 
13082 
13084 
13085 
13090 
13094 
13096 
13098 
12554 13099 13480 
13100 
419 2131 2693 10860 8890 12537 3515 5787 12451 2237 7532 12110 2692 3284 621 7638 931 9439 28 246 10061 2160 2398 5679 5713 3952 5455 2955 7545 32 5144 11382 7541 12505 3042 6354 3687 10164 11052 11235 68 1855 686 4479 1512 1539 6415 4411 5349 7357 12151 2258 7282 5566 12676 9039 11549 3055 6735 9703 707 12808 143 5303 8586 12541 868 10272 10600 11945 3119 10994 2016 4306 7492 123 11266 3864 9004 5598 8587 378 8558 12699 5438 9650 10035 10441 8096 11091 2104 10149 1909 2756 5255 12700 2098 9997 2949 9322 11020 3633 8780 534 8181 9837 11777 8060 10184 10528 3223 3810 8377 10426 11426 12620 7668 11798 575 8985 8682 12499 10866 12433 13053 2513 9255 4906 5137 12585 1105 9542 9349 10292 11956 2776 4006 6163 9959 497 3315 3393 6379 108 10062 2115 6276 8156 5755 9092 1823 11165 456 5837 589 2634 5113 7594 9926 639 2086 4854 12373 687 11214 1500 5167 6087 1567 9939 2305 5836 4197 10066 1002 9945 2196 3396 3321 8273 8050 9510 8364 11286 13126 8695 10264 13143 1817 10662 12840 8278 8461 3731 10989 6757 6770 9458 11435 3233 11835 13206 2892 7176 10677 12046 1884 2233 4333 9131 2492 9362 1700 11341 1259 7561 3403 8472 1931 12455 1005 12289 2741 11150 5607 8296 8360 2830 3441 8415 5571 9484 449 1488 6048 6063 11742 1020 5300 1468 7269 1737 10241 3310 8654 8781 9956 10237 11267 74 3873 6523 9373 12423 7081 12464 1217 8732 577 9230 12075 3618 11512 4586 11182 4257 9780 59 2691 11891 1959 4413 2565 9125 4899 11255 13473 203 7236 3538 12527 4171 4744 9715 10351 4261 7936 8704 9408 1029 8746 3787 6275 6617 10801 9918 10287 10916 8139 10255 2598 3214 3696 7804 11710 13101 
13102 
13103 
13109 
13113 
13117 
13120 
13121 
9858 13122 13135 
13124 
13128 
13137 
13138 
2876 13140 13249 
13142 
13144 
13145 
13149 
13152 
13153 
13155 
13156 
13157 
13158 
13160 
13162 
13165 
10888 13166 13189 
13167 
13169 
13172 
13173 
7707 13174 13444 
13175 
13176 
13177 
13178 
9047 13183 13275 
13184 
521 13081 6097 13187 
13188 
13190 
13194 
13200 
13202 
13203 
13204 
13205 
13208 
13209 
13214 
6410 13216 
13217 
13224 
13229 
13233 
13234 
13237 
13240 
13241 
13243 
13247 
13248 
13250 
13252 
5483 13254 13319 
13255 
13256 
13257 
13259 
13262 
13268 
13269 
13271 
13272 
13273 
13279 
13280 
13282 
13292 
13295 
13296 
13297 
13298 
11496 13299 13313 
13300 
13302 
3304 13303 13416 
13305 
13306 
13307 
13308 
13309 
13315 
13316 
13317 
13318 
13320 
13323 
13328 
13330 
13331 
13332 
7673 13334 13523 
13338 
13339 
13341 
13342 
13346 
13348 
13349 
13350 
13355 
13359 
13360 
13366 
13367 
13370 
13371 
13373 
13381 
13382 
13384 
13385 
13386 
13387 
13388 
13391 
13396 
13397 
13404 
13405 
13410 
13411 
11014 13518 5619 13417 
13418 
13419 
13422 
705 13424 
13425 
13427 
13428 
13432 
13435 
13436 
13437 
13438 
13440 
13442 
13445 
13447 
13449 
13451 
13456 
13457 
13458 
13460 
13462 
13464 
13465 
13466 
13468 
13469 
13476 
13478 
13482 
13483 
13484 
13485 
13486 
13488 
13491 
13493 
13494 
13495 
13498 
13499 
13504 
13505 
9519 13020 13230 2573 4022 13227 1584 9170 13265 10036 13506 411 13552 
13509 
6267 13512 13550 
13517 
13524 
13525 
13527 
13528 
13531 
3912 13532 
13533 
13536 
13538 
13540 
13542 
13544 
13545 
13548 
13549 
13553 
13557 
13559 
13560 
13562 
