0 
72 13333 
76 
131 12854 13210 
807 13365 8633 9700 13541 1 12969 179 13115 
338 5664 2371 6343 8711 4620 6662 12817 6693 9121 1042 12181 4540 9727 2486 10023 4748 10746 700 4666 7243 467 933 8722 3853 8348 3839 9723 4388 6375 4943 6833 1963 10648 11378 8507 12640 1734 9273 3890 5592 6204 12432 4557 6530 10923 2667 7744 551 2342 13267 1545 6445 2841 6805 556 3015 7680 93 5088 3933 4755 5584 6532 9641 10014 771 10933 3030 10521 10306 10696 1854 7518 3122 8707 10585 11112 2329 8976 4445 10561 5578 9632 5012 11736 742 9615 3541 5351 8221 5611 7944 132 8916 9772 6255 10900 1008 6994 4005 6822 8220 9719 7792 10089 1089 3275 4779 6569 8848 11513 7074 8872 6394 10621 8761 9314 9516 12171 1741 9596 3869 11368 1388 7317 7453 812 11580 264 986 7913 11249 3664 8203 4551 9011 3829 8279 8462 8774 12003 1830 2132 10655 1003 2386 1987 4107 3540 5597 12486 872 889 8325 2688 6114 7424 5859 8403 3092 12096 3985 10520 11883 5661 8720 10776 4662 9673 10292 8181 10692 11851 18 5343 826 3072 2049 2317 1190 3309 9968 7580 10693 8366 9538 4356 10891 13433 7053 9065 7352 9297 10178 998 5981 1284 7639 6140 7549 3902 10430 6082 6363 11805 12316 1052 13221 7040 10127 6121 9743 4618 9989 10703 12079 6454 9730 6927 9832 13193 1359 11311 5807 9589 5539 8675 8963 12901 1080 8867 2586 8112 13354 1755 5516 6744 8109 7265 11036 9325 11878 10543 13420 1610 3610 5433 7258 10750 506 2032 1893 4322 6292 1466 8376 646 3019 4929 5567 10445 6051 9572 3808 9395 10277 10582 11405 755 1862 9877 430 2139 10688 10169 10831 9755 13066 10031 13095 2043 4308 4924 12442 5622 6283 10217 6450 7196 240 6999 4245 6661 10186 3161 4552 11407 5591 8096 10723 12620 2334 4423 9150 11342 765 3434 5794 10163 3973 7591 8553 12453 9818 12423 6644 9646 11146 12320 9959 10393 11891 575 10866 11744 12400 1648 9602 8929 11419 607 11992 2513 7943 11518 1105 7474 9255 11798 8985 12499 11253 13053 912 7689 4142 5424 7174 8199 3087 6991 2752 4315 8682 12433 7692 12607 5475 9198 3498 12323 
360 12893 1939 13347 9155 13266 1627 12890 2979 13361 
374 12931 12978 
404 13413 
4309 5470 9302 10555 11818 458 10120 7097 11440 1832 10501 730 11151 993 3038 1555 3457 4274 10209 177 5657 778 2430 3659 4782 12681 9720 12436 2468 8150 11494 11900 12231 6829 10618 3041 3440 7041 3951 4256 4855 6007 695 10558 4591 5521 9481 2588 6799 11028 6548 10162 5067 5110 391 6713 4976 11584 5966 11998 4166 7958 5572 5634 11466 13092 2871 11791 3464 10622 543 8383 5350 8676 9438 4877 8145 346 8159 1171 4160 9971 1605 6559 5685 10651 13127 3234 11023 12293 753 4082 12954 1257 6008 8476 10757 9996 10588 12047 2539 6455 4136 4980 1321 7059 1312 3292 3264 7361 8656 10219 2364 2660 8861 3154 3665 6206 11897 1917 8254 10789 7137 8500 2951 13222 13452 5816 11808 1935 10483 2257 6337 8162 3932 10236 11295 5426 7208 12877 113 8893 10932 9614 13015 642 6043 9153 1942 6389 1705 9933 6767 9585 1324 2005 10650 107 5477 12533 2194 9479 7371 8441 9844 546 1718 1730 3174 3830 11144 5929 7712 1258 7845 7401 8140 401 2228 3359 6122 6675 12347 10348 11843 1150 9079 1676 12085 10192 12820 10398 12132 8889 10663 1665 2024 7729 8354 5136 11939 3303 5049 10493 7607 8625 8523 11032 104 6240 6682 6826 7543 3220 4951 6914 12427 7922 8539 7020 7551 5917 8218 3595 9099 11390 4816 10170 2647 5523 3324 3325 5380 12235 1225 5042 7048 9888 12805 6610 7945 1116 7244 1999 8395 284 3954 4781 8971 9351 2290 7168 5001 6197 10232 13091 13530 36 244 9536 620 8753 5256 7425 11932 2965 3143 6690 3462 9544 549 1169 12191 7002 9064 3199 10763 12866 13415 9396 13039 354 11392 243 747 2041 759 3098 7149 5118 5441 915 12197 5525 8255 2733 4949 2772 9375 1883 5987 535 3240 5120 4848 5226 259 12113 1477 7615 3987 9523 2491 4542 2881 3593 483 5101 8584 1193 8943 5801 7102 12581 383 3707 2222 4921 3968 11986 727 8430 10047 10118 12806 2835 3071 5526 11598 1440 5995 3647 10017 11428 5583 10362 5771 5974 6323 10249 11385 11733 2832 9154 5757 8147 5187 7200 4154 10538 5129 8986 11398 5833 9013 11867 1427 3349 5412 7763 2202 5213 98 8307 1307 1738 3818 6089 6309 6776 1890 3614 7267 11568 795 11764 2479 9365 3621 8033 12278 7901 8740 13133 7223 11693 9687 12750 7069 9885 5252 10526 303 6977 8750 2826 12186 6193 6511 6554 6649 6678 5576 6599 9100 361 6791 19 2058 3544 3278 6736 4623 4891 2050 8785 9638 12520 9676 12783 7050 12525 12539 4974 10054 4162 11362 680 2945 8532 8955 9717 2080 11300 5693 9490 2060 6987 9820 10245 10507 11278 
10 4395 5259 6422 10624 12108 2112 7980 4724 7067 2330 5962 4425 7358 12406 2240 3908 7289 649 2935 5856 3089 8217 224 9003 10879 11690 2987 9400 3394 4342 587 5325 6752 10846 8122 11525 8474 8766 9865 10108 12326 461 12361 3034 5020 11304 11467 5960 6110 11906 6286 9022 7572 11760 3331 3468 6397 9214 474 10839 6270 11795 3288 8837 9653 2623 11458 5285 6339 2002 3252 9576 9705 762 8850 7443 12192 694 9949 1093 9946 7908 9776 2868 5004 130 693 8779 6854 9385 2084 10355 1777 3073 2285 2819 4292 6365 248 5142 7667 11884 12116 3534 6130 6484 7894 10825 8247 8713 1472 9870 11607 12371 1296 4152 3068 3767 10875 12653 1134 6462 6527 12068 4246 6528 2928 11173 2652 8790 2136 10504 2215 8020 9647 11446 2638 8310 4785 7544 3306 8920 5855 12006 12635 1054 2783 7629 7142 7230 2 7704 2252 9021 9418 283 6705 4248 12596 8994 10547 9212 9666 7376 8489 10463 5295 10802 6302 6899 9740 10915 2778 6824 5155 7977 7235 9027 109 6931 2464 12606 10316 12063 5513 7312 402 11489 56 12224 12574 2483 8069 2433 5887 8537 12249 11873 12803 1544 6967 3668 4052 944 4605 7297 8816 3268 9081 10357 6800 10824 7294 10845 7422 11226 12724 11810 12760 1479 12631 7906 11909 4751 6868 10861 8455 10649 8694 9652 10782 2601 2995 6438 7985 9567 11634 1650 7064 6326 11166 2544 7942 3389 8996 5499 11054 7509 9138 139 3607 1033 7975 1233 8035 5647 6659 486 5846 1229 7023 7829 576 1499 5198 5988 1726 2176 7708 5883 11414 15 2209 3111 5392 1143 10183 3171 5719 4232 9559 7331 10320 1533 10832 3608 5511 789 8486 3711 8831 11270 11761 3977 10468 9550 11465 3385 12477 3379 6581 6072 8007 13038 142 6202 10580 1006 5381 5377 7628 2577 2975 1515 3784 3990 8736 5688 5709 11094 6782 13072 4489 6988 9051 10901 4619 9086 7247 12590 3963 4970 5804 11592 1552 3062 5502 5961 5751 12232 6709 10694 7961 8824 9352 1680 12443 1864 3677 5273 9053 12800 1687 2189 6062 9897 
682 
736 
427 973 1985 8407 2384 8386 34 4896 11444 3335 6369 2615 9881 3828 5559 11611 10065 10409 895 11038 2673 11529 3399 11968 5172 6243 5209 10235 9867 10678 5379 8542 536 6245 21 9287 2268 2761 4444 418 3170 6023 8552 773 1798 6399 2130 7528 5244 8630 1744 12297 2292 10544 12776 6214 6672 7089 198 2627 75 125 10794 2724 4252 3685 4053 3551 3658 691 6892 10091 11691 3353 7611 8077 5361 11631 938 12307 2351 2885 12213 2558 5937 2869 10775 5019 6311 1383 7511 9767 2341 3411 5707 327 5083 1361 4476 8414 392 5317 1405 8435 8562 3844 4624 3692 8184 3656 10385 3897 4940 2375 9240 2963 11743 5200 9657 8110 9962 1167 5074 6531 10708 3010 7211 6191 8130 282 5599 1274 3360 12106 1486 9964 7679 12170 5926 10770 6250 9824 3521 12139 4629 10403 11260 11996 5879 11126 4483 12412 3210 6001 7322 9019 10352 1480 1489 8257 8274 1249 8729 11683 11018 11807 6071 10565 10773 425 3860 9001 2035 11676 4953 12794 4925 10889 10892 5934 6320 8479 11947 3592 11037 1285 12264 12622 5316 7738 414 5789 6080 11044 1380 6612 1698 2750 3651 1590 10081 2753 11766 4696 6900 5294 7031 12702 3815 9620 8095 9789 10902 8446 11491 2051 8275 8548 9152 8148 10576 1934 11219 6471 8431 9914 1657 12761 2970 8188 1115 12404 8898 10129 1412 10966 2734 11977 3972 9229 12411 4864 6041 166 10955 1863 2815 3953 1946 4541 10546 6388 7760 9758 10790 6291 12558 356 8093 8099 4845 10021 6236 12639 2362 8504 1980 4220 5930 8442 7364 8631 1921 3848 496 10912 4054 7724 8303 7788 7827 5090 11350 820 1371 7197 3855 9241 5686 12678 665 9975 2297 11515 4958 7595 5288 9500 1880 11816 5598 8587 11871 12636 1166 2637 8664 12042 1444 7253 1745 5182 2244 6057 9903 539 12780 230 12012 3648 6509 6919 11709 4185 5737 6280 8382 7507 12484 585 3857 5034 9692 12160 5973 12246 349 4014 2206 5542 11833 7416 12670 761 1686 1868 9737 3597 9089 4216 9286 5183 6882 12218 8338 11233 4366 11047 1889 7554 9864 8891 8952 433 10765 1595 9176 1928 8251 2619 7479 280 2264 2067 9894 2208 8649 718 1304 5037 12362 7794 11846 4135 7685 11234 1523 5809 8451 11750 3070 3254 6426 7219 8991 12492 316 2529 3724 8041 9569 5108 10058 5880 9688 7801 12350 8475 8849 10041 10752 10826 11079 3025 7175 10943 4279 5870 4500 6090 8860 3283 7393 8252 923 5189 5117 12580 750 768 1163 9315 1201 9871 4405 11080 5501 12470 12797 9966 10075 1344 6902 5233 5586 5387 9621 5096 10185 10733 10313 11424 2445 12355 
1027 
689 5849 3809 11309 4432 11230 2210 7478 1168 12792 7461 8940 5212 6990 10391 1234 12242 3168 6556 7503 12835 1037 7998 4098 8757 7860 13245 1808 10635 4188 11472 421 1141 8673 2040 10119 13446 169 1682 961 10604 3791 4778 1641 12507 1871 8842 10492 10863 1415 9374 8708 11985 9293 9606 7044 11928 3409 6739 9110 2262 6086 1064 9202 3686 10218 10706 6233 12529 776 11734 3999 4835 6232 8612 1483 6169 12069 1926 7770 8237 1057 11627 1056 6722 12014 7373 9177 11171 11132 11970 5461 12615 13030 2617 12687 121 9062 1393 4412 4363 11203 2731 8628 7659 11223 11522 12394 7015 11404 1289 9274 5827 10425 1821 4269 8298 12321 911 5507 1576 5649 6203 1881 12738 970 4988 4208 5116 12430 981 4992 11530 816 11503 683 4567 5258 10652 11799 6101 6227 2570 5065 6703 7260 3527 11427 2560 4287 6186 8856 1902 9037 5472 10421 5886 9731 8802 11701 927 2372 9412 1337 3991 5653 9422 312 7605 2528 5428 8503 10339 11680 2382 9663 733 6783 3709 5165 9401 8959 9463 1504 7359 33 3222 2781 12182 949 4544 6704 1819 10602 11455 12521 7695 12378 7931 11372 73 9869 12172 2605 3914 129 4302 3921 13129 6472 13111 13274 7118 9239 13448 4622 13147 1430 8137 8186 9586 8304 12437 3945 10102 2204 10156 7930 11222 9434 10059 426 12334 1763 10070 2921 3601 3487 5030 8438 1465 3495 7133 2994 4812 8604 5946 11845 588 9073 6011 6594 8748 13343 2834 9805 112 10044 4384 11875 290 6141 10946 1445 1814 1948 5675 8762 10508 1203 12566 5907 11302 553 7757 7008 7560 9210 9915 10805 1181 8512 6195 9136 10383 1176 6507 9360 5429 7256 7500 11323 1556 7523 3512 4335 4886 8621 6395 11630 640 12161 959 2003 2936 4100 12183 4734 7278 8909 10609 5003 6069 6867 10369 8056 10402 2357 6306 9124 11870 3856 9590 9972 183 4164 7538 2651 8833 3282 4348 7972 10985 3374 12009 8592 12736 
1197 13018 13242 
1263 1570 6075 
1264 12899 13516 
1277 
1495 
1558 
1584 13265 9170 10036 411 13552 4022 13506 9519 13020 13230 
1683 13287 13526 
1739 
322 4832 1525 5605 10808 295 8065 2100 10896 830 6330 1109 9566 568 3996 4657 4863 5301 5731 13054 4916 9074 6812 6998 7940 5543 10549 3205 13555 1989 12624 192 13213 1810 7840 9513 13281 5245 5457 147 3113 4087 7932 644 4498 10656 11019 2704 10907 7430 8992 7935 11147 352 2725 3382 5342 232 11541 1004 6603 6655 7233 7939 1736 10918 601 5086 2062 3008 1067 11242 4 12358 2788 8863 785 6794 11645 306 1509 1127 7526 3003 4536 8596 4015 11461 1760 6658 5133 7095 2052 9527 222 4964 4998 5506 10754 12896 3905 10779 12837 4118 12838 388 11236 8308 12048 5563 9223 11981 12494 4806 9631 6565 6720 212 3555 834 8389 11514 3558 5018 2286 8693 8815 10410 10759 1287 10967 774 7060 3537 7012 8531 2931 4868 10698 3388 9111 3606 4422 4752 9200 1128 5269 3794 5965 1228 4910 11508 11517 12275 916 9368 1351 8211 205 4920 12708 666 2064 3492 5458 11039 266 1965 4866 11096 1743 10669 2421 13112 1892 10569 6962 9334 325 11720 2081 10944 13235 3318 7447 4704 6421 6978 9742 384 5216 885 4725 1379 6560 9942 11705 6031 6064 9147 9873 3185 8332 1611 5276 5848 11780 2576 5413 350 1330 7346 811 5570 1113 9876 6162 6298 8911 7320 8287 3166 12138 3788 7921 3702 6366 11308 13395 842 2494 2769 5236 11562 6766 8918 1114 8328 8424 11714 10466 11195 3320 4840 8769 10517 10997 13211 6290 11360 5509 6622 2865 11865 5448 10629 6269 8946 11707 9768 12274 1086 4726 4189 8541 9264 5242 8425 11179 12540 2679 9145 6079 7377 7934 10111 1978 8966 3838 4532 6351 9982 6850 9633 6650 8670 7920 9609 10056 2504 7254 11856 275 3980 8465 9168 2755 3729 10389 12087 4065 12749 10491 11448 606 5158 3637 9856 2122 5915 9899 9343 10639 1940 6253 6595 6463 8522 2913 10412 3127 12563 9491 12564 658 5493 5453 6058 12595 12663 1230 12716 1538 4484 3215 8606 7600 9117 1600 9979 2034 4451 7990 9517 5631 7336 12997 5176 5650 9236 12099 444 9656 10720 8392 11644 590 6860 3020 3473 5890 11433 8390 12668 11088 11771 5510 6173 9726 7160 12382 2584 9020 3027 9756 4946 8358 12875 1041 8775 11674 13253 1021 8677 5138 9675 6088 10115 7852 8189 6460 7714 5844 11136 2074 7887 9713 5556 6636 9113 2474 10323 3871 9683 1956 11130 11984 13327 8990 12424 12481 
167 3454 996 2304 2207 5205 9018 2192 3229 4202 9052 7112 7434 11087 9801 10260 5210 7378 11609 828 6587 7662 1454 10813 2415 2489 7726 9866 10664 405 3549 5654 2178 3260 6289 11196 2710 10679 7399 10716 5123 7065 9741 293 2444 8231 1789 4654 10334 1574 12282 2097 5838 6895 7713 351 9403 413 2629 12202 12747 800 11430 1206 10632 1941 2435 1642 12429 12737 9160 10756 151 9428 7776 8912 11252 2328 11999 3820 4554 403 2339 1542 1548 9311 11367 5345 8807 8513 9825 8611 10611 507 4417 10143 1398 12420 4469 5568 9231 2091 6252 9122 12386 4139 10687 9895 11570 2961 4869 4999 10420 6985 12268 863 12487 2782 12721 366 12819 1404 9333 12233 134 2593 10874 7870 9839 3453 8009 13215 11065 13141 8229 10851 9859 13106 13398 5658 11997 9180 12300 318 13134 447 3821 6467 8281 2037 3859 5485 4376 5058 1520 8666 7968 9042 5465 12739 5948 11566 2118 7928 4290 8602 13132 376 2103 599 3395 3510 5484 798 13546 357 4349 6789 13376 3504 5194 1950 8082 8108 7918 8023 6396 8312 2718 8915 5669 7785 3819 11357 2173 4820 5998 6580 1106 1670 2450 9387 5898 8172 2151 6037 722 3793 8696 4018 6014 9435 6436 8756 8040 8313 8805 9618 2175 12383 9909 13139 2509 8836 10811 11411 929 1532 4478 3721 4634 12478 4795 8936 5899 9829 4747 9974 12041 8061 9841 767 2284 9381 5754 12039 8427 9929 5762 7333 5045 6028 4510 6178 6629 7078 8295 12331 7011 9788 10165 12655 6319 12718 
2124 
2142 6268 
2177 13071 13168 
3625 4707 7911 4797 10417 2953 8690 10437 1129 1586 4179 5558 6278 8319 1856 2538 394 1896 8800 1634 8296 7431 7496 8360 10458 11573 2069 2308 4296 11504 5321 12601 1005 8623 285 2972 6009 11549 3386 4669 1222 5141 2009 12082 289 11139 5023 5178 5186 6778 7809 8581 822 7891 11538 1534 11681 1775 11009 2414 8283 5181 8233 10820 12339 4679 12599 12725 3323 4468 3705 5029 7658 8216 881 3615 155 10455 6518 11485 2999 4305 7076 9213 12367 2099 8624 5344 6567 11078 11783 1583 11893 2549 5435 2861 11402 6880 11076 254 8008 608 8700 9271 8323 11661 1103 6913 1194 1671 1674 6949 2554 6158 4710 12060 3217 7557 8509 12769 2059 2887 11303 12127 3057 8665 10503 7284 7442 1424 5274 6944 5235 7356 2698 10097 3404 6676 1524 1581 5127 11116 11639 1643 4569 148 4503 8680 2089 12250 3231 10674 4875 8167 3126 9242 9749 9831 1870 10215 2898 4161 5479 4594 10329 1061 4026 443 4712 4714 11105 2862 11423 12086 11563 12715 20 1437 6718 6955 1122 6753 8201 1288 4086 4144 9766 3007 10823 2273 2301 4621 7650 9199 10657 2674 3077 5394 7775 11694 10173 11145 12190 12600 1694 7623 6945 9893 6074 6798 11449 5529 10197 6034 12103 2011 11716 9734 12550 1191 5706 8433 1651 9584 4881 10531 1905 3689 4599 8533 5146 5739 11358 12385 1354 4367 2532 8071 8679 11279 8715 8835 9184 9268 2102 8565 2880 11429 3022 8551 6738 11506 4117 12164 4673 6259 12613 5224 10278 4506 5340 5488 6170 2893 3617 9874 10799 11583 11620 
2394 
2406 
2411 6666 2105 5888 5868 9849 3023 8180 3294 6318 9474 3091 7791 10999 11228 2777 10034 6194 8322 8997 10310 2395 8540 3149 9035 2325 12215 3197 3561 5828 5421 10257 11748 2246 10027 6469 8326 4210 4467 6045 10666 3586 11844 1572 2211 2930 3450 4299 11556 5031 12011 2276 3423 7583 12813 8829 11899 9526 10610 2247 8646 4364 11717 5282 11922 6821 8883 7524 8876 3451 9535 10614 9411 10210 2792 10638 3598 7413 5439 6862 7602 11484 12285 1571 2302 9680 3133 4493 4140 12044 3137 8330 1343 4446 6697 1848 4794 2033 11531 7616 8526 4597 9965 9497 10032 12694 12748 3132 11221 1090 1937 6012 11938 749 1245 9040 1666 4907 5192 3708 10599 7039 12065 8013 9545 1782 7847 3649 6185 9721 533 7625 10337 273 641 9857 2454 5976 1696 5241 4505 8933 942 3083 5935 4255 8244 11313 4062 8957 10284 4689 6217 10948 877 10298 4035 8819 8962 9280 679 6371 10810 5115 5749 7154 3517 8869 810 6641 2442 6838 1875 6427 8114 12381 7105 12672 10011 10572 10926 1059 9532 2891 10843 1927 8706 3983 5267 10849 2441 2763 2838 5395 6716 8128 10050 12686 469 3833 9947 10835 12771 100 1585 3358 10063 12508 12791 1615 4737 1505 3167 5610 647 4280 3690 11326 3895 12072 3508 8241 4010 9599 9416 12698 1428 12303 2184 7986 7052 10096 3242 4110 1333 6042 4448 8385 5920 8827 3942 7926 9823 4074 8238 3887 10003 83 10524 1667 4482 12479 4240 5135 5490 278 8421 2709 8892 493 7252 10906 7798 9626 2837 9807 1276 3964 13515 4341 12570 6430 11033 5992 9391 10817 4146 5682 6818 8593 8417 9191 165 11441 5173 9875 11298 12793 1638 5362 8034 9091 10972 5659 12729 6 13459 2923 3048 4441 12962 3196 12061 1135 3911 2938 9817 7927 9630 12886 4187 6869 10233 10251 5105 8197 9739 3319 6521 12165 764 6293 697 6073 7374 2594 5997 1713 10884 1779 6670 9623 12185 489 6578 3312 10160 2181 9963 3957 11654 13310 3164 9583 969 4504 4792 11703 654 11812 1795 11669 3227 12080 5993 6355 9097 11826 4236 12953 5326 12936 4682 8846 9777 12784 902 967 9128 2145 10705 1594 5580 5624 7814 9902 9969 5162 11332 6052 11339 11746 2478 4836 9133 3475 4436 7339 7634 982 9031 2218 4121 368 9390 1603 3612 12026 5015 8549 2499 5365 47 3730 5462 8363 6215 7310 7619 9806 12029 7482 9173 6260 6628 8600 9477 258 1842 10996 2045 7034 7820 11692 7279 11376 29 11470 4347 10684 5202 13056 9587 10828 995 4420 11668 4123 4301 8637 3145 12208 8346 12755 1757 7375 3806 10630 4044 4826 10798 1858 2964 2061 10202 6241 6353 6814 1045 10673 2997 5585 6865 3238 9931 3142 10353 35 2902 4547 815 1829 6708 6016 6184 671 6940 2480 9664 5835 7489 9907 2126 7305 7787 9790 2786 6525 7152 10867 2533 11181 5798 9763 9370 11559 1659 8778 416 3732 2148 4849 4630 7868 5002 8378 3780 4060 10715 3258 8528 9732 11919 2113 7127 668 7216 8080 12809 
2443 13191 13401 
2531 
2541 13032 13180 
2630 12865 12556 12871 13226 
2723 
2822 
2876 13140 13249 
267 8284 3720 7038 2758 12447 600 11344 5932 6920 1836 8118 1827 8388 8515 2775 9565 128 9487 3717 12349 12531 5469 12660 4716 9127 8394 10465 11752 484 1297 3965 10704 3011 9489 5775 6772 6150 7749 10052 7722 12733 2534 12217 11497 11507 10354 10730 12720 1887 3192 8191 12253 2542 4374 9129 11731 3947 7147 4418 12816 2476 11447 597 8786 2238 7590 7862 1910 2866 782 2315 4922 6131 2524 5434 7304 8764 7380 10834 3204 4122 7833 7641 10364 10471 8801 10109 11040 11662 11667 1242 12553 1578 9522 2027 2680 3066 8437 1300 7071 4895 5673 8125 9211 11663 12148 6135 9354 10037 10882 746 9691 3971 8684 11925 1214 2910 9880 5616 5721 8799 10397 8477 9427 8903 9134 7455 11758 6768 9453 10883 10974 1661 6494 2845 2890 1469 6412 8445 10665 4009 9068 9303 12657 194 4926 10263 11995 6374 8003 8004 8362 4338 9356 2260 5635 10343 1123 2860 10744 3770 11721 4320 11022 4780 9189 133 3545 6543 8393 8570 6225 12033 879 10350 2166 5524 6887 11421 9451 10013 5492 7898 2143 6823 2911 9793 3253 11927 6807 8843 5589 12779 31 6221 5427 12633 1238 5021 8349 7383 9235 2155 4509 4918 6128 6793 7660 1435 2849 5061 9069 10135 10737 5399 8030 182 2400 2641 633 9494 9502 11910 3718 6817 9556 11660 12397 2797 3535 11987 2488 4372 10993 4684 7996 9388 9498 10869 12532 9955 12982 465 12112 13329 3712 4120 5104 13492 3706 6027 10877 12130 1352 13150 91 5909 1385 4215 12205 6340 11819 827 12025 1507 9999 5398 9577 4546 8183 6294 6780 7006 11108 4796 9696 4952 8259 12363 676 9722 10767 393 7318 12240 1496 11571 3547 3875 6391 12628 3128 8599 2689 10378 3216 3886 595 3742 6730 860 9604 4770 6597 7728 8079 847 7856 5534 5763 9406 1072 9243 2919 9012 10511 3178 10887 12338 518 7226 1329 5246 5515 5614 5646 1560 9007 10830 1051 12587 6205 7117 10240 9014 11140 5779 12625 1255 4303 7228 8458 3157 3870 7086 4488 11013 10542 12084 2914 3733 7924 9093 3121 9067 1286 1502 5456 1178 9685 4091 5270 6226 7080 7335 10141 4191 12035 661 12002 3861 12649 3465 8044 8601 12818 1565 12228 2946 11401 3313 6177 1637 7405 7643 12514 2223 4935 2858 3877 10189 2602 2864 1073 11128 5773 8752 4889 9309 1470 8904 12934 3479 7938 6884 11836 4131 9327 480 13539 510 681 808 5292 9628 910 12480 989 4198 7521 9265 10536 332 8605 4512 10859 9671 12801 3785 12685 6451 10945 3279 6416 13340 4968 12510 10213 10736 547 6835 6906 1273 4571 13311 208 5665 1340 2117 791 9773 6746 8365 9426 1386 2144 5310 3082 7290 7759 3962 6338 4982 8010 12500 7593 12546 8022 13291 9950 11064 8647 11593 6538 12389 3752 12056 304 1426 4789 2200 4379 11552 3814 9624 4593 11388 566 6802 6545 10001 10829 12928 653 8858 12207 1592 8791 6094 10475 7758 11053 13159 
2899 
2950 13232 
3115 12836 13496 
3116 
3257 
3488 
3489 
1375 11287 5447 8210 2072 12602 2448 2916 2612 11148 1903 10818 2668 4440 7353 11894 1216 6077 11648 84 6848 12221 6541 10658 5555 10281 1528 5808 716 6161 5036 5131 6164 9616 5093 7533 552 7251 1721 9770 2402 4186 845 6677 8373 268 7248 7404 9358 7121 10677 7752 8144 672 8550 5530 8822 932 1748 5175 11256 2957 13439 674 4199 11162 10382 10486 11155 11542 1831 12860 2683 11944 6893 12098 2485 7249 11292 12050 2798 5218 6459 6981 3516 9098 9892 1410 4421 5328 5734 6181 2977 5008 4931 6665 7132 9916 10448 2121 5662 1621 2925 2990 7411 11567 2017 4660 3100 5818 5865 6342 11099 2111 3995 1142 6965 239 11204 2174 8038 10415 2821 11498 12140 596 7349 1573 3577 9192 11554 1305 8058 12288 1460 2390 9802 1403 10919 2716 5302 8448 7586 7854 1039 1094 5035 5069 6600 7457 8642 1649 4108 5215 6547 1725 8054 41 160 3002 696 5188 276 5972 11767 5237 9282 544 11379 8518 10534 525 4225 3058 5637 7337 10992 5306 11793 2614 9808 11916 3518 4627 11056 12490 457 10079 10564 1796 12354 8212 8660 10822 3831 12152 37 7546 419 3004 9716 3687 4454 3396 9362 152 793 1478 10394 3241 3817 301 4197 5409 6804 2046 4223 8232 5876 11214 5072 8153 8249 734 5471 2515 7136 5874 8146 1494 3926 8067 2603 5284 4431 11046 9288 10841 11908 5713 5787 6354 153 11052 10164 12808 5149 8890 1731 3600 8857 11381 11436 32 2131 11382 1841 7880 10922 615 2107 1295 4404 12505 9775 9851 5319 6584 8372 504 8948 3753 6442 731 5348 3443 9207 5199 6449 9936 10480 836 7003 11642 2030 7933 89 4754 6415 10080 12151 3118 10187 10516 8993 10175 12589 6795 11208 2514 10066 53 7706 7187 11625 12451 7638 8413 621 12464 5684 10237 9439 10600 7711 7761 11811 6769 7242 8057 9437 1450 2846 3445 9377 5741 12485 4735 6491 2693 7357 1025 10379 8415 12289 4171 4744 5349 7282 12676 3731 5167 3787 4479 6617 7236 3696 13101 8364 11286 13126 6275 11435 6087 13206 2776 5113 3633 12342 4906 5137 5139 12585 1884 3055 8461 5087 7594 4006 5837 9715 8278 9458 456 4333 1561 9132 4854 9131 589 11835 686 8273 1539 8139 818 2892 6770 10264 10662 8050 8695 13143 1327 3233 68 3321 9510 10989 1817 12840 639 687 1500 12373 2086 5982 2233 5836 1402 2305 1567 2157 9939 6349 10474 11331 1002 12046 221 2960 4056 6352 8170 5745 8622 5197 11131 1908 4132 6242 434 2000 8239 4610 5692 1531 6620 12746 3650 7470 7578 2575 6638 4729 8519 3249 10303 2550 9082 7176 9118 263 5174 10380 8484 8988 10104 801 4411 4428 9945 1646 10990 9635 9953 2196 3691 8084 11618 752 12356 
3766 13258 13470 
3858 
3909 
3935 
2291 3992 
4127 
4177 10545 
4229 
4250 
3896 4176 4401 6277 3447 4073 6115 9622 9686 11800 9600 12159 12688 5911 9050 6380 7779 2768 7736 5625 8902 987 8784 1180 9107 2106 9219 1969 3372 4247 6605 2459 8291 10038 690 10591 9084 9126 1559 6050 4613 7107 6098 10419 10783 4021 5179 9382 6643 7465 8402 9557 79 11614 6715 7013 12214 24 9619 2976 8688 1631 12425 3263 3847 12552 3660 7130 2167 11119 1617 12279 5691 11262 7261 10515 6138 7783 340 8734 2073 3850 2745 7494 10358 1607 3448 5747 10147 7281 9575 10122 11991 1362 4355 7865 1982 8798 8961 12119 6061 12605 2764 8639 5797 10124 11051 4424 12502 2378 6993 215 1378 11853 708 12593 6608 8086 3158 9041 1766 7109 1835 7274 1083 6925 137 3270 7129 7301 9292 238 9232 1521 1914 8002 12575 297 6645 8702 2967 8470 5084 11281 3781 7446 9148 11904 2650 12195 5561 7542 7963 10254 415 10560 6961 10411 4204 11539 162 9845 937 11406 5895 9708 10019 11434 2026 12107 4686 7648 3328 4214 7119 7640 3305 8228 1185 8989 11359 1302 11321 3611 7566 10497 5403 11495 6745 9840 797 3913 5834 8830 10473 6136 6502 6760 7415 9511 10897 9472 12318 1753 3017 5400 3670 6448 9313 1416 8311 2197 6514 1319 9973 5494 8160 1900 2844 4645 4900 2467 12509 3067 11850 2506 4612 5985 8614 9836 6984 9896 505 5701 2383 4311 8347 10193 11892 2446 3652 1001 4865 5229 7056 11621 5383 11861 379 2170 10181 11394 5821 12759 1237 3467 8710 13110 8662 10366 605 6969 2851 11016 11855 8956 9076 2423 3884 347 5460 508 6529 5925 7326 3187 10732 5207 12744 2307 3476 4000 4387 3697 10154 3153 7068 2322 5414 1091 5735 943 5813 5391 5889 6741 8143 10250 163 1709 7360 7387 7652 8839 11247 464 914 2621 4231 1417 4978 964 7215 8566 9815 3225 4701 5560 5185 8436 851 1685 11391 2404 2809 4873 4163 5281 5476 2431 9951 4961 10695 3096 10208 6886 11912 603 1053 4576 11035 821 10010 1951 11745 1984 6562 10322 4357 5518 5103 6947 1232 2639 726 9684 11129 8964 12299 5297 8960 1189 12013 948 4275 3172 10166 5445 7905 3390 11479 375 5799 1065 9250 3209 3416 624 5335 11296 3893 6370 1266 4957 8151 11337 4203 8616 1448 2952 5367 9259 11248 86 420 1224 2422 6726 7644 7608 10365 12573 4221 11975 12958 1762 3134 4377 11327 5064 8491 3497 6348 13246 2863 5667 10429 13119 11006 13434 453 11882 1111 1387 4137 1357 5497 7229 8133 12004 12 7493 7103 8100 6044 8370 9821 3578 6589 11172 12257 1192 10683 3509 9816 396 6707 5990 7024 11830 381 3356 9017 10812 12210 1878 2331 1907 6180 4138 11963 4520 12781 939 10150 9357 10043 4354 11817 12120 13070 5854 9598 13136 1313 3557 10390 3674 7083 9595 270 7878 3719 9908 4450 7502 1719 7818 2225 3623 4596 7925 3799 12763 3408 5057 4936 9169 2004 3798 5408 6642 8374 13228 992 5318 6002 6921 8919 6478 12463 7205 13058 670 1613 10083 2387 13002 13198 4143 11366 4656 4772 2518 8339 13461 3604 8511 1423 3822 12555 8499 11354 7183 8222 8345 12286 2453 8384 
4392 
4438 
3862 5612 6574 8120 10709 831 9262 158 6583 3159 12690 3144 8253 11297 853 2028 4019 9593 5851 11316 6129 6723 8471 11751 11971 2344 8591 604 9466 7280 10911 574 591 1785 9981 12227 11011 12567 5347 7029 8969 12093 6301 11675 7525 7979 313 1720 398 7884 5594 11837 7327 11192 4615 4661 6207 1099 6124 4134 12571 3768 8049 908 8116 1147 2497 2812 11823 4674 12473 5579 9941 4683 6997 329 6714 6081 11269 3182 13400 4040 9957 17 4237 2472 6513 2986 9668 2335 5577 13455 2426 4566 4939 6743 3080 3081 8689 3439 8270 3162 9862 7057 7437 8776 9533 12118 2744 5372 10142 12456 5052 6855 13040 9163 10126 4646 11198 1131 2355 8494 4850 11762 10069 10738 5010 6257 6820 10285 8176 11537 3938 7780 3503 12586 3114 10769 1145 4801 4517 6611 9140 10376 10917 2922 8072 8862 4562 8480 1081 4300 4535 9960 9226 11124 2662 3961 7195 3878 5171 2682 3155 4531 7664 8783 5268 10092 5410 5697 11049 5051 10886 3363 5353 54 4650 10230 757 1632 12798 1923 9420 4104 11943 2327 9543 3743 5359 1513 7101 11769 1299 1998 5842 6520 10060 10660 2425 6664 319 4994 10477 11413 10265 11097 3986 12053 12714 1205 2715 2707 2751 8924 10177 652 8738 9425 11493 1598 9415 3013 3925 10552 1184 9475 1443 5548 2622 9608 2901 6904 10223 11462 3079 12707 9449 9783 2908 6995 4706 10212 10953 1623 10727 9591 12704 6441 6692 7423 11346 11722 8949 11976 358 8335 1530 5569 9814 9580 10637 1265 4251 2934 7275 9954 12603 1121 10297 11824 94 2482 3525 6699 7131 9714 2843 8874 3679 4655 8209 10894 4821 12796 4962 5126 2666 8129 4030 4133 8514 11261 6234 11920 2714 4555 4990 6979 12076 2766 7636 12537 3704 11978 10860 11460 3645 4463 44 5939 9819 3579 4224 1439 6020 1722 2618 2659 3988 4852 10132 7495 11520 5298 6792 6111 7504 1102 11175 1994 10904 6684 7743 5419 11588 6750 10094 627 11000 1381 3400 4898 3108 10941 7677 10873 1308 11197 6147 7505 8341 9552 13364 2326 10847 5234 9324 2774 11445 9209 9750 9984 12133 4604 9478 7559 9937 555 12891 904 1422 3620 6570 13563 1055 8021 8655 9701 5360 10433 12849 1240 1797 1267 5385 12711 725 6974 1791 8527 2436 3588 10045 6368 11640 7324 9359 8847 12538 5346 9812 11723 11926 1656 11973 1210 3343 5938 324 8264 1715 10146 9884 9943 1816 8608 2690 8864 8901 10858 12341 8045 12428 3970 7973 12512 51 2294 371 12169 4802 7824 10689 3175 12459 4004 4607 7959 10128 9008 11417 1220 2765 3514 12051 8327 11599 271 7110 6046 10087 11369 102 4603 5758 6446 7392 7819 7917 4668 5864 4590 11595 9135 10722 2324 9328 838 7620 12008 216 10842 1248 2583 7224 2521 2756 1411 7610 5615 5791 2694 7839 135 4430 5564 10424 2973 11993 1852 12712 837 954 8559 3599 6561 7468 9521 11057 1182 11431 3371 6490 10527 8870 10137 10400 12136 2875 6618 10807 2879 2947 11841 3688 6517 4298 5313 4905 5238 9579 2771 3738 387 2596 1752 2114 3009 5788 305 3910 11587 1334 3135 7661 3370 3695 2907 11874 8266 9860 1301 2312 2490 4564 1952 4713 3094 10226 4937 7138 4145 10766 1537 6679 3845 12176 6522 10502 4211 8488 7869 9205 4901 7444 10964 7106 11658 9670 12651 
4723 
4913 
4960 
1886 12291 3190 3922 8547 12368 2245 10668 3184 10979 2633 11271 11282 1936 10356 3160 3458 4572 1899 4321 1164 2347 4647 4989 8794 12629 833 3329 4459 8878 9828 3186 6790 7488 6959 8658 550 11127 5382 9762 8652 10422 2279 11633 3342 3936 1475 2269 10745 2903 5017 4058 8610 11328 6032 8031 9413 1013 9285 522 2141 4638 6516 8749 739 9323 4165 5386 5217 10125 12245 2609 5905 12345 4494 11786 110 6810 5264 11138 2610 5941 2369 5699 3900 7210 7751 10207 12222 12577 3293 12364 3112 3663 4238 1024 6819 7777 9976 1202 2156 122 538 7876 11220 1318 4182 8014 9923 12071 4677 8429 7368 12377 9402 12559 475 5389 8974 1625 7123 9015 116 1645 3280 5454 11622 2814 8083 3026 9913 10349 11468 8064 11649 878 4579 766 4183 9307 9331 12517 901 4266 2998 3734 8039 10675 1356 1408 7148 8634 7596 9991 10171 11319 5220 8495 3201 12340 511 4112 7146 11560 3016 5790 7896 8714 3735 11280 261 3825 446 5068 11100 6083 7172 1063 5595 12468 1075 5923 3892 12283 6160 10145 10196 11277 1689 1803 12438 2471 8545 1976 9102 236 5266 3898 5924 11102 3967 11687 7893 12037 3109 12234 7025 10707 909 9678 10939 1799 2367 2437 3624 3594 5712 11275 7472 11109 3078 10158 5940 11103 799 11307 12754 703 7529 1153 4402 6126 6894 7669 2508 7919 9023 8521 11579 2287 5752 8803 8607 10384 10682 12415 2071 5703 12654 10784 10872 7519 11699 11333 11613 
5063 12882 13293 
5079 12883 13009 
5121 
922 4750 1179 8923 3051 10444 1271 13288 1897 9294 5681 8187 115 1925 2221 9958 9827 11490 2937 4033 5549 9270 10616 4742 13031 362 11572 2705 5498 9106 9796 1275 10931 2941 7285 6105 7124 2874 6479 7828 8381 919 6341 8999 701 2345 2811 5163 2270 3366 737 8944 9319 1211 9267 3188 11193 10309 12444 3546 9748 5109 8026 4522 5945 6922 7584 10559 39 407 858 2728 1997 11535 478 1847 4386 5374 5091 8758 4318 12626 5714 7790 7989 10194 10227 1044 9340 5953 12680 8669 10987 6409 10068 1867 5878 6686 7255 3564 7877 9718 636 1369 8483 9518 5437 6316 729 4815 4492 10603 4902 8627 4041 7240 11090 9000 10361 751 9216 3866 11564 5968 6473 3262 8367 663 10144 10865 6602 7665 11021 4955 10691 445 3176 370 7964 2278 2323 12399 2759 7193 7592 3177 4029 8333 2517 4529 8293 119 5989 1244 11481 3431 3542 4524 3230 10211 2804 3401 4767 5704 7367 1407 5535 4882 12811 6857 7569 8771 11806 4414 11077 4545 5191 6100 9371 1092 8088 8709 7717 11827 2537 6555 11075 11990 12261 60 10434 11696 2526 5852 5468 12713 5951 10117 2159 7766 8958 7286 8617 7370 11283 12007 12734 144 7929 12440 1199 2407 2164 7548 4575 10435 1802 7169 1396 2007 5111 7047 11073 11866 4711 5674 1487 5009 1614 8286 2700 3130 6157 1188 2484 6623 10460 11917 1587 11353 10522 13179 1977 11629 8645 8931 867 11005 3979 7463 8337 13170 442 2530 12325 8456 9728 12476 4234 12643 8432 12511 13369 2125 11457 1673 12999 1484 11914 12337 4435 8214 12770 13057 2140 3769 6005 6377 12970 5166 6546 11384 8469 13301 9662 9787 1196 3747 1834 12295 
5277 13052 13220 
5358 
1787 3879 10592 972 7564 2237 9699 2799 10195 6264 6941 8396 1212 11200 12673 2552 7835 3191 3716 10293 1231 3916 1909 2949 3045 534 2098 6015 2713 5144 10441 246 2634 8733 9322 11945 12110 8780 12168 6447 11093 5708 7541 9665 9349 9542 10528 11235 5401 10837 9151 9738 3779 7886 11492 12501 8166 8377 2569 5451 3810 7668 931 3042 8595 10035 3284 5679 5455 7545 12115 2398 9039 11267 123 868 10149 5755 10392 5557 5738 9092 11365 1823 5896 3613 11165 531 6683 11787 12266 9455 9822 3424 10296 2853 6452 9038 9233 10345 3310 6276 577 7081 1824 12592 497 3393 4114 2115 3315 2980 10288 12031 2193 9005 8459 8732 74 8654 10895 632 2016 2465 6313 3272 9059 328 1119 3796 5243 7813 784 8126 10062 108 6379 5303 11266 4306 6048 7492 8586 143 3119 3478 4003 11464 3672 9321 7055 10994 12594 5255 5936 12774 28 10061 10272 9004 9650 2692 3515 3792 6274 154 4598 12700 5532 7687 2104 5562 7532 64 8525 5537 12541 9891 9997 11777 6133 10184 11426 12699 
5872 13146 13490 
5901 
5977 12948 13426 
6103 
409 13181 6212 12834 12910 
2408 6964 10612 2373 2556 2696 10920 2991 4643 10881 11154 940 4334 6166 4155 11610 792 2918 9310 3244 12616 6188 8754 11755 65 8106 6423 7096 3380 7742 11772 1580 13290 2661 4853 1815 7005 3012 10401 12393 1432 11624 3775 9970 4549 12488 1701 12696 3823 4508 4416 6265 12611 13289 3758 7321 4283 9810 9838 1658 2022 3958 5970 2227 10749 4263 6201 6504 6444 8485 1218 2083 5047 13003 1518 2522 4822 12269 7890 10978 8032 10702 6153 9061 3250 4829 6237 5656 8534 5910 12387 6393 8169 10914 2567 10772 2374 9582 849 11706 7831 8000 775 13312 13353 3428 4823 12390 13326 9010 9024 3228 10957 11756 159 6000 12650 3923 6582 8853 4045 12180 4807 8685 2392 8741 12344 7842 8554 8809 9316 12145 5829 12937 2712 7781 8651 12991 1236 11110 1918 7954 3835 11083 3065 12166 1293 10088 210 10814 1120 8375 13244 1664 6196 1724 11104 3772 10461 58 12740 120 3904 12448 5147 10803 331 3148 4094 502 9366 1970 9882 395 8564 8906 1619 7481 11829 2992 6834 10051 4323 5505 2163 4681 2487 4759 2461 5124 2888 5690 3085 9697 3248 4406 5271 8563 13088 2320 11002 3782 9612 866 6024 10026 10090 6239 8329 11349 8190 12260 7725 9930 3237 12561 10758 12193 4705 11545 7170 7347 4291 6815 11085 12483 5368 11254 2711 11822 2198 12634 4001 5717 10714 12126 2042 7014 12458 6146 6963 617 3824 6384 5781 7190 7276 9774 10341 1675 11027 6373 11410 7157 11785 3883 5388 6102 9201 485 10930 11239 12679 1068 6335 10890 6261 12030 359 6596 7098 563 9603 2280 9868 4775 9883 6385 9674 6552 7397 7419 9736 8401 11636 233 11737 4359 10267 8357 9452 4284 8419 3063 6619 6167 10513 5839 11118 4741 7499 12021 542 5307 7028 7151 178 4170 454 9555 979 7700 2023 9889 8716 11575 16 846 3683 11834 12015 12544 817 3528 3410 3917 1446 7049 12336 281 1793 1186 10161 8663 12414 10084 12549 1157 1957 6091 7684 6419 12439 6021 11185 11617 5742 12117 6092 8314 12149 12032 12365 242 4304 4095 6806 6613 8235 10004 2665 7484 149 3639 8640 13051 11801 12727 4276 6329 13477 2706 3874 12981 6303 7657 9158 7539 8728 11205 9920 11178 4956 8825 13019 6859 8406 12150 13108 13182 11251 13004 6989 10301 7645 13556 1350 5640 4715 12807 13322 4332 10414 1162 1774 2356 3993 6845 7090 501 2553 11601 5375 7462 13522 186 5370 12177 296 974 2795 11055 3106 8845 6378 7262 5587 7957 743 1077 101 7366 7033 10280 12019 
6267 13512 13550 
6315 
6324 
6410 13216 
6411 13263 13362 
4156 11726 438 9879 5278 9456 3131 6615 353 1711 3703 4061 11347 4872 4979 7199 5695 10836 3095 3531 219 7241 2591 4761 5628 6889 10057 10760 6764 9228 3357 12121 3287 6601 5227 5760 10025 1869 4466 492 2418 2266 10686 3570 9055 286 3383 6888 8294 4811 10007 2687 11957 6297 10598 4718 9771 1377 5225 2852 5956 6085 1342 12054 4550 6228 5626 5897 7951 8787 8932 9217 673 3169 473 5596 10470 11872 9009 10359 4213 9063 117 5724 12016 5014 9337 11374 7407 8467 8502 11420 12187 472 509 363 1104 5190 3039 8215 11070 11250 1026 1919 4465 4692 1633 5253 9601 6367 9573 1543 7987 10556 719 2502 8821 8910 7715 11170 2663 7390 5283 8882 2571 8267 11577 2150 4842 1653 5711 976 3036 5066 5670 12258 428 11106 3642 5208 4883 7004 5544 7654 1161 2070 9578 4267 5464 10608 491 1358 9610 4784 9386 4358 9332 30 3931 7653 11802 2299 2847 7670 12576 9655 12252 1088 7420 8320 990 11389 2818 11768 4344 4843 6216 6551 11980 1728 12018 8185 8643 7185 9473 3206 10319 7428 12114 5500 6038 10535 1429 4996 6685 6966 9350 1048 3346 4184 8793 11972 706 1108 3826 5623 1012 10049 7046 11921 7451 11206 10074 12194 1074 5390 11486 5085 12058 783 1370 4727 5881 977 9878 786 7805 2956 8723 677 12212 8426 11626 257 2993 11784 12327 3419 11519 5024 7435 11551 616 2817 5373 5850 2283 5908 274 7699 7414 7969 10440 5759 11955 4867 6262 7872 11098 11555 3 3582 7145 4768 10229 10613 6566 10291 
6586 12923 13392 
6796 
6836 
6839 13067 13379 
6916 13077 13519 
106 4141 8272 906 4119 9558 11994 3179 13186 13430 3273 13402 298 1243 3345 4880 5765 6891 2006 11095 12898 3722 8194 7085 8672 4078 4695 5333 7621 6247 6737 4180 9142 9672 941 11876 1087 4641 9564 11578 2457 11516 12475 2810 4762 12200 4530 9080 1800 9304 7810 11351 5916 7125 1066 9917 12692 4076 4464 1853 2090 2075 6651 4373 6125 2572 13042 5959 11386 5514 9995 10670 11969 1303 6231 7598 4819 12142 150 8844 728 2493 3033 10372 4200 4837 6238 2116 4049 1315 5814 3421 7362 9378 516 12519 4878 7220 67 8434 12762 13218 10428 12987 4181 10728 5339 7206 1783 8897 3998 7150 3317 3723 6905 9568 6550 12024 1251 3894 5073 9992 11259 3219 6968 3700 9123 9175 13535 3074 8743 3327 7841 6668 12671 8582 10740 4814 7402 48 4616 2232 5250 3226 6251 1227 2135 7850 8698 13510 787 3891 1341 4109 10360 11775 659 1139 12887 8055 8730 13093 7859 12413 10315 11600 1253 2201 13421 7408 8271 4975 9613 1246 3402 7909 13399 11911 12884 717 7501 12449 7045 8027 4103 6190 8074 9900 11540 6992 12302 13236 1137 8884 2519 7163 1602 1792 12196 12757 3298 4473 4461 6843 12346 1421 9206 7871 12375 3150 3375 4099 8877 11937 8687 10499 2940 10548 141 12767 3151 9392 226 3619 5730 12146 2416 5228 7062 7993 9709 4016 9277 5778 8661 2924 5005 9032 11113 2128 12332 5114 6263 6489 7027 3059 8090 11702 11713 255 7093 201 519 218 11982 4429 8226 6755 12551 466 12489 1865 6808 8763 10105 921 8558 7491 10426 5793 9467 378 9570 10005 1749 6883 2469 4352 196 4407 2224 8745 3714 12055 1353 9028 265 9921 10367 1677 7617 2379 10114 335 4391 10427 2883 9961 25 11318 9149 11565 1441 11889 2984 6104 2900 7737 8269 10000 3193 4381 9689 10777 11025 11935 1158 11895 4064 6372 4803 7344 5575 7319 4174 7153 2191 3032 4847 6696 1955 9837 164 4611 307 8463 10266 6576 7838 4862 9220 11134 11325 3750 8060 9278 6639 11959 11533 12204 1826 11317 618 4241 3482 3638 10998 2648 7947 4606 6771 5040 7079 6432 7389 8258 9853 7799 8318 2146 10363 11813 10485 11396 581 5322 10633 11896 1458 12027 4408 7709 7999 1529 11543 1152 10224 1983 12396 4595 8629 2158 7556 57 559 2239 3444 7448 3760 4130 6698 12751 957 4738 7647 4697 8556 1399 10739 10893 2338 5520 9898 7204 10012 5327 11860 2664 4157 3471 12066 6171 10899 5122 10995 2677 7609 12081 794 6358 2250 9625 4027 6852 5551 12277 6347 7800 3307 7273 2606 5873 4115 11020 4813 6376 1442 5769 5102 7082 2316 5554 10667 10959 2353 9640 4888 12262 6579 11956 5177 12461 3630 5979 7514 9493 6757 9926 5573 9289 9114 9379 2413 11355 5694 7221 4592 13219 365 2568 3368 9195 8699 8977 2376 4800 5613 13383 1761 3348 3907 6127 2904 7747 5776 8046 893 5795 1294 6515 3744 4915 8196 9397 667 5545 1663 6512 2161 3183 6930 12248 1511 2828 1272 10676 10977 223 1727 5070 10180 5727 10324 5860 10396 13337 
7036 12857 13078 
7111 12983 3941 12915 12973 6308 13116 
7166 11143 11659 11684 12916 13529 11933 12858 9137 13083 13475 2590 5952 13270 3816 13022 13345 
7476 13199 13429 
7490 12839 13195 
7527 
7579 
7604 10479 
7673 13334 13523 
7707 13174 13444 
7710 
96 8928 308 1112 4039 8983 2927 6453 2466 10279 373 8635 460 9407 339 2611 10481 664 1095 3397 4919 6230 355 2295 7295 11156 11741 3405 12491 835 1628 5820 7698 612 3064 9162 1809 8117 2309 12426 209 3413 8520 8765 172 6099 650 2785 7952 11451 12618 8016 9509 11505 8875 9746 4543 6787 10771 571 8408 12732 1032 10406 6652 12623 5732 6116 548 7573 10925 2012 8012 2942 13558 4636 7466 1457 12977 2796 7741 5075 5600 2856 10787 1306 6653 63 424 10205 4253 5296 5481 2085 6775 7861 9409 3029 6503 7019 4365 7506 4746 11276 5450 10724 3299 5900 10438 3636 5436 1915 7016 1069 2954 5432 11941 5552 7631 5487 11069 6482 7212 5473 6572 9660 1662 8724 11887 5753 8613 5028 7765 1516 1920 8192 8299 8037 9592 4217 9247 2217 7084 9791 1215 5323 3989 7731 7072 9444 1877 5620 10980 11483 3754 9499 11501 11574 709 8292 1967 8770 5698 11443 2092 2770 2300 10529 11931 12178 935 2582 3751 6982 12199 4672 11029 5651 11288 4370 4399 4870 9299 9779 9707 12034 5352 9238 5378 8301 1873 11081 7325 11199 891 5420 3285 5508 9353 7923 10625 377 3099 4031 9794 9196 9462 991 2380 6154 12598 2878 5606 907 2501 10375 111 9724 1332 10796 4981 6917 7889 12330 3406 5148 9530 2019 4069 5764 10988 12380 514 9483 4102 6010 12128 2440 3713 3054 5522 10671 3523 10344 4600 11879 6030 7768 10908 11463 2791 11738 3436 8529 3559 6873 6505 6700 1235 7386 197 7627 1195 5792 7603 8697 2310 3483 8674 11778 1467 12137 5265 12667 5660 6878 11010 11243 4766 10099 9269 10489 2475 12523 1850 11352 9515 9781 7309 9986 12229 3511 10661 10844 11585 11665 124 5211 2747 4678 5466 6492 6109 8759 9512 8356 10909 4259 12503 1010 7624 10225 11695 3235 11794 1148 7897 537 5033 1776 11666 12129 12661 924 5132 4589 8905 5062 8260 1924 9090 1311 4093 4825 12395 12719 890 11026 9460 10388 2336 4560 2742 6825 5726 12454 1839 4398 5629 2168 7486 190 7473 8353 9144 10747 781 11499 2512 4538 2886 4013 6695 10151 6983 12518 5254 5825 13511 4810 8577 8535 10804 3125 3202 3000 11017 310 326 1891 9405 3837 4507 1672 11063 2495 5078 8980 1110 5812 7676 3124 3391 5249 12814 7293 8230 4617 4973 55 870 10809 2654 4639 5958 11274 2216 8397 570 4991 6321 7674 2581 9745 3640 10270 11137 3765 6134 8921 10519 78 6256 10078 342 3189 3740 7329 8841 11176 429 1247 8894 8838 10816 3043 11115 3974 8567 11885 2721 6539 3529 10200 1597 3934 4799 6139 6148 6187 984 2403 3455 4235 5331 5630 5722 5822 10286 5643 8726 6480 11974 2681 5050 4783 8243 4400 4942 11711 3302 4553 2985 3851 675 3840 6112 9306 7892 12247 7299 10938 6189 9928 10082 12431 7460 11305 7075 9072 11158 11215 8648 10446 3117 7745 8731 12036 4228 4588 2293 10159 11854 4927 11747 6026 7513 4514 5404 7632 9088 10386 12543 12619 2054 11652 12786 3676 5482 5257 10975 13344 2656 5772 170 7271 1133 13500 13561 6533 12949 12951 4312 4452 11718 1717 13547 1283 12434 43 5565 1708 3901 3805 4419 7141 7217 7394 4984 10898 4824 11646 720 6420 1400 2094 6847 2905 7705 9204 9574 1702 5038 7239 7874 2587 5077 6907 5415 5902 10659 11409 2626 8464 13356 3276 10589 4455 8934 4319 5802 61 840 9649 10800 4733 11291 9172 10482 9797 10067 10093 11059 3927 4515 10307 12158 7328 12579 
7823 
1601 8490 9215 9345 2388 4447 6948 3836 7438 8268 12788 9225 9361 5645 10755 7844 9096 960 12513 1553 5894 9116 12548 2842 4793 4270 6132 7010 1784 2746 1463 8747 6022 7716 8797 2839 8742 2894 2971 3616 6733 3352 4105 9480 3572 4756 3566 10788 3626 8025 8888 315 4472 611 1557 1669 4368 9103 857 10206 2607 7400 7379 7764 11453 4841 11086 8620 10253 913 6356 9811 10346 10853 2013 3694 10018 12219 5059 10112 5796 6535 2477 8453 3101 9283 12637 1882 1953 1282 6897 7830 7517 8248 7537 7914 1159 12174 8355 9295 1250 6656 1962 10110 2737 13207 1742 4499 2726 4602 7553 5311 5819 1409 2429 4036 4537 6284 4648 4917 5528 8927 5782 6590 13363 6909 12674 7960 8280 367 4433 4028 9495 1549 2093 9393 6973 7213 4034 4731 4209 13161 4046 5495 9507 12963 14 7739 4717 9058 2333 6055 13390 1071 6434 3053 3644 4023 11637 5866 9486 12703 13357 3803 4068 6222 9562 8820 10222 156 4856 1462 12134 2801 5531 7182 12273 12856 4394 11157 23 825 189 8942 235 1449 3044 3056 702 4947 5750 3678 10984 11122 11187 2578 11364 13148 6287 10792 11322 12317 4192 6018 7171 11546 389 10645 1756 12942 9454 10261 2827 11273 7672 8668 12985 3661 4043 1540 6937 643 11651 4477 12466 4265 9244 7836 11062 6844 9347 11700 12417 721 12833 788 3018 13521 
146 5168 191 2417 9 12352 2628 11125 2463 5248 625 8982 7330 8154 9194 5098 9298 10039 884 958 2855 10153 5407 6501 3790 11375 10540 12064 928 11123 227 9346 4831 8449 4721 11603 2511 6040 7992 4565 8618 1618 7576 9711 5196 6635 3425 6499 2359 2370 3684 7398 11111 1269 4153 7606 8641 12528 2932 12280 8206 11869 6224 12290 780 3764 9178 2793 12584 7334 12450 930 8538 3446 4462 1085 7385 1310 6118 6152 1183 2736 1786 5239 7022 864 3060 3200 2969 8777 435 1990 9432 1035 3266 6924 3014 3459 500 1390 2360 10328 3236 11246 745 12198 5943 6803 3213 11905 5601 11825 11001 11152 11589 3438 3477 5369 12256 843 2548 3629 7164 3336 4664 8334 6151 10416 10139 11678 12144 844 5430 1546 7733 4415 6119 10862 2226 9529 4911 9887 6200 12772 3786 12360 4626 8409 3759 6553 9476 2498 8315 12583 5969 11612 11616 4760 8224 231 7181 744 1981 2109 9754 1391 3533 3255 4608 5663 669 12102 5222 11186 12038 3432 10040 819 7298 9447 1536 2620 3181 11169 11606 5621 6827 494 6361 2256 9757 2274 2640 5994 10423 513 11370 1678 6210 10335 1015 3978 7201 11272 4691 4694 4083 7849 12766 4513 8574 5384 7568 5841 11211 12357 635 10271 3491 4582 6647 2592 5489 7806 12560 4288 12162 6585 7350 9249 10587 629 7807 4310 10248 6563 11168 1140 10581 2912 3671 9952 9157 11840 13192 3198 4804 861 5161 1291 4360 10487 4997 11960 11979 9904 10387 12524 2825 5885 9044 10443 4071 9054 1514 6004 11697 213 5957 7268 7452 2399 10106 7073 10071 756 8967 5503 10871 1364 10478 903 12254 6439 8104 3084 7949 195 8138 824 6218 6383 10827 1165 13314 1679 10554 8497 8725 13151 3195 9667 2520 6710 9850 9922 1261 1993 4042 2669 7732 678 1947 4765 6933 2354 2848 1589 2110 630 6137 5402 10101 5700 10905 6591 10971 2048 10273 2319 7866 3052 4527 4242 12644 463 4313 8638 5160 6926 7683 12057 12471 
4581 11201 1490 1716 11842 2068 9156 12516 6702 11141 1764 5767 740 1200 5843 8501 3903 5442 5922 6673 8557 8466 9185 69 2779 7051 1326 1769 4651 9469 9988 3460 6417 4518 6487 118 4736 288 3334 8219 9547 4226 4502 4556 5406 5668 7384 1773 3239 3308 11478 8632 10594 12662 1599 12001 3727 12045 1125 2021 1535 5341 7574 1563 6701 1084 5280 8721 10302 241 4818 1100 7916 9048 12765 495 7341 738 3046 1281 5082 3141 6095 12419 3543 5041 2439 6986 7948 1750 2807 11031 11229 9541 12189 300 1414 7848 10140 5672 6466 829 6876 5039 6066 2996 3291 2381 5055 2730 11923 5504 6936 2743 7754 5025 8164 2162 8810 5823 5830 2657 11682 410 1746 4055 4578 9389 9843 1270 3223 11245 1097 7565 7900 7750 10731 8306 10221 854 8482 1805 4307 5443 3655 8572 2348 6425 1101 3474 4067 9109 1223 2559 1804 11635 4375 11548 2190 9254 2214 6107 5214 7177 7471 10216 10312 4732 9735 5903 9546 11534 13251 2428 10015 10095 8808 11133 12296 1204 10182 6938 9251 7202 8498 7406 9698 4963 11839 499 6725 4212 10539 7867 11314 558 6508 565 1256 8854 3289 7035 3876 4393 4791 11164 572 12562 3552 5261 399 3928 9782 6577 7030 7300 10131 6345 6386 1209 3949 3602 10456 12652 476 4903 10956 10981 269 3461 9424 5286 7100 9253 2149 5927 1579 8078 1588 10399 11007 3513 4316 7445 9528 732 5777 6317 1040 10512 12304 1346 2186 1503 12960 4178 4521 4206 7066 2249 10619 2296 13324 2510 4548 7270 1522 7382 8256 11264 8907 13474 1591 3165 3969 9645 11608 1317 9863 3865 10459 6785 12717 10295 12153 2438 11797 6346 10642 10719 12467 2496 9049 2321 2983 8302 8043 10778 1217 2787 3147 4583 10308 10718 10982 5862 8068 10929 4884 9611 5683 12173 2123 5364 7962 5157 12726 245 11121 1447 3843 6428 1510 5641 2546 2800 4828 12495 790 9912 2253 4745 5480 364 5423 5636 9605 4495 6874 10028 2077 3628 9760 1966 11852 272 1331 4838 5632 437 11335 2675 5942 2790 2944 5638 5071 12124 7207 8865 4116 5221 10735 206 5478 10283 372 8240 1575 2393 12243 3001 4786 4959 9654 12504 6179 10330 2396 3035 13264 8006 10991 11901 49 3813 1851 5983 10640 6332 10605 6229 7955 10242 10885 11864 1146 3899 4774 7815 2010 2405 6840 10969 320 1492 3420 4385 8987 11301 3433 4941 7191 8544 11779 4273 5016 12238 13374 7693 9448 4037 4047 7767 422 12682 1812 11868 5971 10961 8282 11024 6414 7730 13294 333 3673 1562 12445 13304 277 498 10541 3435 11544 12689 6474 9581 2564 8460 4743 11471 1461 3316 7291 11708 610 9317 2857 4281 10607 2188 5967 1551 6464 11962 4923 7427 2762 12163 2340 5546 10949 7682 9256 7821 8422 1778 3047 1459 4371 8879 1699 5618 5100 10198 10729 11918 1464 12155 2389 4194 10711 11207 602 3777 5006 7222 6360 7588 873 11698 3120 7155 9826 3643 5315 2966 7864 4788 7772 7432 10710 4326 11776 5786 12775 5 8895 9531 127 10371 528 4876 8580 1710 6248 12090 12795 698 6176 6841 10314 1036 7135 2337 9112 6912 7967 10377 417 8692 1751 4948 2989 9607 11310 2561 8005 4563 9046 3739 5026 5608 10644 6911 8828 5334 8561 11042 90 4084 5770 5095 5991 6950 10029 4403 12614 688 7120 7782 1843 7114 8262 2088 8866 6461 7477 898 9094 10903 12557 2306 3028 3669 5746 9188 9246 2580 11294 11948 2831 13489 4286 4857 7690 11803 7727 9190 7307 10408 3906 9364 1582 8263 7144 13520 5582 5761 7288 5696 11902 9257 12782 9852 12665 699 2671 7161 11619 1604 2780 1644 3364 8202 11224 1187 5540 7834 10537 2595 12241 8450 8506 3749 7345 4024 10626 5279 12752 5491 7675 9588 12741 6681 7734 12109 2263 6468 12728 6960 12998 8223 11862 4987 6322 11397 
520 12088 2551 10174 541 9471 145 4378 10252 12955 4871 6761 7663 7825 3480 6648 8792 637 5153 1519 11847 5928 10148 704 11782 1629 11715 12403 5633 6025 9221 8134 10533 1485 9932 4817 5944 6440 6485 12930 2525 8059 3211 6078 5892 8947 887 1268 7531 8336 5329 5784 10347 7245 7316 1801 2523 3367 5590 5723 6359 7612 7697 7189 9301 249 8751 7515 12263 4278 7953 12311 2631 3560 3456 11041 1639 4893 9784 12276 3490 4172 4490 6811 5397 8029 634 5449 7017 4201 7369 8119 2183 9799 1476 11632 735 9218 2001 9809 7128 10525 1806 8452 11728 2138 10631 2203 12722 2470 5219 11586 2794 12638 2427 4776 10734 11114 173 3653 10680 299 12070 256 2452 1938 6084 850 3123 3590 4827 9710 2366 8739 5918 9682 13 12710 950 6244 6497 11241 4769 7995 10563 4685 12100 4277 6174 470 11142 3259 4894 8098 11536 13118 530 8179 3314 3956 10764 3138 8321 579 4671 660 1314 6172 6908 5947 11210 7263 8496 4830 7497 5519 10155 814 11213 5869 10505 4614 8157 598 9993 905 7436 7547 10627 10952 6996 7882 3959 12645 5538 8018 4343 4601 4640 8487 4739 8015 7498 11183 2784 10262 3567 9066 5877 12147 5884 5914 3726 12315 3271 3682 8017 10086 10374 12372 2545 10634 5169 7283 1213 7535 8103 4025 5857 11015 12392 386 4243 10317 1208 4096 10244 323 5376 7032 5893 11227 12621 199 1944 423 2597 12287 5602 11061 2981 7656 8225 12465 4380 6220 4409 6390 6271 9399 2735 12756 6549 8361 12359 7115 8400 848 11299 1175 7778 1979 8995 5201 7058 2242 12452 13325 2719 12790 157 8868 5371 10336 6621 11590 3507 10623 11045 11790 4580 9549 628 12535 
8234 13047 13368 
955 3267 3369 11120 1681 2349 7721 9940 6059 7723 8019 10300 2670 6223 3774 6305 4584 6724 11946 7899 10462 4526 5314 10204 10238 11 5184 1943 9800 2563 11257 2018 12270 4101 6068 2152 5593 11312 2397 5644 5666 9872 10934 12043 1034 6756 10888 13166 13189 9468 10742 5170 12742 3524 5247 5955 12493 12697 5128 8205 1070 6616 5411 10107 7678 10311 10653 220 11225 2350 2697 1857 6457 11749 12077 578 8727 1126 3129 1413 4687 5112 11657 13123 2684 2872 2958 5687 6476 7456 2739 12272 685 4426 8804 5863 11528 3532 4080 4758 7225 7984 10275 7277 9330 2195 12526 11942 12005 174 2939 2859 2877 3387 9634 9987 11907 6712 9417 4314 5710 5154 9248 714 4148 10006 10620 12604 1366 3274 3330 7633 805 8439 4986 5639 12675 2701 9281 4158 9419 9016 12225 3741 5143 4175 7597 1043 7037 3362 5978 6165 11727 5125 7313 1691 8173 9174 1771 3710 7587 7915 9222 9905 1349 3536 7946 6544 8371 66 1635 3519 6680 5206 12405 1577 8719 5320 10963 4457 10870 3212 8493 4258 10033 1309 4771 9258 2119 6155 6751 2473 9504 9276 12469 408 11012 11670 1079 6606 3569 8404 4337 8813 1894 1975 11089 4528 10498 2424 2653 7134 9503 3657 4230 3355 6272 2248 6719 8914 5422 7042 4324 7563 9344 2095 12284 4534 8826 6310 8182 8691 12787 4491 6788 11477 8063 9548 4196 9629 10864 5363 10641 1339 12812 900 3885 6625 11712 337 1547 5324 12402 8351 8478 966 2434 8481 503 2391 3725 11336 2820 12211 3940 5312 8174 11523 8938 11789 8036 9765 711 12201 1325 9266 9944 11940 2165 4113 2685 6593 3745 4057 965 2053 3449 8208 1278 1932 2020 4254 2303 9060 8444 9143 10203 3562 7530 9636 4193 8998 9414 9659 6779 11859 2229 4637 11880 4497 11804 11821 12062 1017 9165 6364 8597 9224 314 3110 4688 5309 9842 10494 2824 8970 10786 5536 7858 4390 7981 9290 10947 1704 2748 806 3136 9759 1060 4340 648 7802 2644 5293 10134 2254 5975 3976 6928 7323 2234 10857 8152 12496 2153 5744 11898 2230 7626 12944 3061 6573 3354 12745 6493 11581 4353 8331 6631 11832 6060 7748 9182 10880 12506 1688 13564 105 4125 11068 6113 12259 5581 6747 2179 6754 10840 4244 4879 2833 9925 2101 6304 10868 6488 9906 2727 9341 10085 3872 11591 2757 10833 9108 10774 13104 1772 3300 3340 5702 841 11416 1898 3693 9369 4675 12020 1655 11289 4763 11101 6910 8806 7308 10781 252 10188 2288 2738 5013 7469 8052 10578 3105 11232 5099 8368 6689 8423 171 1000 6630 11679 3800 10927 1729 2265 2802 6759 1392 5512 431 1712 2836 3378 3641 81 4329 532 3031 10601 7188 9348 1471 12617 4088 5904 9443 1706 9752 3426 11788 4809 5768 6637 10268 1050 2613 4909 9045 5289 8683 11340 951 3499 1566 3550 2410 8317 87 10551 
8387 
8410 
8615 13105 13238 
8965 
2962 9551 10048 6970 9537 40 1076 8101 2272 2566 6777 8973 2076 8588 11526 5159 6667 8609 5748 8265 4954 7194 8852 9384 2078 9272 2220 3246 5527 8344 945 11084 3804 5305 5756 777 9553 7454 10464 12328 1564 11400 7811 12545 2481 3748 8887 8917 3591 12314 7250 11792 168 10432 11664 5617 7522 6801 9026 2127 6935 4072 9398 4644 5811 7649 3243 10199 586 1660 4753 5193 12309 12799 897 6885 5831 12141 1155 6721 6781 8954 7762 9179 3398 12416 2147 10806 2968 9130 10269 2205 3955 2574 5728 2729 6797 4773 5304 779 3548 1844 12388 1846 9644 3494 6387 11048 1697 3361 4628 7156 3589 3997 336 1425 6842 3326 4967 6405 9445 11480 1338 5204 2096 7567 10138 11456 1177 2625 2806 10338 9260 12298 657 2884 2624 4719 6108 11004 6249 6536 2527 8575 2087 6706 12735 3338 7108 9380 253 7688 8001 12122 4523 9597 345 8405 11814 27 1096 9300 1733 3265 5393 8492 1011 4128 2557 4890 2169 6952 4471 6627 7467 8352 4085 5677 10370 8398 8447 9312 3654 7232 6424 8047 796 2870 5092 6429 5845 6054 6300 11285 1014 6763 6327 9030 10751 2850 5474 8042 1630 6266 11363 3771 4437 1506 7348 7671 11500 12421 6558 10935 175 8412 6592 7354 8141 12175 9166 11067 471 9043 2154 5251 6784 1368 3245 1828 7238 4577 12534 5871 9492 512 5046 6192 813 4059 5275 9070 3407 8051 62 5999 7009 7637 311 12408 2014 5996 11770 2212 3088 4722 3311 3472 3437 11418 4965 7094 1916 5291 4631 8171 11820 3966 4075 7686 7417 9643 2025 8788 2540 11773 4787 5094 5195 7475 6542 6633 12627 1473 10976 5336 8343 7793 8939 1117 1911 6929 9034 9501 10721 80 7904 11107 1373 4410 1820 4190 3344 8767 6866 7237 462 1526 9919 592 925 2915 4839 7296 9404 3422 8316 11412 2199 12578 3842 8953 9651 6198 10617 7956 11180 
9237 
1130 13013 13453 9429 13286 
9524 
3107 9563 13260 13408 
9639 
9648 
4730 9505 8420 11881 4106 12040 12632 262 5366 1136 8972 3247 9744 4168 6765 9998 11217 9308 11373 6663 10282 11377 1254 8115 7796 9617 7158 8667 188 1913 8543 12743 584 7550 4351 6307 4050 5355 309 4282 12370 455 11527 1624 4728 400 1961 2703 1279 5740 899 9279 1527 2840 3526 3915 6671 3040 4700 9421 10567 1046 2137 4124 8123 4609 4632 2503 8092 3576 11209 4635 9363 1626 1822 4633 4262 12789 9245 12206 10276 10593 3102 7826 5689 8590 9934 4511 6674 7259 7287 4339 5785 988 8297 999 11763 225 6727 2182 8066 7426 10381 2889 12659 4219 6003 10136 6731 12209 6971 7449 7001 7139 11231 11857 9208 12701 2686 12398 3666 8127 9252 9661 176 8583 1098 10340 4486 12730 369 1023 5022 8968 6039 11672 7875 10246 855 1876 2235 2867 3811 564 5089 7837 10690 10157 10431 6972 10780 1692 11403 2377 9764 11329 11735 450 2555 5150 12612 4297 8873 1860 9120 7412 11961 4764 5574 412 540 963 4481 8951 622 1616 3163 3463 9978 10373 9095 10231 9508 12572 11320 12695 3496 6281 9338 11547 6443 9927 12301 2585 8158 12000 12095 1328 10575 3470 11438 8517 10053 11356 4653 6831 3801 10002 1031 10457 1198 2658 4089 4533 5729 6500 7264 8411 11212 1807 2604 10553 11345 748 7483 11638 1019 3146 6065 11361 184 11655 5921 6942 3832 6017 10495 10152 11754 4860 10247 1207 5431 6019 11569 1433 1837 6496 4805 4932 202 2767 11757 7167 10042 12091 12094 2505 11671 1376 10191 390 6691 2401 12693 3948 6382 3728 6456 459 1395 10701 2535 5541 3834 12308 5931 6047 7746 5919 10024 758 10256 1049 8091 5180 9441 12379 
1684 12105 1654 8102 3568 8177 3889 11511 769 6849 6923 8589 1151 1501 1491 9729 6299 11576 1009 7218 5000 12569 5418 7306 11725 3384 12418 1759 2803 5440 8603 2298 4443 2343 12226 4272 6273 5357 8277 12401 12706 5446 10523 5780 7971 6483 12536 8285 10506 344 11936 3466 6498 6029 12764 956 4362 9679 7088 10726 645 1290 8524 12230 12804 623 9459 882 3024 8772 715 9075 5231 10965 3104 9115 946 5356 3139 7459 9861 12422 250 554 613 8076 11324 2015 2635 3530 9078 12630 4475 8935 651 5882 1813 3846 2419 4680 9924 11934 2455 11502 1455 4008 7439 4642 6934 26 809 5107 8881 432 10615 10305 10453 10753 12322 1668 5950 6381 10983 11237 3194 3675 4079 7970 12515 3392 5152 1022 11558 302 971 13443 3888 3924 12522 1754 6279 1872 2500 4271 7630 2988 9560 10530 10009 11159 1723 3350 4708 12251 38 10098 4977 10404 9725 10936 3207 4892 11395 655 6495 7342 7234 9967 45 50 7885 13014 8250 10113 4032 11387 13497 9769 12841 10405 12968 6199 6946 12908 662 4017 6877 7540 5550 11650 1885 7703 1945 8227 4328 4945 7784 1609 12167 1554 11238 2056 11265 2363 5743 12089 12369 2754 3417 6537 2816 3773 7735 2281 6325 321 8131 8644 10876 13283 4790 7857 3755 7140 12903 6400 13196 896 8576 11594 5803 9835 2267 4972 9534 2805 3505 2959 4097 6120 11753 5533 11605 6858 9394 3662 7021 4383 9383 1456 6407 6470 9706 11071 3563 12773 1451 8300 3414 5986 6246 11828 12530 3841 12547 5783 11442 4020 7552 8773 9167 3049 12609 7976 11202 9695 12220 8195 13537 8812 13441 1226 1768 4485 5232 6918 10785 3854 4971 9318 2982 6168 9539 12482 3290 11437 880 1758 10407 3277 7343 934 11043 2271 3868 2676 10595 13454 3297 6875 10190 11615 3920 12374 770 7355 2029 2108 2129 7159 8457 4346 7272 3622 9461 1788 3296 6957 10368 11439 1078 1365 3981 4501 6976 2462 7873 9183 894 2732 12588 6254 6890 3418 7099 5588 11474 7966 12810 1348 6006 1174 3930 11454 8200 8945 527 7994 823 2547 3429 1606 2361 7846 7534 11189 4167 7774 3789 5933 9813 3412 4487 7646 8653 684 1781 8121 10921 11473 1047 6853 
9938 12878 13487 
692 2352 10116 
983 10325 4169 9077 10854 8073 12255 382 2645 4159 12010 7303 10815 5263 6404 7510 1652 3103 3827 8571 9342 11689 7855 10299 583 4930 4218 8922 46 8111 4874 8213 11781 2313 8070 9296 10725 1988 7832 7997 920 4081 12265 4844 4933 6312 8379 2038 3037 5452 7070 7903 9803 11163 11348 874 7575 2409 11432 9161 11343 560 763 6526 7666 2717 2829 2432 6314 3093 7520 5230 7227 4325 11765 11890 5875 7092 9336 8087 12384 12648 3797 11509 713 7950 1825 5766 8305 4111 10628 6557 9485 8369 10852 2854 10447 5817 12565 3173 12664 187 1452 10342 10672 6956 7192 1541 2808 3339 9482 4007 8505 8207 10910 7433 11216 3573 4002 10962 5806 6401 859 2231 3802 1690 9554 4699 7409 11338 11647 291 11704 1336 8832 12343 5308 7622 710 5867 2895 6117 4516 9186 11967 6901 10452 712 9977 1608 3581 12684 9335 10304 3946 9029 1964 8626 3680 3761 11008 7054 10646 6182 7803 7883 9036 11989 7991 10973 2458 3634 6809 9669 1922 12216 856 4928 8094 1508 8135 2275 2600 1156 2920 10228 11582 6433 9139 2749 9792 12223 4460 4887 2536 3762 11958 3481 11988 10179 12709 
10201 
10321 
439 10327 13403 13554 
10395 13197 13380 
10510 12975 13107 
871 10046 6159 11306 12123 1132 3332 3203 11060 4908 6435 1144 4151 10532 9786 9948 348 1154 7391 3322 4897 865 5517 487 6296 1431 7756 9440 2699 12376 3943 10699 7635 9291 11415 1252 2579 1866 2120 1367 3812 4129 4749 12244 12582 9627 12608 1262 11949 3365 6980 1693 2039 6813 2643 9681 251 7116 2243 8204 6211 7209 2180 10172 13225 6571 13389 2823 8198 11719 12658 13023 1016 7902 6142 8380 180 8399 2133 4449 3715 6209 8899 11135 9747 12666 343 7582 10878 8925 9795 1612 6816 3097 8443 8681 1640 10274 4934 6465 832 4625 11034 3156 7937 10439 211 5861 12457 5156 6076 6669 12642 279 9227 3880 9990 1960 7458 4568 11290 3341 3778 4851 10741 4570 7063 7203 9431 2289 2789 6660 7126 1954 8578 3605 5486 488 6056 8678 2672 4330 5824 10797 12329 77 8350 723 8885 3075 5840 12049 3852 6143 1996 3381 5858 11596 10008 10454 1991 11849 3050 11190 567 9693 7122 8795 234 8536 477 11330 12236 1740 5145 10913 12306 638 3090 11476 1316 6903 1082 11268 1474 11177 9785 12474 1221 9980 1320 12267 1949 9372 3807 5720 4397 4861 5459 4345 5963 10451 7719 7881 7198 8289 7395 12203 862 4912 10951 11815 2708 13239 1498 7536 6534 8768 803 9104 185 12074 2420 5815 193 2314 6953 7440 9702 11050 4519 7694 5463 6288 3232 12271 4294 11334 6336 6774 3580 7418 3583 3701 4904 2873 7178 7464 1384 5774 1833 3574 482 2044 3944 9464 479 5140 2451 7314 9450 11604 
1241 2066 9006 6437 10571 626 2346 5444 8871 10855 9854 10020 5290 8165 10326 1420 10073 3585 6728 6357 8712 4126 5027 886 6123 8650 5151 8950 3882 9514 6475 13000 7173 8024 13358 1149 3667 1363 1859 1434 2259 1971 6634 3939 9834 4011 12310 7302 8124 2055 8744 869 10791 6830 10942 1360 7853 7485 11521 883 9033 12995 997 1818 6328 6717 12067 7388 12184 8242 9847 6898 7000 3286 6333 2047 5272 1904 2277 1173 2449 3427 4693 214 7180 9846 962 2655 1124 7817 1906 8075 1397 7808 9085 10500 11930 12324 451 5805 6879 12462 8440 9525 3351 10413 490 10332 1172 1707 6856 7231 3221 5984 7816 12802 11557 12052 380 3575 2896 5609 95 11877 6939 7978 5081 10712 10928 6331 8851 4012 10121 6851 8913 4092 8324 10467 12785 330 11774 3929 4777 5949 8718 561 12984 204 2760 4846 7043 3442 7988 926 1703 7143 11425 594 3756 4293 7570 11218 436 3982 229 6398 888 12083 448 1028 7769 11561 1929 6734 10239 2460 9704 9658 13285 13372 3452 8309 5164 13278 6053 7812 9193 10064 11673 11739 4227 13412 1062 5044 6871 2516 10550 4207 8546 517 12097 1374 1767 13543 3937 7795 7681 10577 12641 4539 5332 8908 12237 9025 10123 3224 4173 7614 10700 4480 10579 953 7558 4396 7581 2978 8789 4327 9690 4966 5954 10472 4070 8028 5080 7186 406 8011 6093 10022 5725 7851 88 9101 1794 12498 1780 7843 1811 9105 1593 3430 6477 11258 294 6740 10681 4720 10583 5810 9275 3500 8163 13336 3795 4667 317 12777 5223 6646 6864 11686 13479 3218 5417 3152 6870 6872 12078 1568 3377 13351 1879 6282 10488 8568 8686 9855 852 1995 5733 11848 8081 10848 2929 11488 8735 12691 4740 8097 7589 9087 4285 4289 1007 8834 8168 12683 2365 3918 7888 11452 
10958 13375 13502 10968 13514 
11117 
11496 13313 
9002 11510 12823 13503 
11524 
11602 13125 13231 
562 12656 2948 9446 2171 9230 1323 7720 4558 5655 8981 11915 557 4757 1695 2219 10289 10442 1160 7450 3301 10761 97 4458 5718 9778 5056 6758 9284 9753 1453 12705 3881 8859 8598 9520 207 3763 11315 3261 5800 2082 3251 5547 12391 1849 9457 6742 8817 1714 8516 4066 11983 4369 7421 3415 8930 441 1118 3919 10168 4149 10259 5048 8161 5627 12366 3006 8418 9083 4453 7292 10241 2943 6773 10130 11240 1468 9373 1488 4950 1737 2251 4048 3618 5425 6063 6688 6392 6958 1259 7508 5032 11341 5300 12768 6729 9506 4808 9890 11742 334 12435 3864 11092 5438 11091 6524 8156 8288 12075 10606 11512 1280 2695 8359 6614 10697 3736 6588 4470 11628 161 4652 4676 5964 11072 2311 6049 8594 7982 8926 2616 6149 4427 6183 4496 9430 3501 11732 10570 10838 994 12333 1636 2063 4993 1219 8701 3485 6219 7753 9056 10234 1372 10586 10030 11951 7740 9367 6564 7363 10418 1790 4264 4205 12156 10743 12059 2909 8416 2813 3506 7338 3584 10590 12281 515 4587 4649 6748 11677 8705 12410 802 6156 8984 10258 12125 619 978 741 3520 11487 114 10496 5330 6632 3469 11371 5354 11284 4434 5648 9159 6258 10795 341 772 7 5338 1482 5604 8886 11724 3867 4665 5053 9733 1438 7879 10748 1569 7755 582 2646 3746 10636 1335 3539 3681 7007 5680 9376 12131 1239 7895 8782 10509 52 11475 99 1406 4670 8569 11903 440 12441 
92 1018 7257 8245 12104 2036 6915 1840 4585 5912 7789 10436 8880 11450 5891 8468 6657 12460 2134 6540 6607 7266 9329 5134 11643 4051 5054 10597 11383 12815 3069 6828 11293 11740 5262 13008 217 5678 2332 9901 138 1345 1481 1930 12446 4439 11174 11469 1732 1901 2926 3596 6033 8975 9164 11550 9910 11030 7113 11964 1030 1138 11399 1292 3337 10450 7974 10643 3295 7822 3571 12028 4703 10647 5716 11863 573 7512 2185 8105 10717 2882 7403 2906 3646 6208 7246 5097 11597 580 4350 7365 1933 7077 7311 10476 7601 8113 5240 11161 1260 11188 2678 5676 1765 10290 2720 10294 5906 6213 9442 10793 85 11966 5260 8193 9994 481 985 8900 2897 10940 397 11730 5980 12292 5337 8276 228 10255 237 7983 10490 1347 7936 10214 10801 1931 10916 11150 2562 4663 2955 4257 2830 11244 6350 9918 6481 7018 4361 6881 11641 6418 10287 59 8178 6943 8155 136 1700 5043 8781 5571 7561 449 804 1493 7269 11182 12017 1855 3952 4261 6163 203 1029 1058 4413 7061 3441 12455 1170 11759 13050 1959 10351 1912 11482 4195 6762 975 3698 6932 8937 9935 5705 11422 82 6106 2974 9171 11393 7087 8979 9804 4573 9433 9956 609 4574 2933 11913 2691 5607 2741 4938 1512 11149 10077 12101 9484 10937 2258 5566 181 9703 6735 9751 707 2160 2492 3538 12527 1620 8342 2456 6486 4260 4442 5416 9985 2702 8755 2057 3631 5106 8573 103 968 3281 9886 452 4525 5130 5913 4690 8818 7613 9410 6096 10924 11688 3021 10484 2008 11380 545 6144 1517 6951 3493 12312 6235 8132 71 7696 12348 3783 5603 5826 7480 5832 7599 1596 7618 11153 11194 2065 10016 3553 6837 5652 9119 3849 5847 917 9305 7702 9436 7410 7965 2079 10103 9833 11263 936 3603 3554 4389 5119 7797 8796 9594 5496 12867 13534 3403 9408 4038 8704 3950 9355 11858 2598 8746 2565 9694 8340 9983 292 2543 2358 4798 760 1418 10950 4899 9125 13473 11255 11710 3214 7804 6523 10176 12646 7555 7912 8085 9540 2187 6598 70 7372 12597 5076 8510 287 4885 3208 10685 2642 13212 9071 12409 3076 9488 4586 9780 3873 6832 7516 1020 8261 3587 8472 947 6334 12731 3776 5060 614 7771 1550 6067 7571 6362 7441 9423 6732 8473 5299 10331 3256 6403 200 9642 2507 8089 10596 11623 6035 7026 4858 6519 2031 7162 8391 4233 8811 10514 3333 7165 4331 9187 839 12239 1394 12591 1895 4147 10762 2773 10076 5011 8048 10654 6863 9181 4249 9146 7941 9637 5396 5671 385 875 3140 4698 5715 3975 11809 11074 11952 
11965 
12023 12821 13044 
12092 
2917 8671 3180 6609 8175 6694 11886 6954 7655 10960 6402 10333 11953 3556 12472 13406 3984 9571 9798 4317 9261 1038 12353 12853 3376 4561 7691 8142 9263 10584 3522 8855 10986 12647 10566 12305 4709 10318 526 8823 12313 4983 7907 6458 12832 13472 6861 7429 2236 4295 4914 9057 10713 11191 980 9320 3635 7091 3269 13063 4702 12943 5553 9712 1845 2722 13021 2261 11066 6568 6626 140 10243 569 2447 11831 7487 10449 11058 11408 3086 5287 2636 9830 3632 6344 11685 6510 8290 4833 11532 9197 10856 12753 593 6640 11838 3994 7585 8053 11950 11954 1888 2385 42 4474 3699 4834 2740 10562 7351 10850 3863 11003 11082 2318 11184 2412 12669 6408 10518 11796 6711 6975 7577 11553 724 8428 2255 10821 468 8896 6506 9465 656 6013 6175 11653 1747 7910 4336 9339 1322 1838 1419 8657 1986 2172 2213 2608 7701 1973 7184 13423 2599 4658 11167 1968 10573 8062 11924 4456 12319 1992 6749 9677 13394 9496 13164 892 3627 4985 6431 3347 9911 12022 12407 3484 3609 4944 7718 7104 10469 4382 8760 10133 3005 4559 6406 8737 10568 12778 524 4969 7179 918 1958 10167 8508 12497 13131 5642 8454 2632 7562 10970 9234 12154 952 2368 8619 1861 9203 1770 5007 8636 4063 12157 1401 6413 1874 6036 6846 523 6285 2589 12610 3960 7315 8978 9141 4995 12723 8555 8585 2649 8941 9326 631 3373 10220 8560 8717 1298 4859 1436 10557 7340 11160 7214 12073 1355 8840 12111 126 8246 6624 7381 11929 5736 9470 10100 4222 10954 754 7332 6896 8149 8579 1735 3737 8236 13024 12335 13086 1972 11656 22 2241 1389 8659 7396 10072 529 5853 8 5405 260 1107 3502 4268 9761 4659 6295 6070 12179 8703 12143 8530 9848 1497 13467 247 7786 12677 1622 12188 
12294 
12542 12861 13513 
12822 
1382 12825 13048 
12826 
4077 12827 11459 13037 13321 
12828 
12830 
12831 
12842 
12843 
12844 
12845 
12846 
12847 
12848 
12850 
5467 12824 12829 10819 12851 
12852 
12855 
12859 
3486 12862 
12863 
12864 
8107 12868 13261 
12869 
12870 
12872 
12873 
12874 
12876 
6097 13187 6654 12879 13481 
12880 
12881 
12885 
12888 
12889 
12892 
12894 
12895 
12897 
12900 
12902 
12904 
12905 
12906 
12907 
3565 12909 12979 
12911 
12912 
12913 
12914 
6575 12917 13154 
12918 
12919 
12920 
12921 
12922 
12924 
12925 
12926 
12927 
12929 
10574 12932 13185 
7642 12933 13507 
12935 
12938 
12939 
12940 
12941 
12945 
12946 
12947 
12950 
12952 
12956 
12959 
12961 
12964 
12967 
12971 
12972 
12974 
12976 
12980 
12986 
12988 
12989 
12990 
12992 
12993 
12994 
12996 
13001 
13005 
13006 
13007 
13010 
13011 
13012 
13016 
13017 
13025 
13026 
13029 
13033 
13035 
13036 
13041 
12351 13043 13130 
13045 
13046 
13049 
4239 13055 13335 
13059 
13060 
13061 
13062 
13064 
1974 13065 13223 
13068 
13069 
13073 
13074 
13075 
7651 13076 13276 1647 13100 
13079 
13080 
521 13081 
13082 
13084 
13085 
6145 13087 13284 
13090 
13094 
13096 
6786 13471 13501 876 13097 
13098 
12554 13099 13480 
13102 
13103 
13109 
13113 
4090 13114 
13117 
13120 
13121 
9858 13122 13135 
13124 
13128 
13137 
13138 
13142 
13144 
13145 
13149 
13152 
13153 
13155 
13156 
13157 
13158 
13160 
13162 
13163 
13165 
13167 
13169 
12135 12966 13028 8136 13171 
13172 
13173 
13175 
13176 
13177 
13178 
9047 13183 13275 
13184 
13188 
13190 
13194 
13200 
2282 13201 
13202 
13203 
13204 
13205 
13208 
13209 
13214 
13217 
13224 
2573 13227 
13229 
13233 
13234 
13237 
13240 
13241 
13243 
13247 
13248 
13250 
13252 
5483 13254 13319 
13255 
13256 
13257 
13259 
13262 
13268 
13269 
13271 
13272 
13273 
13279 
13280 
13282 
13292 
13295 
13296 
13297 
13298 
13299 
13300 
13302 
3304 13303 13416 
13305 
13306 
13307 
13308 
13309 
13315 
13316 
13317 
13318 
13320 
13323 
13328 
13330 
13331 
13332 
13339 
13341 
13342 
13346 
13348 
13349 
13350 
3757 13352 4150 13409 
13355 
13359 
13360 
13366 
13367 
13370 
13371 
13373 
11888 13377 13551 
10768 13378 
13381 
13382 
13384 
13385 
13386 
13387 
13388 
13391 
13396 
13397 
13404 
13405 
8814 12957 13027 9561 11729 6687 13089 6604 13407 
13410 
13411 
13418 
13419 
13422 
7773 13393 13414 705 13424 
13425 
13427 
13428 
13431 
13432 
13435 
13436 
13437 
13438 
13440 
13442 
13445 
13447 
13449 
10055 13450 
13451 
13456 
13457 
13458 
13460 
13462 
12758 13463 
13464 
13465 
13466 
13468 
13469 
13476 
13478 
13482 
13483 
13484 
13485 
13486 
13488 
13491 
13493 
13494 
13495 
13498 
13499 
13504 
13505 
12568 12965 13277 5203 13034 7863 13508 
13509 
13517 
5619 13338 13417 11014 13518 
13524 
13525 
13527 
13528 
13531 
3912 13532 
13533 
13536 
13538 
13540 
13542 
13544 
13545 
13548 
13549 
13553 
13557 
13559 
13560 
13562 
