0 
131 12854 13210 
179 13115 1 807 12969 8633 13365 9700 13541 3757 13352 4150 13409 
374 12931 12978 
404 13413 
501 
542 
783 
2195 4758 12526 6747 7277 11528 12005 1366 7225 3532 4080 10275 7587 7915 1060 3136 11804 503 2391 3811 4497 1278 2020 9759 2872 2958 2684 7456 66 6680 805 4148 5639 5687 9634 2859 9987 11736 11907 10620 12405 3330 8439 2473 2653 4457 3710 4175 1309 5206 6165 1771 7134 9636 11670 4254 7530 9060 6039 11672 2053 11012 9414 11859 3274 6476 2234 5293 408 12469 11 12697 314 12043 5536 7858 6364 7981 2824 8597 8970 1943 5170 2018 12270 5863 12493 83 4482 10524 11657 3964 4341 12570 13515 899 1667 8546 12479 2697 12077 2350 3129 11225 1413 4687 8727 9872 10934 11257 3227 12080 1126 5112 13123 6355 11812 1795 9907 11669 6578 7489 9963 6068 7723 8019 10300 967 7279 10705 2145 5326 2153 11898 2230 7626 12944 3061 11581 6573 12745 1688 6493 13564 5744 6631 8331 4353 11832 3267 9800 5645 10755 578 1857 2152 5593 6910 11312 2397 4101 1034 6756 10888 13166 13189 2563 4390 5184 5644 8806 2388 5955 3524 7438 960 4717 6055 9058 7844 12788 4731 9096 6948 12513 3369 4209 13161 4034 7678 857 7716 9290 4447 10947 1704 11942 3572 10206 2748 4756 5581 6304 1017 9165 648 2303 11527 4340 10381 2703 5740 9279 3110 4688 10578 3909 5013 5666 11749 2833 5309 7802 455 2288 7469 7984 9224 9330 806 2738 10786 3354 6022 8747 1784 4368 8797 14 7739 12273 1549 9393 10222 12856 76 7960 2093 8280 1557 9103 1681 3774 7721 11120 7899 11946 6059 10462 12742 493 7252 7798 5490 10238 4526 5314 6724 11826 2341 3626 3694 12219 3411 9767 5059 8036 2746 3616 6733 5707 10112 2351 3685 1349 7511 10544 12213 198 2292 1383 2101 9765 10868 8938 11789 3536 12776 4252 4314 2724 11691 4256 7037 5154 6007 5125 7313 9905 1043 3362 8371 10870 7597 11727 2179 10840 6544 7946 10018 12604 2971 3352 1635 2013 7010 4793 6132 1953 7754 6071 10773 2839 7537 6356 8248 714 4105 6754 4270 9480 1669 2894 8355 8742 392 3432 8025 6311 8620 3551 6892 8991 12492 3335 4624 5317 2673 11038 3519 10006 11086 4841 6535 5796 10253 7517 7914 125 3658 5379 8542 11444 10235 11529 3163 3463 10118 12806 622 5366 2588 11028 262 11881 3576 3976 9281 10373 9505 10501 11151 11440 11567 5042 9419 10162 9099 9978 10170 12235 6003 9744 1913 7158 7426 8667 4168 6765 9308 11373 2434 5324 6672 8158 5978 6799 1616 6214 9095 10231 337 1547 12062 12211 12402 963 8517 11361 4106 4730 184 4632 4609 8123 11356 5921 7708 10047 8420 8430 6928 11821 1691 8173 9174 2644 6779 855 4633 11735 2701 7323 1193 5801 1822 8943 8972 4158 9016 4816 9222 10857 12225 2733 12496 727 4949 11209 12581 
812 
1123 
1197 13018 13242 
1260 
1264 12899 13516 
1382 12825 13048 
1166 2637 6919 9903 11709 230 7098 8357 7522 9648 5617 11833 4185 5737 6280 8382 7507 12484 300 1414 8898 10129 3848 11676 7364 9452 8631 9914 9156 9500 2297 9975 11515 1880 5401 7565 11816 1798 2750 1934 2051 2753 10902 4284 8095 11947 8446 11491 913 10346 10853 3592 4925 8479 6320 10889 414 5789 1249 11683 8729 11044 356 6236 10201 2035 8419 3860 9001 12639 4845 8442 5930 7848 6702 11141 665 6124 1921 10021 4220 8504 1980 12516 1304 11234 3070 3844 12622 718 8251 1285 12264 1657 12761 3210 6001 5316 5934 7738 6080 7685 1412 2970 1115 12404 3540 4551 4552 8203 8462 1388 10089 2386 12486 3829 8279 1987 10655 7823 8774 8916 12003 4322 9572 93 3664 2688 10430 2667 11249 6051 11405 3489 10277 10169 10831 5859 6114 7424 2586 4618 9395 9989 3808 13066 9755 10031 13095 1893 10582 4929 9877 5387 6530 11424 4388 5041 240 8348 132 7792 1963 6661 1734 3853 1882 12637 2877 8453 700 4666 4135 8431 12817 2486 6066 7243 5672 6936 10140 5504 12181 338 5664 4620 6662 3101 9283 10314 1282 6897 3541 8221 6882 9772 5183 12218 467 6833 9273 10648 7794 9615 8507 9737 12640 264 10923 5088 10014 3015 10313 5586 12355 2139 4557 2208 5233 3933 7352 7580 8366 9968 9538 10178 2264 5592 9641 556 3890 551 7680 13267 986 7744 10703 12079 6445 6805 2841 12987 1489 7322 1698 8257 5037 10790 1595 12362 773 6399 6426 761 1868 2815 3597 11846 430 10688 6041 6291 3972 9229 10546 4241 8269 10000 5542 5973 9692 349 2206 4014 10955 7416 12670 4063 5007 5193 1946 4864 12411 820 2734 3857 10998 1371 11805 4924 11419 7549 7913 6140 9065 9297 201 519 998 1105 9255 5622 6283 7053 8763 10217 12316 585 618 5034 1865 6808 10105 10363 4054 7724 3855 4072 7799 4200 6238 8258 9853 3482 3638 10485 12160 1003 6532 4755 5584 7788 166 10912 496 4541 1863 3953 5090 7827 8303 8664 11871 8188 10966 11350 12042 
1480 8274 10321 
1925 
1627 12890 2979 13361 360 12893 1939 13347 9155 13266 
2023 
2177 13071 13168 
2309 
2443 13191 13401 
411 13552 1584 9170 13265 10036 13506 2573 4022 13227 9519 13020 13230 
1546 12416 3786 12360 744 1739 1981 2109 11678 2498 8954 2226 9512 4626 8409 3759 6553 9476 2969 12503 5393 7181 6429 11285 796 6300 2793 7624 8356 10909 3398 9754 7762 9179 231 6781 8315 3336 12583 2360 3446 3014 4462 8538 500 5196 6635 7398 3425 3491 6499 7334 12450 4259 10328 12584 3236 11246 843 2548 7164 12144 930 3477 4721 1928 5559 9688 10065 11611 2619 9176 9894 3254 3828 427 2067 8407 5209 10708 5599 8130 8386 10409 12350 9315 12580 3656 7211 1985 9657 5172 6243 6191 11968 4664 10416 3170 6151 10081 2592 3684 3692 12102 4896 6369 6563 7806 5841 8334 10139 2615 7219 8184 8275 5244 8630 2268 4444 2761 11260 418 8552 1590 11111 6023 9881 5311 9495 2578 12766 367 6656 1250 6909 3566 4648 4917 5528 8927 12674 1962 6590 5782 13363 1993 10110 4527 9904 4804 10387 5402 10101 2319 4242 12644 2737 13207 2274 5994 2640 4694 1391 8574 1291 10487 2825 9054 861 4360 3181 11186 6827 11606 3533 12117 513 5742 5430 9447 1589 4036 6210 1361 8414 4083 9757 4433 4691 4513 5222 1263 1570 3764 5621 2354 2429 5750 11453 3198 9044 5161 5885 819 10443 702 1742 4947 10792 2726 4499 5819 3056 6287 630 4313 2669 7732 6591 10905 10971 463 2048 7866 7350 10587 4028 6284 4537 8410 611 7379 1261 2620 1536 7298 7849 1409 2256 11322 2110 2848 5700 10788 8435 8562 4582 10271 10040 11169 780 2399 12038 4042 6137 10106 1405 5083 10335 3978 11272 9157 13192 9952 11840 11979 12524 1015 11211 327 669 4476 1678 12317 2130 2205 3955 1744 12297 2147 3651 5728 7528 9130 10806 4696 9789 2850 3748 9868 2968 5294 175 5304 3265 7348 8412 1380 6612 10576 10892 7031 12702 4775 5474 7354 11067 3815 11612 756 8967 4071 10071 1947 9667 7268 7452 8497 10554 3052 11960 1679 7683 3195 8725 12254 4997 13151 4415 7733 8148 12357 844 7568 5384 7201 494 6361 6900 11766 8548 11219 4394 11037 3257 11616 
2659 
50 6495 1455 3139 142 10580 6072 8007 13038 45 7885 7342 8250 10113 1781 3207 11395 6006 12424 13327 6934 9115 302 12525 12539 4642 13014 250 432 4008 7459 9078 10305 10453 809 2455 2015 2635 26 5231 10965 1917 3924 4136 3888 12522 655 6279 946 1754 1312 3292 9967 104 6240 10054 6826 7922 7050 9490 361 554 3264 8254 3104 7361 2363 7774 4790 6400 13196 3789 5933 7534 4167 7857 11238 1723 4708 684 2547 10921 8121 11473 10098 10936 2988 10530 6946 12908 3868 10595 11043 934 7343 2754 3417 3773 6325 8644 10876 13283 2500 7630 1872 2676 13454 3350 9725 4271 7234 3755 12903 5743 12369 10009 11159 4032 11387 6199 9560 9769 12841 13497 10405 12968 9637 10076 7941 12292 2897 10940 839 1895 7021 8975 11074 11952 3622 4346 7159 8457 10368 11753 2361 6246 3505 6858 9835 7846 8576 8048 10654 2773 5011 5826 5832 9167 11594 3412 4487 8653 1606 9318 7579 10514 9461 12239 12591 527 1768 38 4892 8881 10404 1226 5440 4977 12251 5356 8076 8603 3846 10615 662 7140 11650 1945 5550 2298 5418 10726 12418 12569 3290 6168 6877 8193 2982 9539 321 2056 4260 880 3384 12089 7540 11265 1908 2803 3297 6875 5260 9994 4328 7784 4442 8131 6481 7018 1554 8227 1609 4017 12167 1885 7703 1813 6918 10785 11437 4485 5232 12482 
5177 5727 3471 12066 5102 5873 3916 5708 10959 12461 4157 8977 794 9420 9625 2677 10995 7514 9493 4592 10899 5087 6757 3630 5979 6171 11093 3307 6579 6447 8780 10292 11956 3233 4333 11149 3538 4854 4744 11435 3731 5167 6087 13206 1561 2233 456 7594 223 5070 5982 10180 1567 11214 11331 3241 3817 3926 8046 2305 5836 5860 10396 6347 7800 1402 1478 7273 11835 9131 9132 5072 9939 9510 10989 12840 1500 2086 12373 2398 5113 5438 10441 3633 12342 11267 12435 2776 11891 4171 4261 6644 9541 9646 11091 5455 7545 6163 9959 59 12115 575 10866 3985 10520 11883 11253 13044 13053 4906 5137 9673 10692 4662 8181 11851 607 11798 11992 12442 7474 8929 2513 7943 8682 12400 8985 12499 5139 11518 12585 872 889 8403 1648 3902 9150 11744 1190 3309 3072 5343 5661 9602 10693 10776 1884 3055 5837 5349 8461 589 2713 246 2634 5144 7541 10528 8278 9665 9458 9715 4006 9926 4479 8273 686 3691 1539 6617 1817 3321 10662 7735 10255 2816 10380 8084 10104 68 11286 6275 8364 13126 639 2892 7121 8695 8050 10264 13143 752 12356 801 1327 7752 8144 2550 2575 9082 9118 9953 11618 1646 10990 3920 5692 1759 3277 3631 8755 5106 8573 8239 10516 2702 3118 4610 8484 228 237 263 2281 1347 2830 2955 5174 10490 7983 11244 1758 10407 12374 6537 11615 3665 8656 10190 2660 8170 4056 7248 5745 6206 6352 6677 8373 5197 11131 8988 9635 845 1935 2402 4186 2271 3154 10219 1058 5607 3787 7236 3952 5566 3441 12455 1029 12676 2691 2741 10077 1512 7282 836 4938 181 12101 1654 8102 7003 7933 2030 10080 1855 2160 9484 2258 10937 153 10066 2196 2514 4411 9945 4754 11642 6415 9703 10303 11208 
1604 2780 
460 6787 7698 3747 10975 1196 5257 1396 1487 1614 3769 6005 6377 12970 5217 11741 12491 308 8408 8928 190 209 2742 4919 890 2336 2168 7486 3639 5726 5254 5825 13511 1148 9460 1839 4398 5629 891 7548 5420 7923 3413 4538 8520 4507 5038 6983 9574 5820 8765 907 9204 12518 6695 10151 1095 6230 10205 4746 6775 339 2085 4365 7506 2140 10747 1628 2886 9407 3285 5508 4560 9353 7473 8353 10388 10625 4013 9144 2611 4543 781 11499 96 7295 8921 12426 1977 8923 10616 2054 4750 4029 12732 1834 12295 12786 1244 8645 3405 8333 5549 11481 144 4524 1199 6546 2164 2407 571 3542 5166 1179 11384 7929 12440 6533 12949 12951 170 6872 7271 1897 9294 9405 12261 2656 3837 5772 11718 13344 4312 4452 1133 13500 13561 1717 13547 678 8138 1364 5503 5473 9660 2794 3084 6440 7949 6439 8104 7325 11276 12756 3029 6503 7019 7861 9409 5450 10724 195 1165 6218 13314 6710 9850 9922 2520 12129 1275 7285 2345 11572 60 11696 2517 4575 4529 5163 119 5989 8293 5674 10931 12207 12734 701 2811 8669 8999 9340 1662 9247 2156 5329 2427 4776 3138 9218 6220 12638 4217 8299 1202 11220 4409 5852 7084 9791 538 7778 5371 10336 848 8400 8958 11457 12713 5951 7286 12337 1044 12465 5602 11061 157 6621 10434 5498 8617 11015 12392 1175 5784 2470 9549 735 6836 10525 3259 3682 8456 9728 4580 6549 5219 12452 3567 5877 12147 1476 11632 12359 8361 11299 1484 2530 1673 11914 12999 122 4380 5941 12245 63 8037 664 10481 6390 9592 739 5386 10125 7016 7876 6383 10827 442 12325 12476 1873 11081 2217 2735 6271 9399 8432 11199 13369 12511 12643 3230 10211 10435 3401 12444 2610 2804 12811 2369 3546 9748 5535 11806 5704 8771 1311 9323 4767 12395 1587 11073 1802 7169 8286 10460 12007 6157 10522 11353 13179 5468 7115 2125 6623 11917 2526 10117 362 653 7370 7766 2705 11283 2159 12770 13057 4711 8858 4517 6611 9140 9796 10376 1188 2700 2484 4234 8214 
2893 6170 
1851 10302 3047 12163 3813 8721 4743 7161 2340 2762 7682 7821 7307 9364 2989 5983 3316 4371 2790 5638 1778 8450 10408 7207 12124 5071 8865 2966 7772 7864 10371 11776 3120 9826 4177 8580 10545 528 4876 7135 12548 118 1599 3308 1036 1601 1710 3239 8632 2337 10377 955 12728 2389 4194 5279 3749 6322 7345 12752 7734 12109 602 6360 2564 6681 11207 4788 10711 11708 5247 12795 5411 10311 6912 7213 7967 9112 873 7155 9468 10742 2739 10903 7432 11042 7291 10710 8205 10107 2349 10653 898 11698 12614 3643 5315 4084 4948 417 8692 9046 3796 5243 9469 1751 8005 10735 4556 4736 12662 2779 5406 3460 6487 10594 1084 5280 69 9988 829 1769 4818 7051 4518 8240 1119 8126 328 10062 815 1829 498 10541 2670 4547 5128 5491 6223 6305 2263 6468 7675 8460 9256 11862 3745 6593 4960 9246 6461 8706 2088 12272 12557 1594 2165 4113 4836 7814 9969 3475 7339 7477 8866 5580 5624 7740 8561 10949 2306 6176 3028 9188 5025 6466 2371 6693 9727 5 9116 12775 3291 8164 6841 8895 6876 9531 3739 11371 1459 1461 4563 5026 5334 6911 5095 10644 5546 8879 9607 11310 3669 4230 5746 9094 8828 9902 90 241 698 1042 4445 5578 9632 12675 4540 9048 5991 7916 7114 12765 4326 12090 4403 5608 5770 6248 688 10029 3520 5338 127 6950 5267 12694 2891 9532 10843 1927 10849 4436 5395 5135 7634 3657 6272 685 4426 9659 11880 2229 3562 4637 4240 4584 8804 10204 165 9875 965 3983 1045 10673 5173 12793 2838 12748 156 4856 1462 5866 2333 13390 2801 5531 7182 7553 4068 6973 3803 5006 9562 3777 9486 6222 8820 4023 6434 9345 12134 11062 12417 6844 7836 11637 788 9347 7400 9225 9361 269 10956 476 3461 499 11675 1346 11314 1503 6345 12960 1209 9424 389 4043 10645 11273 12942 1540 6937 3085 11546 1756 4265 10261 11700 721 9454 12833 3018 13521 2348 6425 1223 7270 4206 10216 49 6229 9254 2559 11635 1805 2510 3655 8572 9251 565 4548 7177 5214 6577 9782 10981 1101 3474 5830 6107 7030 8915 2607 5894 2842 9295 1553 3836 1159 4226 4953 2743 7830 12174 1317 3165 4581 10312 4502 11201 3678 10459 1071 10984 8268 8490 9215 1773 5786 8219 3865 9547 3334 12001 4178 12717 288 7066 10295 12153 2214 5668 9185 12045 1582 12741 3364 7727 9588 4024 9257 736 10626 1644 11471 8263 12782 4286 9190 7144 13520 2831 13489 1256 8854 6508 7035 10015 3949 12652 5360 6386 10433 10456 1422 3602 8021 12849 3620 6570 13563 10131 11608 1764 6018 7171 3969 8557 7300 7471 1449 3044 7764 12794 2406 11122 425 1490 11842 2888 8942 189 11187 2186 4192 10539 643 11651 235 9811 10565 2461 11157 11018 11807 4521 9863 8256 8907 11264 12703 13357 13474 1591 12466 2249 4477 2296 10619 13324 3053 9244 3644 3661 9645 2021 2162 7384 9389 410 8810 399 1535 1125 9455 5341 8466 2381 2730 11923 2996 5039 10731 3727 11478 1097 5055 8306 10221 2657 11682 2947 5823 7574 1804 2190 2396 13264 1146 8006 6785 11548 1522 3035 5540 7382 4774 7815 7222 7588 9852 12665 699 8202 11224 1464 11619 4375 12155 
3008 
3048 
3107 9563 13260 13408 
3115 12836 13496 
3130 
3304 13303 13416 
3431 
3455 
588 9073 2921 3601 11845 6227 6594 6011 8438 3527 11427 9731 10421 5946 8604 10652 5886 9037 8748 13343 6402 9261 4561 8142 4317 11733 970 1576 4988 5258 1902 7906 11909 5472 10249 12521 8802 12853 3071 7945 9351 5526 11598 244 7168 8592 12009 2835 10402 426 9434 36 12334 949 4434 9159 515 4544 183 3374 4348 12736 207 4164 5800 8056 11315 640 12161 3282 8856 7538 7972 10985 1819 8753 10602 11455 683 4567 6186 11385 8137 8186 1430 9586 13129 4622 13147 3921 7118 6472 13111 13274 9239 13448 341 4057 8826 3355 9548 4534 6788 1079 6606 8063 8208 1339 6625 6310 8182 3569 8404 9276 10641 12812 1406 6258 1875 7105 7359 2781 12381 6427 8114 1504 12441 11717 11922 4325 8594 9342 4364 11689 11072 12010 1615 4737 7413 12072 942 4159 981 3083 4505 8933 6507 7303 10815 7855 8571 3598 12285 4140 6862 6404 9296 5439 11484 1544 3935 5116 1881 4992 382 2645 5827 11503 8298 12321 1821 12738 1027 1912 11422 11482 2974 12131 1641 3791 1483 5675 7770 11383 12507 1765 10805 553 5676 10290 7311 10294 2829 7520 609 8818 11913 4195 5054 7560 9171 8512 11472 112 10044 290 4384 11875 6141 6762 7008 7757 10946 11630 2731 5705 2834 9805 9915 12394 1948 6232 6195 9210 10508 11393 3736 6588 10697 5680 8359 9062 1280 2695 11628 9453 9935 4470 10974 6614 7982 11338 11647 2570 3487 10383 1763 5030 5461 8762 9136 12069 9177 9412 1926 8237 11970 13030 491 1828 2432 7238 9792 5240 11161 1368 3245 11802 4358 5283 1303 7637 9919 5871 10325 560 2717 6314 5999 8073 573 1415 7163 8821 9206 4059 5275 9610 6169 9293 4996 6685 7512 9350 4703 9442 1933 7077 10793 11985 1393 6101 1181 4412 5065 6703 7260 1289 2560 4287 8909 9274 12687 4363 5003 121 8628 52 10509 73 12172 11475 11903 647 1505 3508 7753 440 11940 4491 11477 512 5046 9492 12534 813 9110 1337 1808 3409 4188 7500 7523 11323 11799 12566 1176 5907 11302 312 2382 5428 4295 12724 4577 9606 3512 6395 4886 10476 4819 7044 9070 12142 2528 11107 2636 7294 7422 11810 12760 763 11890 6526 11522 7510 7666 10299 12255 1203 5429 8503 9360 5263 6192 4335 7256 8621 10635 816 4812 1556 11530 4269 12378 7695 11372 2617 7931 10425 7015 7659 7895 11404 2651 8833 1239 8569 3251 11223 161 2311 6049 11765 
3565 12909 12979 
3568 
254 9271 3126 8008 11661 10097 11639 1901 1930 5416 5603 1596 11153 11688 6418 6486 2456 7613 9410 9985 2861 6880 8323 481 8900 1674 6944 10503 1896 7442 11576 6299 10042 2698 6676 394 5235 1856 7658 2538 8800 2549 3615 11402 881 5141 3057 7356 5435 8665 1634 5321 3404 8360 11573 9729 10458 85 1581 1524 5127 985 1491 1620 7431 5337 8342 716 6164 2764 5131 5036 6161 84 1216 6848 11046 11648 4931 5734 6665 9282 9616 152 3687 5874 8146 419 3004 413 2629 10334 2515 4073 3781 8948 7136 10254 11904 544 793 9686 9716 2174 11498 405 4654 5561 6715 7865 12688 7399 9622 5199 9600 6442 11800 8038 9936 6605 9126 12288 615 9775 2107 5876 893 4404 12505 1841 10922 3753 7880 5797 10124 2821 10480 4431 8232 9288 3396 8249 5409 6804 1528 7176 5555 7353 11894 4223 4428 12046 4197 6449 6077 9098 2046 11051 7483 8785 12322 12520 9820 10245 9638 10507 11278 613 4623 2058 6791 11324 3544 6736 19 2945 4132 4272 6242 8277 748 3278 3530 5357 8935 12630 4362 6047 4443 6273 12401 4475 5780 1668 7088 2060 12706 5931 11638 397 2029 1009 7218 2129 8766 715 1788 770 7272 2108 6957 596 6017 3146 6065 3832 11655 696 7854 5237 6547 1460 8448 2716 5662 7411 1573 2121 2390 11379 651 5882 2352 3466 6381 2880 6738 4292 10116 12116 390 10191 12308 459 4860 1049 2535 3948 5541 12693 204 4846 5706 7186 2760 8433 1354 1651 4367 2142 5224 5919 6382 7231 6019 10247 11569 1376 5180 1395 10278 5725 7851 4673 10701 3231 5274 8167 1643 2089 11936 4569 6268 8679 2532 11279 12599 12613 2555 5069 5446 7971 10523 12536 202 2767 6923 1039 10187 1684 9437 6483 11511 1151 6849 1501 12105 1019 6987 3889 8177 9192 11554 450 4764 412 540 8951 5150 11961 3286 6333 1860 9120 1328 7001 9617 5574 7139 490 7457 1094 8589 4805 4932 5035 6600 1433 6496 1837 4481 7746 1906 2710 2655 7586 5898 11056 8075 12324 1403 1649 10919 9847 12612 10332 10413 276 3577 5972 10841 2000 6620 434 7578 8993 10175 1531 12746 4729 8519 6638 7470 2960 3650 5808 221 2343 8622 7242 12589 89 2693 6795 3249 11767 1172 2554 5431 9584 12127 1207 1796 5637 12354 6158 11218 4599 5146 6913 6949 10822 1905 3689 1103 8533 1424 3834 12091 7167 12094 5000 11730 7306 12764 2057 11966 7355 11725 956 9679 11237 344 5950 769 6691 4875 10674 6029 12250 8285 10506 160 8057 3002 8642 4108 5188 41 7349 1725 8054 1450 11908 10079 11204 37 2846 12451 7357 12151 12808 8415 10164 9439 10379 6769 12289 3445 9377 3058 6491 10564 4735 11757 5741 10992 
3766 13258 13470 
791 8791 1592 8647 2117 11593 1340 6338 6225 6543 2858 3877 10189 2941 5437 8365 9773 3962 9426 6094 6545 10001 566 6802 10829 12928 1971 8028 5080 5954 6093 5456 6226 12084 9854 10020 133 11721 729 3188 3770 633 1211 1867 9069 9494 1469 5390 9878 2400 12033 3814 4935 9624 12500 182 2849 3545 6817 1074 2260 6128 6412 2641 11910 2845 5635 9502 9556 2270 3366 4815 4902 8627 4509 10135 5061 6793 1435 10737 4982 8010 2144 5310 10475 879 8267 10350 11486 5881 12058 977 12212 208 5665 7758 2200 11053 13159 4379 4593 8004 11552 547 5773 332 6835 1273 4571 13311 6906 8752 8904 12934 1178 12035 4033 8931 9270 2937 6105 2278 2323 7964 6100 6473 10141 922 3051 4742 10444 4966 9371 1007 10472 11490 3979 7463 8337 13170 7593 12546 8022 13291 6538 11005 6746 12389 9950 11064 5009 5111 7047 8469 13301 9662 9787 867 11629 13031 2007 11866 2223 7722 8030 10343 6374 11388 4338 5399 10013 6597 10052 11421 2155 10834 561 9514 12984 3882 6357 8024 13000 2365 12683 3121 9067 7173 13358 4126 6728 8712 10022 10542 11013 2602 2864 12002 3861 12649 1286 1502 5270 2914 3733 4091 12818 661 8601 3465 8044 7080 8570 3870 9793 2911 12733 2143 6150 9451 6772 7086 12660 5775 8284 7938 9127 6205 12510 10213 11128 4889 9309 1565 6475 11401 2946 9093 1470 4968 9327 12228 790 11836 5469 8394 8458 8515 3313 6177 3479 7405 8650 1859 10961 267 4716 1073 1637 1255 7924 4303 6123 
4239 13055 13335 
1523 8451 5710 5880 9569 3387 5809 2477 11750 174 742 4216 5351 9258 1830 7710 12171 1577 5320 691 9248 10091 5108 6712 10058 2529 3830 316 1324 8719 1741 6255 9479 2119 6751 2939 9417 9504 10963 3212 8493 3741 5422 8914 2194 5363 9888 10864 3897 4940 5200 6713 12533 107 3951 2005 5929 11144 3724 8041 433 4913 5477 1942 9933 6389 9153 6675 12347 3019 5567 9864 923 3464 5189 7401 8140 1136 3247 2182 8066 10136 9998 11217 3896 6663 8873 11377 552 4176 5008 7132 9916 10448 987 4021 6050 7465 1982 5625 2768 12159 5358 9050 75 4053 5361 7611 2627 8077 9508 12572 6277 7779 4483 8784 938 11631 4401 9338 2621 5911 7533 8436 1721 9770 2072 3225 8961 12119 1417 5560 695 9481 4855 5521 6548 4976 5966 11998 5110 10558 9867 10385 10678 10650 11584 458 7251 3496 4591 11900 642 3659 2430 10622 11791 3440 8150 11494 4231 5925 12436 5179 5879 5074 11126 191 9382 11125 5926 12412 5067 10770 391 10348 401 3595 2468 12231 5129 11867 98 8307 7223 8986 3818 6089 6309 1676 12085 8889 12820 3038 3220 10192 2772 9375 3324 3325 4848 7267 9629 11693 4107 9314 3275 6994 5187 8761 1225 12805 7048 11390 7200 8441 9585 9844 1150 9079 12132 6767 11843 1665 2024 7729 8354 5136 11939 546 1466 6776 10538 7518 11112 506 6292 2032 8376 1705 7712 1718 7845 1889 8891 10765 1686 9089 7554 8952 11047 8338 11233 2132 9286 755 1862 3174 1730 1854 3122 5412 4154 9013 3647 9596 11368 1533 10832 1552 9559 12443 1680 3711 789 8486 1726 3987 2137 5883 5101 9523 3608 5511 1229 7023 1864 12800 4680 5107 7331 9924 576 2209 3171 10183 4124 4235 1499 4232 8726 10320 113 12860 672 1831 2683 10236 4160 8893 9438 12293 10382 11148 10486 11944 1307 12278 1738 1890 5380 730 1621 2925 10152 11754 2080 8532 680 2990 2647 6942 10495 4421 10281 6181 12226 1321 4980 11897 1410 8955 2491 5523 6914 9717 778 6043 6829 11292 2485 4782 3359 12681 7249 9720 1832 7097 4309 10120 3041 9302 5218 10209 7041 12050 4528 10369 3954 6867 2095 6155 12750 7371 11398 5995 8971 1440 12284 4951 5049 6008 10588 753 12047 1257 3303 12954 2228 3457 10555 11818 2364 8861 3932 6455 2539 7059 9996 1555 5470 7607 8625 8539 12427 346 8159 6122 10398 2871 10663 1171 4082 993 4274 11295 818 932 11256 2668 10658 268 8550 7404 10677 4440 9358 5530 8822 10789 6337 8162 2798 3516 2257 6459 5328 6981 9892 674 5175 11162 10122 10818 12221 1375 5093 5447 4199 6541 1748 11542 8210 11155 3392 4162 10753 11761 4891 11362 4542 9676 5693 11300 1477 3614 11568 5917 12515 535 3240 259 7615 7551 11558 8831 12783 3194 10493 8523 11032 5152 6581 971 3675 4079 7970 8218 7069 9885 1022 4974 7020 6682 7543 13443 759 2826 10362 11701 3098 7149 3462 9544 2965 6690 3143 12197 1038 12353 915 6599 6649 7901 13133 6554 9100 1169 12191 5757 6193 8147 8740 9064 2832 10017 2479 11764 13208 3621 8033 795 9365 8255 10763 9396 13039 3199 12866 13415 2951 13222 5816 11808 10483 13452 7137 8500 5426 7208 12877 8476 10757 9614 10932 13015 2601 6438 1650 4751 6326 5226 6678 9687 6511 12186 4921 5120 2041 2222 5576 383 12113 3968 11986 3707 5987 810 7102 900 3885 4196 3294 5975 6838 9567 2442 6641 8152 549 7002 9344 5256 5771 7425 5974 6323 6704 12182 1975 11166 1894 11089 11712 4324 5252 7985 8750 11634 303 10526 1883 7563 
4343 
4399 
4435 
4438 
570 7299 3124 4973 8980 11017 3000 3974 1672 6189 12431 5249 12814 2581 4617 10796 1031 2505 6831 1110 4653 5340 6498 2403 10002 11115 11885 2285 6480 5719 11884 7293 8230 11974 6456 8091 8567 10575 882 9075 5643 6365 10286 10983 1046 5331 2291 3992 5630 5722 2419 11502 984 5822 758 3728 10256 3801 10457 10024 11671 5198 8694 4635 5988 2881 7829 2050 2176 11414 8092 9363 483 8584 1254 7796 12040 2503 12632 4262 10053 3470 10593 10276 11438 1198 12789 8411 11212 9088 9245 12619 2658 4089 3040 5729 4533 8115 6500 7264 4700 5078 2686 9208 4173 6671 4441 10160 12962 4792 5993 1333 9626 4448 6042 5920 8827 12303 12508 1807 2604 2293 7513 11747 4927 10446 11646 2495 9421 10567 3927 12158 7875 10307 4455 12579 8934 11409 8535 10804 4515 7328 9172 2626 5902 3915 4728 2587 5077 6907 8421 2709 2837 278 5362 5659 12729 654 8892 1585 10906 4733 11291 5415 5682 369 1023 2033 3091 7791 2254 8813 3934 10157 5089 10431 4446 8330 6697 9497 4597 10614 4337 7616 3586 9965 1343 2105 2377 9764 3023 5888 6318 9474 11329 9849 11228 1626 12206 3043 6539 564 7837 1876 2235 8968 10032 1597 3137 1848 10690 1638 9091 11441 4794 8593 8526 11298 2721 10159 5022 8180 1692 11403 3887 5997 4074 8238 6716 10003 1283 6420 12434 720 2094 1276 8464 9807 2184 4146 2905 7986 7052 10096 1702 6847 9797 10067 1400 10093 10659 13356 1961 12743 2867 8543 10134 188 11345 1527 1932 2840 10817 9391 11033 1279 1624 12209 6731 12701 225 6727 400 6972 10246 10553 5992 6430 4193 6026 8034 8444 8998 10203 9143 10780 2325 3149 5404 12543 9035 11854 10386 10938 4991 7674 4210 10666 2395 4799 6045 8540 12215 342 8841 4824 10898 4810 7745 8648 4984 7705 43 3901 416 1428 3805 7141 4419 7329 10078 8417 9191 
4602 12963 4046 5495 9507 
4739 
4741 
4771 
3905 12837 4118 10779 12838 4998 10754 12896 4964 8596 6655 10656 785 4657 1004 3996 5301 5731 568 13054 4863 9074 3788 6565 212 6720 11714 6658 7921 2052 5133 8863 11645 2788 10759 5506 12138 13395 3166 11308 1047 9183 7646 9813 3205 13555 1525 8200 192 13213 251 7116 13023 2531 11719 8768 12658 1810 2643 3113 2873 5245 5774 9513 13281 2243 8198 2823 6571 13389 6211 10046 1384 7536 86 420 2383 4311 8491 11892 1416 2451 5383 11861 1991 12283 1996 5858 7130 12425 723 7122 8885 9693 10390 567 11190 3674 8311 9942 11705 9450 11604 2422 7314 1001 4656 4772 1719 7818 4596 7925 2462 6976 11828 3981 4501 1365 7873 1078 1451 7966 7976 2062 12220 8195 13441 8300 13537 222 4498 352 7840 4377 5342 7608 12573 3382 7935 11147 11720 774 9200 1128 5269 1509 7526 2704 3944 10907 1762 7430 8795 9873 9147 12517 3606 6064 1760 7095 6962 12595 1252 2579 7635 9291 487 5517 3943 6296 2699 4749 4129 12582 7789 12376 1367 9948 8204 12244 12608 1949 5463 1221 1320 9372 9980 2039 3812 479 5140 7464 11050 6813 9702 7902 9681 4294 12271 482 2044 2725 7178 1631 11119 2167 4214 1302 3611 7640 2225 3328 7119 992 9595 1313 7083 3623 6002 1379 6560 8992 1617 3557 1144 12666 3715 4087 279 4151 4625 6142 6143 8380 180 6209 4579 4934 9307 3852 11415 7893 8399 9747 11135 1833 3574 1016 9464 3583 6336 6774 11334 3580 7418 3701 4904 10676 4519 7694 2672 5840 10439 3156 12049 832 9227 3232 11034 48 4616 193 6953 2420 7440 185 5815 12074 2314 3497 803 9104 1693 6534 2708 13239 4221 10365 12958 6726 13119 10429 11975 3134 5064 5667 6348 13246 1224 7644 2863 11327 11006 13434 4449 5086 2133 8899 894 3418 6254 6890 7099 12810 3414 5803 3662 4383 9394 11442 12530 3841 11202 12547 1431 6159 7756 9786 4908 6435 9440 10331 601 10532 147 7932 232 11019 11541 644 4536 6603 7233 7939 3003 6794 10549 1132 3203 11306 871 7209 1067 11242 3332 10172 13225 2180 9695 11060 1736 10918 5457 9627 1866 12123 1474 12267 6288 11476 1316 6903 6103 8687 4461 11177 2224 4407 1082 11268 196 1498 3090 8074 12302 13236 6843 9900 11540 
1131 8225 2355 2922 2981 5052 4646 6855 7290 9106 10917 11198 9163 12586 13040 2744 10126 8176 10285 1145 6081 11537 3162 3439 4801 8776 12456 3503 3938 304 4789 3535 7435 2344 10142 10069 10738 8494 11762 2817 7145 4867 5759 3582 6262 6566 990 7420 2847 12252 8723 12576 3 616 1791 7959 10128 7969 11751 2436 5612 6574 8591 9655 5346 6974 9359 10045 725 2765 11417 7414 7670 4850 9319 737 11955 10229 10291 6038 10535 10987 12680 5953 8072 8862 7124 11021 11145 20 7335 9000 10361 636 6409 8483 4041 10068 4191 6316 7828 7240 9518 1797 3329 3866 11564 6922 8878 858 1318 5699 4182 12071 751 5091 11090 4386 5374 5109 10227 6341 8026 4025 4243 5857 9812 11723 9216 12538 2299 9828 8480 8944 478 1847 2818 5227 2728 11535 5945 6796 8758 11768 1997 10025 407 5878 39 11389 1012 11921 1370 10074 12194 2852 3346 976 5066 1108 12054 1342 5225 6807 3826 7451 11206 1377 10007 706 1088 10686 5956 6085 9639 3036 10964 6888 8294 10049 12114 677 2956 786 5623 7805 9267 11193 473 5268 234 673 12329 1952 2312 7869 1267 1301 4713 8527 2490 4564 12459 5145 9973 1740 5410 7664 8783 12798 265 757 10367 1081 11049 4300 11124 4535 10886 7423 11346 3878 4706 10212 3570 5697 6522 6679 10502 11658 2266 9055 5385 8320 6601 12711 1960 5596 3169 5626 11872 4466 4811 9228 54 7719 2469 12203 4568 11290 7198 7881 4330 9921 10797 10451 10470 10699 5156 5861 3075 6669 5051 5897 7951 9217 1441 4391 6372 4352 12055 1353 9028 10230 3363 12176 4650 5353 3193 10777 10114 11889 
1237 1319 3348 3467 2506 12509 3067 4612 3925 12236 379 488 3605 5486 1761 3744 8160 11850 2232 9289 3183 10324 2161 6512 2413 6968 3327 12248 5494 9640 2250 8699 2353 4813 6376 12262 2376 3907 1663 4800 13337 5613 13383 1294 2904 2446 3652 7747 8614 2664 2883 3714 4814 7402 1272 5250 3219 9175 13535 505 6127 5701 6056 5824 8678 3670 6448 11394 1753 5400 2170 5821 5985 8710 12759 667 9195 1727 6515 1511 2828 6930 365 4888 3368 8196 2568 8347 10193 5545 10977 850 6441 1184 1443 9608 9783 2467 2844 2622 2682 3079 4204 5895 3750 7195 9708 504 7446 162 10019 11434 3123 9148 2662 5548 937 2026 4645 12707 4686 6961 2650 5084 10411 5298 5918 7360 11247 1598 10552 7652 9449 301 8372 4915 8153 731 5471 5319 6584 9836 9851 4115 11406 734 4900 5776 7082 9397 6984 9896 5348 12107 
310 2537 1708 3117 7075 8709 7217 7394 8577 1891 11158 612 8260 1112 1809 8117 9162 1924 12623 650 2295 4825 1032 7367 7569 370 1407 8367 10406 2874 6479 8381 663 5968 7193 3262 10144 6555 7592 6652 8088 2759 6857 3177 5191 10865 11075 11990 7717 11827 2464 9762 12606 6931 7312 10344 10908 11463 109 5132 197 11738 2791 9090 4589 6030 8016 1013 8610 924 9413 12719 762 5004 6302 9740 6752 10846 6824 6899 5958 8779 11274 56 5513 6339 8489 9666 5295 10316 10915 12063 172 10438 12618 1645 1915 8905 9509 205 1965 266 10802 4866 12708 3523 7376 11879 3299 7386 12380 550 1475 2269 10349 2903 12368 5017 11127 7768 10463 8083 9913 8064 11649 870 2987 2216 8397 2654 4639 5062 5732 6116 445 3176 548 2681 5050 9976 10925 3394 4127 4342 5382 8122 9400 587 7573 10879 11690 4783 5529 8243 2102 8565 11429 9874 10799 11620 3840 7892 2011 6074 11583 10809 12247 55 10082 4553 9928 675 9306 11215 11305 2985 3302 3391 5812 7676 3851 11711 12379 4506 6259 9441 1092 7460 4942 9101 4400 6112 4672 9515 373 835 10771 935 2582 5378 2785 5352 8301 8983 4093 8875 9746 9238 11505 326 3064 2927 4039 4228 9072 3189 4588 8697 8731 7627 12036 
236 3967 1153 11100 511 703 7529 901 11319 2279 3936 2633 5220 6032 9285 8547 10979 8652 10422 11282 4868 11687 5924 11102 2084 10355 12326 2868 11277 6470 11071 10108 12164 3898 5266 8495 10196 2245 11271 1394 2507 3256 6732 6403 9383 200 8714 2732 5299 1870 8089 9642 10145 138 4439 3596 9910 257 2993 3095 3531 8426 11626 3253 11927 5589 9211 2273 2301 5029 4621 6823 12385 12625 608 8835 7071 7650 11663 1732 2926 4161 5479 5492 7898 2166 5524 217 5678 1345 9901 2678 2933 2332 4574 7365 12446 1711 2027 2862 4872 10329 12086 4026 4503 4712 8680 10197 4714 11105 2898 8700 2680 12148 3323 4468 3705 8071 2899 8811 5671 9242 4881 11358 4086 9184 9268 6096 6518 10455 11485 103 10924 3066 8843 2150 4761 7654 353 11030 5544 8437 5464 10397 10057 12327 11784 12779 1550 4233 11347 4594 4979 1481 3553 3783 3281 12348 4305 5721 9213 12367 438 8545 799 11103 3287 5760 3357 10939 3078 9879 10158 5628 5695 6764 12121 7199 7790 2591 6889 10760 4156 12715 7255 7877 10194 11726 2471 12626 261 9187 3333 3825 10836 211 7458 343 6816 10707 833 5940 12438 7148 9102 1976 10207 3109 7582 1612 3097 286 3383 8443 9795 446 6160 3594 5712 909 5068 1799 2367 1694 6034 7623 5325 11525 12550 1063 12468 3735 7025 5595 11280 3624 3663 3112 4238 1689 1803 9678 4402 11109 3734 3900 7669 3201 8031 12340 492 3880 1869 3131 11307 12754 878 12037 3016 10274 10675 1640 9990 3892 6465 7937 12642 4112 7896 2418 7146 11560 2674 3157 3077 5394 12600 10173 12190 88 4545 2414 8233 4144 8283 148 3022 224 3617 4117 8474 11506 5396 9865 443 10215 5980 11116 8276 9831 6083 7172 11563 9734 11716 1048 1429 4718 10598 4842 8105 9771 11957 1138 5278 9456 3703 4061 6297 2687 4550 6615 6228 8932 6208 8882 2185 10647 4492 9189 10603 219 6753 7241 1437 4318 4320 9685 8393 11022 1288 4679 3007 6718 7775 10657 10823 11694 4780 9199 4955 10691 5714 6686 9718 6602 7665 2437 7777 1356 11077 7472 11449 1408 4414 11275 4882 8634 12364 3564 10309 1061 11423 12339 1122 7989 5181 12399 6955 8201 10820 12725 6798 6945 9893 12103 4572 8681 5790 12457 2998 4266 6894 6126 12234 
5063 12882 13293 
1861 8860 6090 8619 9019 10352 10041 12558 4500 6388 2574 6558 7760 7801 8475 280 7479 8649 8887 9758 11977 6935 9398 10432 7811 8917 10269 10935 1274 2384 948 3360 9871 11965 3025 10943 7175 11079 6608 8086 10166 3172 6269 12274 646 1344 6902 973 4366 5117 8849 10752 3283 5870 8449 4279 4773 2729 6797 4831 5943 6040 227 7992 10557 745 4726 1086 5242 8425 7254 9418 6253 6463 6595 8002 8522 797 1940 885 3127 3913 7109 1914 10639 606 5158 9168 2122 3660 5915 8211 8465 10384 11856 8521 9023 9343 9856 12563 238 6745 4725 12210 5216 5403 9334 10569 325 4704 5318 2421 13112 1743 3318 1892 8919 9240 12106 3893 5445 11337 6250 9824 3010 9962 11996 12139 884 2370 3790 5407 2359 5489 2463 12064 1085 2855 6501 10153 1835 6529 9 8110 1167 6531 7679 12170 708 3158 9237 10403 146 5248 9107 9194 34 3399 958 12352 508 7274 3521 3884 7326 2423 10732 1180 8018 2106 9219 4701 8798 110 4638 6810 6819 7210 12577 4165 8192 3342 11328 1024 7368 4058 11786 4494 8974 4677 12377 8429 11633 12654 3702 6366 5453 6058 12663 3050 4183 12279 4422 9899 475 9015 7123 11825 5752 11622 3280 7952 10682 12415 6803 9432 5601 8607 3213 11905 2417 2784 5538 9557 2822 10419 3456 9784 4278 7515 21 6643 10794 895 2628 7498 2809 8947 4873 7953 5476 9951 2404 5281 79 8402 11614 1362 7013 12214 435 1310 1390 5389 8803 1521 11579 7385 9041 6152 12256 2287 3922 116 2814 3026 5703 1083 7783 1766 4629 4000 10154 11391 4189 9232 12198 9264 12593 137 6925 3270 9292 5098 6118 821 2071 851 4163 625 7301 10784 10872 6138 7129 11333 11613 2508 7919 5691 9491 10515 12564 384 1185 10812 6031 6421 8989 10473 4275 9964 7905 8151 3356 6978 9017 9742 10669 1886 3190 7261 7596 9991 12291 2931 4752 3184 10171 11517 3388 9111 766 9331 
5203 13034 7863 13508 12568 12965 13277 
5277 13052 13220 
5421 
5467 12824 12829 10819 12851 
5488 
660 1314 6908 9108 10774 3300 11591 9369 12420 7434 10833 1471 9752 1000 11232 1706 5099 2265 10880 1655 4763 11101 13104 3800 10927 3641 4088 4244 7748 2836 4879 6060 6113 431 1712 9182 11289 12506 105 2613 8481 8683 1050 8317 9045 2885 6488 2558 6585 8638 6245 10775 532 12617 3550 10601 4869 10260 841 11416 1898 3872 1772 2727 9341 4675 12020 2869 5019 635 5937 8888 536 629 4310 9287 10248 2410 10505 5568 9231 517 7681 12370 220 6457 6864 13479 8163 11686 2516 10550 5044 6871 1374 4207 3224 12730 1062 3526 3937 10577 309 4282 4351 6307 5355 6637 10268 9842 10494 1542 1548 4999 7188 996 1404 2339 9311 2207 4202 2192 3229 4329 9348 366 9443 2757 3693 9018 11087 403 9052 4139 9801 10687 1729 5512 10851 7112 8229 12233 7870 12819 13398 1392 9859 13106 9839 11367 3500 13336 3795 11065 13141 4090 6646 13114 2328 11999 3820 4554 3488 5223 10188 252 10781 7308 8368 317 4809 5768 12641 7795 11788 3453 8009 13215 2802 6759 8423 12777 81 6630 6689 134 2593 10874 11679 6870 11488 13543 4667 12097 1767 12237 1124 7817 9934 11877 95 8807 863 6252 12721 357 380 4349 2896 8908 5345 5609 1929 3575 10239 1566 5785 176 3666 4339 3031 11763 171 584 4050 4511 7259 3102 8590 3426 6674 8513 4539 5332 1098 5689 7287 2782 6985 7826 9825 2961 10420 6971 7449 4297 7412 2889 11231 3725 7089 11336 3940 8174 2820 5312 8351 3105 9925 966 8478 7550 11523 999 4219 988 12659 2585 6281 6443 9252 9661 8297 10282 962 8127 8583 11857 315 4472 1463 3340 5702 3378 5904 4125 9906 10085 11068 12259 951 4469 1969 4247 10038 2097 3499 3549 87 10551 3353 6380 4613 11196 3372 5654 7736 690 9084 10591 1305 5302 8058 8291 2977 12000 12301 1559 4909 7807 5289 11340 11547 12307 11320 12095 12695 
5619 13338 13417 11014 13518 
5977 12948 13426 
10059 11222 6197 13530 620 9536 5001 11932 2357 6306 9124 12437 8304 10156 1755 8867 6121 10127 5516 9730 5807 9589 6927 8963 12901 1359 11311 13193 1080 7040 8112 13354 6454 9832 8675 12096 1052 3498 13221 6773 12366 129 1999 6822 4005 9719 3610 9743 1610 7317 3092 7453 5433 8325 5539 12607 5048 10163 7244 10585 7258 10750 1008 8707 3973 7591 5627 9520 11240 3087 6991 3261 4315 10130 2752 3945 9972 2204 7689 4142 8199 912 7174 9198 12323 12023 12821 1427 10102 2202 3349 7265 8109 6744 7763 5833 9325 11878 10543 11036 13420 1116 2290 6610 2605 8395 7930 10232 9154 11428 3914 4302 5213 13091 
6082 
875 7026 12460 6915 10436 4585 7822 5716 7974 11399 2940 10548 3365 11949 348 1030 1154 4397 4897 7391 1792 3298 12757 1602 3571 3807 5459 4184 8793 4861 12196 6980 12028 5720 10951 5963 8289 4345 7395 2128 7871 11815 12375 1421 12346 226 12449 865 3322 3295 3337 6035 7162 8391 9164 11550 8473 11623 4331 6067 5783 8812 4020 5986 385 9119 11643 4249 9146 10762 6863 9181 7552 11809 4698 7599 6033 11469 2031 3140 5715 5652 6837 2065 11293 3069 8880 11740 13008 3049 8773 11189 896 12609 1262 2120 5912 2036 11450 3975 7571 6362 6519 7165 7441 10596 614 4858 4147 7771 9423 5262 5891 6828 8468 12242 12835 961 2040 8673 10604 3168 10119 13446 421 1141 1814 7266 9329 12815 169 1682 1037 1234 7998 8708 1840 6657 92 1018 8884 10643 7257 12104 3375 8940 3809 4432 7478 11230 4098 7860 13245 2210 5849 7373 4778 8757 12615 4099 8877 3150 7503 8245 10499 6556 12792 6739 11132 2134 6540 4051 5913 4350 5134 6607 10597 5097 11597 5906 6213 11863 2906 7113 2882 7403 1292 10450 580 2720 11174 11964 
6266 
3941 12915 12973 6308 13116 7111 12983 
6344 
6410 13216 
6411 13263 13362 
6471 
6586 12923 13392 
6604 13089 6687 13407 9561 11729 8814 12957 13027 
6705 
6868 10861 
6916 13077 13519 
7197 
7205 
7642 12933 13507 
7651 13076 13276 1647 13100 
7673 13334 13523 
7773 13393 13414 705 13424 
7947 11876 
299 12345 1806 5892 2525 6359 8059 1268 12710 13 8739 627 11000 5590 8134 887 7697 522 2141 11728 2322 5813 8839 163 3013 3096 10208 4961 8702 1709 5391 7387 3263 4576 10008 11849 3160 7063 9402 1954 4570 256 11035 10181 11596 3381 3847 10250 77 10454 9415 9710 1938 3458 3590 7612 4827 4851 10741 1899 10356 477 8350 2289 6660 7126 11330 3341 3778 7203 9431 5923 7519 603 10010 24 9619 1053 11262 2789 8039 2976 8688 12552 1075 8578 3653 4321 3186 7189 12714 9591 10913 6076 8925 12306 6692 9301 1240 10559 4096 8924 2707 6904 6995 1164 12704 2715 12621 8658 8794 1205 10177 11462 2908 10223 1623 10727 5901 11722 8949 11976 919 4522 11045 11590 11790 199 8868 5893 11227 386 7032 628 6750 1979 8995 10265 12535 3507 3986 10623 11097 249 12263 1789 8751 1801 5723 2366 6084 6025 6289 415 4172 9221 12403 3560 6078 4490 6811 9809 11782 2523 7245 7316 10347 7531 8336 3211 11041 8452 11887 8613 8982 1951 11745 2609 5905 11699 6886 11912 5201 8749 5264 7058 9923 11138 173 4647 10680 8014 12222 12629 4989 6959 12053 2347 4459 10878 2452 12070 1936 3293 7751 6516 12559 213 10478 1269 4153 928 4201 12057 4288 5957 9249 12162 5168 5449 12311 7330 8154 1618 9711 11123 6647 12560 2183 7017 4601 9799 10540 634 7576 11375 9298 10039 1519 11847 2551 10148 10174 5947 11210 814 8321 1639 3956 2631 12276 4765 8119 6482 7369 10734 4893 5552 7212 579 4671 824 903 5944 11114 530 6172 6933 8179 10764 5397 7497 2138 8029 7128 10631 5160 6926 10273 12471 1398 8496 3260 4830 704 3490 4614 8157 2178 3858 6098 6996 7882 10783 3959 9993 11183 12645 598 7436 7547 8487 10952 3314 10262 905 10627 4640 8015 11168 
8052 
711 2685 1325 12201 4665 9944 3449 9266 6149 12029 4496 6183 9367 9806 994 3946 8626 7622 10479 3093 4699 7409 9029 7604 10883 2231 2895 7883 7318 9012 272 10743 1790 8701 5614 5646 393 1219 1372 7363 3761 6182 10418 3875 12240 3547 12628 5308 9599 11704 12333 3827 10452 4169 6901 710 5867 7054 7803 11008 3895 12698 4010 10586 2247 4280 5282 3690 11326 3680 4250 1757 5610 3167 7602 6865 8646 47 7310 2499 9416 3730 4187 5365 11989 9036 10646 4682 12936 8846 9370 4857 11559 4987 8223 6960 11397 12998 35 2902 9524 9940 7034 9128 902 12784 2045 4236 12953 6016 6708 5696 11902 995 11668 12208 4121 9390 368 3612 7787 8346 277 9763 1070 6184 6616 2188 8422 2689 5761 5582 7288 2919 10887 982 10973 12338 258 2488 4372 3145 7820 6628 9477 1551 1699 2857 10607 5100 5618 2580 12445 4123 4301 5015 6444 8637 9388 10684 4684 7996 9587 10378 10869 10993 12982 4347 5202 13056 1072 10828 4420 8600 4504 9790 7152 9133 5835 6940 9777 4796 9999 9243 12025 1059 7482 5462 8363 11339 2218 9173 5162 11332 2126 7991 11544 1842 2533 3178 7305 10867 6474 11181 6564 11962 6464 9007 1496 11571 671 9581 5798 10996 3435 6052 4205 11951 12689 2478 10030 610 4923 5967 9317 9628 11294 11948 7690 11803 6260 11376 29 11692 11470 13310 969 2480 9097 9664 2441 2763 100 3358 6353 6215 11746 3485 6219 1652 5964 3103 8241 2616 10570 9056 10234 10838 11732 12156 291 1964 4264 4922 4993 1636 3501 4652 4676 2315 6135 11731 1603 10251 12026 2786 2938 9583 11703 6525 12755 7927 8485 9739 9817 3164 8197 489 3312 2181 3957 11654 
8107 12868 13261 
8136 13171 12135 12966 13028 
8234 13047 13368 
8387 
641 4930 7997 7192 12269 920 2313 7575 1608 3581 3173 12684 9335 10304 3634 8094 8169 10978 3481 9061 10179 12343 12709 187 10228 11988 9977 10342 1507 6504 4283 9810 12393 9970 12488 1432 11083 11624 3911 9554 4263 10962 4416 13289 2227 4549 1701 4508 3758 7321 1385 10749 712 11432 1690 4826 3339 4007 1541 2808 11216 859 5806 3802 6201 1815 7005 6153 11610 6340 7890 4002 6956 3228 10767 3775 4155 8207 8032 10702 1293 10910 3573 6401 11819 4215 12205 2600 2854 3824 12679 8185 10341 10758 12664 4822 10672 2038 6384 2522 11239 5817 12565 2567 10447 10772 10930 1218 12696 3410 3917 13003 2408 5047 1236 3835 11110 2083 10612 6166 6964 1918 4643 9366 2991 9201 281 454 709 1446 3148 7954 10920 2556 12616 5656 8534 4829 6237 11154 2696 11756 940 2373 4045 274 11369 2283 7699 11297 12690 3063 10513 3380 7742 3159 7170 271 7824 7347 10689 3237 12561 9473 10087 7110 11980 5368 11254 7185 11822 853 3144 3250 5594 8120 4705 10881 11545 12193 5839 6167 10026 10090 4170 10890 1068 6261 6335 8190 12030 5908 6723 3419 6820 10440 5851 8471 6129 9593 6368 11971 8754 11316 3718 7872 11519 4546 8183 5850 11555 117 5910 856 6393 11098 4213 4928 10914 12387 681 808 510 9671 910 1051 3785 5292 3279 13340 6416 12801 2860 6887 860 4770 3128 11662 6294 7728 9406 11040 11667 5534 9696 91 827 9186 8599 9604 847 10511 1661 2890 2797 6494 11660 7660 10109 9356 10744 5398 9577 5763 5909 9722 4952 6780 676 8259 6117 8505 4516 11967 2458 8801 8832 1336 6809 9669 3012 10401 9010 12363 2374 6582 3923 4823 8685 8853 4807 12180 1369 1386 7759 3082 7780 4562 5024 5372 5724 12397 5373 10957 6000 8741 6257 9316 13400 5010 11551 792 9310 2392 7842 8809 2986 5577 11269 13455 3182 12145 7781 8651 12991 3428 5829 12937 775 13312 13353 12390 13326 159 12650 3244 8554 9024 1426 4120 3752 12056 31 3712 6221 7383 12633 3823 8000 9838 7006 9068 7831 11108 9235 12344 4009 12657 5427 8349 5021 11987 1238 5104 13492 2712 9582 849 11706 1580 2661 13290 989 7117 8079 6451 10536 8003 12480 3706 9303 8445 10665 4853 9955 12112 194 11995 4926 6027 1352 13150 8605 11117 4512 10859 4488 10736 8362 10945 10877 12130 10263 12685 9498 12532 3216 3886 7856 4198 7521 
8536 
8541 
8615 13105 13238 
296 1077 7868 974 1793 6378 7049 12336 1957 5698 8292 9529 10980 5587 6265 817 3528 7957 2148 12667 2795 3106 11055 101 743 4630 8845 7262 7657 4276 11801 149 6806 8640 13051 6329 13477 6303 12727 1658 1779 3196 8549 12061 3958 5970 7539 8728 6 2923 13459 2706 11205 9630 12886 1135 7366 7926 2022 12611 7033 10280 9158 12019 186 11178 3874 9920 12981 331 6419 1970 4094 4681 8564 502 2163 4334 9882 1157 6024 11483 4392 12414 6091 12365 1350 12807 4095 4715 13322 6989 10301 10414 1774 2553 2356 3993 12439 7684 11601 1140 2912 11370 3671 12032 8314 8906 866 6200 12772 8663 10084 6092 12149 10581 12549 4956 7462 13019 6845 7090 8825 1162 6859 12150 13108 13182 8406 11251 13004 5370 12177 5375 13522 5640 7645 4332 13556 1215 3989 3235 9499 5323 5620 2770 11574 1467 9444 1186 7731 8674 11010 6021 11617 7741 10161 11185 2012 4636 2942 13558 7466 8012 537 5033 1457 12977 2310 11778 3483 5660 242 4304 6613 8235 5265 12137 991 12598 2856 11026 7309 9794 6653 10787 2796 6492 5075 5600 2665 7484 377 2466 3099 2380 5606 2501 2878 6521 10375 111 9724 12165 9462 10004 2512 12454 6154 8378 9299 10099 11243 1659 3732 4370 6878 2594 6293 6670 8385 3319 9823 697 764 6073 7374 12185 78 7603 3765 6134 6453 6982 11288 5565 6256 10519 8635 10279 355 11156 1035 2932 12280 1069 1625 2954 5487 5028 7765 5753 8724 1776 11666 10871 12661 1516 7631 6572 11069 124 2736 6075 11869 4678 6109 6004 11697 1306 7073 1514 7606 8641 9178 6224 8206 12290 12528 3511 5466 1850 5211 3636 5436 8529 11665 8759 11794 1010 11695 2747 10225 9986 12229 1235 3436 3751 4600 4229 12128 424 3397 4031 6825 1920 5296 5651 9196 9781 10661 5900 6099 11585 4253 5481 7897 10844 11352 3060 6627 5454 6700 1183 1786 5432 11941 3559 6505 5239 6873 3266 3459 6924 11001 11152 11589 
8817 
8902 
8996 
9011 
9031 
9114 
9152 
9623 
115 11652 1271 5482 5681 13288 7581 8187 7888 8168 8834 9827 2221 9958 11452 926 1703 7143 11303 11425 3585 4012 4070 1434 3756 6634 1420 3929 4777 8324 10467 12785 953 9690 2978 8789 7558 11848 1794 12498 1780 4396 4327 7843 12294 852 1995 5733 406 3918 8011 10073 6477 11258 1593 9105 10589 3430 10848 1811 8097 8735 8081 10583 61 294 10681 3276 4740 3152 9275 4319 5802 10800 7239 9649 6740 12078 840 3676 7874 10482 11059 1173 2449 4693 4486 7000 10340 4285 9087 7589 9846 10712 3125 3202 11063 4289 12398 4480 10579 3427 10700 214 2401 1904 2277 6898 8242 5081 6282 10488 8913 10928 1028 9025 1879 7614 10123 12691 3218 5417 13351 2929 5810 1568 3377 4720 9855 8568 8686 1707 3351 3442 7043 6856 7180 330 4092 11774 6331 8851 4227 13412 9193 10064 10121 11673 888 7812 6053 12083 7988 12052 3221 6851 5984 7816 11557 12802 451 8172 12490 2151 6037 11930 1397 5805 7713 6895 7808 9525 10500 6879 9085 6939 8440 12487 1670 12429 5949 8718 2460 7769 9704 11561 11739 448 3452 2047 5272 6734 5164 8309 13278 9658 13285 13372 
9749 
1959 10393 4413 10351 13050 765 5076 1170 11759 2565 5424 12092 1222 1323 5023 1259 10289 289 11139 5178 6523 9780 2009 2953 10442 4797 10417 287 917 4885 2079 9833 947 6334 1517 10287 3403 6951 2543 2642 13212 8340 9355 6598 9694 292 3950 8796 9594 760 10950 1418 11858 3776 6881 4361 12601 7496 11641 3849 5847 968 10484 8472 12731 4573 4690 155 8937 4669 9804 7965 11203 7410 9436 11263 12409 8612 11734 959 6069 2936 12183 4734 7278 9590 11870 1056 9071 12014 3999 4835 3856 9305 4296 8212 285 6009 8296 1025 12485 3831 4179 2069 2308 8623 2972 11504 3625 5558 7911 7761 11811 1005 11549 4257 5571 6832 7516 2562 4663 7561 8155 8178 1931 11150 5060 8261 3873 9488 136 8781 5043 5684 7711 12464 621 10600 10237 12075 71 3021 545 7696 9886 11380 3493 8965 10016 4525 12312 4945 6235 7618 7480 8132 5119 12867 6144 7797 2358 4798 5496 13534 804 12646 1493 7061 7269 449 10176 4586 12017 7555 7720 7087 9540 3587 9433 9956 2334 4423 5475 12433 3434 7692 5591 8096 8553 12453 11146 12320 8418 9373 4453 9818 1737 12423 3161 10241 5794 8161 10933 11580 11342 11407 70 7421 2187 12597 2943 7372 3208 10685 1714 6742 8510 8516 3919 10168 4066 8085 452 936 1445 3554 4389 2008 5130 10103 3603 7702 776 1057 6722 11627 3486 12862 1020 2598 203 8746 9408 7936 10916 9918 11194 6350 8139 10214 3214 3696 10801 3076 9983 4899 9125 4038 8704 11710 7804 13101 11255 13473 2099 10354 3386 8624 3415 6106 2948 7912 82 6932 8981 4558 9376 4707 6524 8459 8690 8732 11009 11915 6778 12082 1695 5032 7891 11538 2219 12656 2171 9778 5655 7755 4757 9083 5718 9284 2003 4369 8930 10609 11983 562 10259 2082 4100 1335 3539 3763 5547 3681 7007 10037 6758 12391 7879 8782 4670 10748 114 9230 4374 12816 582 2476 1569 3746 2063 12059 822 4418 3843 11447 2534 12217 3947 4838 3469 7147 1438 5053 8926 9430 9733 2646 10636 5354 7782 5056 10496 619 978 4427 7120 7619 11284 1534 11341 557 1775 9129 9446 6379 6958 4114 12031 12243 97 1160 7450 11507 3315 10288 2980 10345 11681 2251 6392 2561 4458 10761 1100 3301 74 6943 8288 123 11266 11512 577 3310 1488 10606 1700 3864 1468 4950 12768 7508 11182 5300 11092 
9802 
9858 13122 13135 
9876 
9927 
9938 12878 13487 
10055 13450 
453 8228 1111 3305 1387 9908 12286 4137 6478 12463 6921 7183 6044 8222 9821 670 1613 2387 13002 13198 2453 8384 2004 2916 3798 8964 3719 8339 4450 7502 5408 8374 13228 5057 8676 6760 12318 3604 12555 1423 8499 8511 11354 3408 3799 4936 8100 8370 8133 12763 10083 13058 2518 8345 13461 3822 4143 270 7878 2963 11743 3209 7215 2375 4203 3390 8616 543 4138 3416 11296 5335 7103 9169 5834 6370 7024 12004 624 11479 11882 7229 8830 4166 5634 177 5657 7958 4520 11963 5572 11466 4877 8145 1605 6559 13092 5685 10651 13127 9971 11023 464 1232 914 4978 964 8566 1984 6562 2378 3476 4387 347 5460 6993 1189 1903 2448 12013 5297 8960 4357 5518 12605 4424 10322 2639 6947 12299 5103 5185 12602 5350 8383 9815 10618 1357 5497 726 9511 9684 11129 3234 6893 2612 11287 12098 605 13110 4865 6969 6502 6642 11366 5229 10897 3017 7415 2073 8956 7056 11621 943 1091 1685 2431 2967 5889 7068 10695 6645 7542 8470 2307 3153 3187 4355 5747 7107 7648 11281 2197 6514 7566 10497 340 6741 5414 8143 9313 9840 11359 11321 12502 215 11853 1378 11991 1607 7281 7494 8734 3850 9575 5207 12744 5735 6061 3443 9207 2745 7527 3448 10358 8639 10147 687 1002 6770 2157 10474 6349 13439 1295 8662 6136 9076 9472 2851 11855 5795 10366 2957 11016 
102 5864 7392 1656 6446 838 7973 2324 9328 7620 12008 1537 4937 7444 3845 10092 57 11565 1715 9689 5575 10146 559 2239 9785 11318 25 9149 1152 1983 2158 5711 324 9943 5520 8264 862 4912 5670 6966 8787 11972 7106 12258 9670 12651 719 5730 9601 1026 1633 4408 4595 8629 12396 7556 9898 5253 10224 3151 4076 2416 4464 5228 7993 141 4473 12146 3619 4016 9277 11937 1137 1168 10492 11928 1871 2519 7461 9392 12767 1064 8842 3422 9202 462 6231 7598 9374 1578 7304 2070 12553 1910 5434 2866 3116 8764 3204 10364 4122 4918 5014 7380 7641 7862 9522 2920 9337 11420 11582 597 7455 10471 11758 4723 5085 8467 1242 7590 1161 9578 1922 7833 12216 8135 11374 12016 5230 6433 2238 7004 8113 9134 2154 9139 8477 9427 3971 5616 6768 8786 8799 2749 12223 7227 9077 10854 471 8070 3646 4267 7390 7246 8903 10608 7601 10717 4883 7987 6367 9573 5208 12187 3931 5781 983 1911 4965 62 8051 7276 9774 4001 7903 8316 9501 1526 10721 472 8215 509 5190 7653 30 3642 1653 1919 428 3039 4465 4692 11070 1728 4843 1543 2663 4727 7407 10556 11106 2571 7046 11577 592 2502 8910 11170 1358 7715 9332 4784 9386 1156 4887 1452 2275 4460 5251 6784 7009 3762 9043 9803 2536 8643 1508 9009 9063 4344 6216 8502 10359 363 925 311 1104 4954 7194 1117 9034 6233 12408 586 1660 8265 12545 5159 5748 2711 7190 945 11785 5758 8864 6551 8901 10858 11973 12341 2690 4901 12512 5500 7428 4768 10613 3206 10319 1564 7454 4291 10464 12018 11250 12328 1243 4141 3059 8090 6698 7448 3444 7999 298 3345 2924 5778 6263 7062 8661 941 10633 11702 2338 5327 12332 7204 7647 10012 11860 6324 11713 3437 9404 3407 6866 11412 2272 4787 8101 11526 6667 6970 1473 2014 11770 1076 2962 10048 2199 6198 1630 11363 12175 3771 4437 11084 11737 3804 5756 7250 12314 2481 8042 777 6801 3246 9537 40 12627 3591 9553 11792 9551 11820 2220 4738 5686 9241 8852 9272 9384 11543 1529 10893 1399 12678 957 12799 2078 8344 5527 9026 3970 9884 2915 12529 4839 7296 9651 10617 2457 12578 3686 9564 10706 10218 12751 4130 8588 8609 3760 10739 12200 12309 2810 9142 9672 4753 4762 
218 1955 466 12168 4027 6852 4847 6696 534 2098 10184 1231 2606 6133 10005 9837 12699 1158 5554 10667 1632 1923 4064 5551 11895 2068 6673 3928 9981 12227 2879 11841 4003 10842 1248 2583 2771 5238 2244 2756 7253 216 2521 3478 3779 4958 5288 1563 6701 1852 7224 10424 10807 11993 2973 12712 1210 5938 2984 12246 3648 6057 7491 6509 12780 4803 7344 6104 7153 7138 7319 3094 4174 10226 378 921 11464 8377 11426 8558 10426 9570 9738 164 11134 11317 11325 4668 6576 10722 7838 8559 5793 9467 1749 6883 3839 9723 6450 7196 11378 4245 6999 2043 4308 255 7093 11982 5598 7595 8587 12636 1750 5451 9151 10837 143 9891 11777 2569 6315 3810 6015 7668 10723 12620 772 10795 99 3867 6632 7338 2439 3030 7292 7948 8984 10696 5597 7944 5611 9516 3006 4048 3881 4149 8859 9457 2248 6719 7633 4986 5143 1843 8262 8416 10498 8886 11677 5604 11724 1482 5648 12787 802 6156 8848 10521 1089 8220 10900 4781 12125 2424 9503 7042 8691 3869 4258 10033 284 10258 2813 3506 2909 4649 1849 4587 3543 6343 10621 6375 6569 4779 5012 6748 8976 2329 10561 7074 8872 11513 441 1118 8598 3584 10590 741 5330 8705 11487 7 12410 1270 7900 7750 7886 8166 11492 933 8722 3223 12419 4943 11245 1281 6313 3119 10994 632 2016 7813 9059 4651 6095 3272 12594 771 10186 738 2807 1453 6986 3141 10746 4748 10023 8711 9121 495 7341 1326 5082 2465 11229 4808 6729 6063 6688 9506 9890 11031 12189 11742 12705 3046 6394 9753 12281 1513 7687 7564 7835 1787 3716 3819 11357 7785 11365 3579 4224 44 3645 5738 5936 154 6618 3191 9788 5754 12039 10165 12655 9039 9542 2492 9349 12527 6735 9751 707 5679 3042 8595 10035 931 9004 4454 11052 5284 10394 11382 32 5713 1494 6354 8067 9362 868 7081 531 4306 972 2552 3424 3879 732 10592 3618 5425 5303 6048 334 9650 5255 8586 5557 7492 2875 9321 9822 3672 7055 2774 11445 2326 4555 6319 7445 12331 1040 5777 12304 6178 6629 9220 9528 2104 5562 4598 8733 2949 9322 11235 307 9960 12204 2316 8463 3155 4531 9278 11769 5537 12700 12501 12774 9997 12541 28 10061 1442 1900 1909 5769 8060 11020 3045 11533 3515 7638 2692 3600 3284 5149 8890 12110 7636 8857 1731 11460 4463 5939 11959 2766 6639 9819 64 11945 3792 6274 7532 5532 8525 10149 10272 6264 6941 9092 10293 2131 5787 11381 11436 2603 9845 11539 
10306 
439 10327 13403 
10510 12975 13107 
10574 12932 13185 
10640 
10769 
10958 13375 13502 10968 13514 
11039 
11188 
11410 
11451 
11459 13037 13321 
3697 11495 
11496 13313 
9002 11510 12823 13503 
11524 
11602 13125 13231 
3782 6119 4760 4911 9887 5663 10803 10862 5969 9612 9883 7725 9930 3695 6239 3370 7151 2320 8329 5307 12740 7028 11118 6815 11085 11349 12483 7157 12634 2198 8045 3910 7819 3343 8608 12012 1334 3135 7661 11587 12428 305 3009 7917 539 1745 5182 359 11400 1816 6596 233 7419 2907 5788 8099 8266 11874 563 6385 6552 9603 2280 7397 4359 9860 10267 5843 8501 4212 7867 1724 2992 3904 120 5767 3903 5922 1716 5442 58 7525 9466 395 3255 8668 10423 12985 23 13148 2827 7672 5124 9697 5690 11364 2028 6423 6619 11772 12021 65 8106 3772 7979 7280 8253 6196 10461 6188 7096 7327 11192 5271 13088 6834 10051 210 8375 1120 1664 13244 3248 8563 6301 10814 4406 11104 1619 11002 4608 11829 4323 5505 825 4759 5147 12448 2487 7481 51 387 1444 3738 837 954 1752 2114 5313 9135 831 7324 4607 4802 158 9262 6046 6583 4004 9008 11640 371 12169 1220 3175 3514 8327 11599 4590 4603 4298 11595 604 4661 5347 7029 1099 4615 6207 8969 740 1200 2362 8093 10709 10911 2294 2596 7499 3862 11011 11837 12567 
11888 13377 13551 
11958 
12015 
516 6737 9378 12519 3722 8194 6247 6489 2135 5005 1315 11095 4880 6891 106 5333 9558 11994 5765 5916 6125 9304 11351 906 4119 3273 13186 1800 8272 3179 13430 3421 7362 3998 7859 3317 4181 12024 3074 6550 3723 8027 7027 11113 638 12474 717 5114 1677 7617 6668 7841 12671 11600 12413 1341 10360 3891 4109 4049 5814 787 6992 4103 6190 7045 7501 1227 9032 3226 8698 6251 11775 2006 12898 7850 13510 18 2049 7221 5339 7408 8271 7206 10728 3700 9613 4975 8743 5573 8745 8582 10740 1783 11355 5694 13219 826 2317 4356 10891 13433 2648 6432 4697 4837 8556 6204 7389 8318 12432 2493 8844 67 4878 4078 4695 7621 3033 6771 4180 7085 150 4606 5040 7079 10372 10428 12762 728 13218 1253 2201 10315 2116 7220 659 13421 8055 13093 1139 12887 8730 9123 1246 9379 3402 11911 7909 12884 13399 1251 3894 5122 8897 2191 2900 3032 5322 11396 1284 5981 6363 8434 7639 8720 4429 6755 11813 12489 12551 335 11896 2379 6905 7150 9568 9961 10427 7609 8226 11259 6358 12081 581 12277 4381 11935 2146 7737 11025 5073 9992 1458 12027 
1456 12773 1495 3563 1558 4972 4097 8713 2805 3854 6120 3534 11439 692 8551 9003 6407 9706 3537 10668 10745 7443 12192 1228 7934 10111 12087 2778 7235 5155 7977 5556 9113 12653 694 9870 6854 9385 9946 9949 1127 8531 4015 9527 5965 10698 2267 9534 4916 10896 2286 8693 3838 4532 6351 10410 306 3794 5543 11474 1472 5588 7012 10967 1287 7908 11461 12588 1093 8247 9776 7940 8815 693 7894 8850 11607 10825 12371 2819 3073 3296 5142 1296 4152 130 7667 645 9459 623 3429 3767 6130 4971 6484 12230 12804 8670 11468 1351 6650 6850 5563 9223 4910 7060 3637 11508 2679 7920 9633 9609 10056 12275 3930 11454 823 1174 9861 1348 7994 8945 3871 9683 3385 3977 4970 10468 1956 11130 1041 9517 4451 12477 2034 5631 8775 12997 1006 7628 3215 3784 6782 6988 13072 9979 11984 1600 5890 8990 11433 12481 2240 3908 3089 8217 3729 9027 12749 2002 9576 3468 7583 6286 9705 11304 11467 388 8308 2755 10491 649 11236 4425 12406 6139 6187 10504 248 12574 1777 3640 10270 11137 2330 12224 2652 7289 11173 11446 322 6853 5605 10808 5533 11605 2959 4832 2100 8065 8677 9675 8524 10875 1021 8189 3963 5804 7852 3024 12422 7439 8772 11934 486 11685 944 5846 1687 6062 9798 2783 12635 6397 8035 5647 6659 11950 11954 5855 12249 2189 7975 3180 9897 6609 7942 8175 10720 1134 6462 2411 11844 15 7067 8894 139 1143 8790 5962 7358 1033 10839 2136 2928 5499 12068 3062 5961 429 3607 3111 5392 6666 8322 3529 6148 10200 1247 8838 8455 10782 9652 10999 2215 10816 6527 8020 474 9214 3558 5018 834 3555 4806 5510 9631 830 1989 4 6812 6998 1978 3306 4840 6422 2935 5856 2074 7887 8389 444 5650 11795 6270 12108 10624 11644 12099 8966 9145 10389 11448 3020 7336 9713 9726 1290 3068 5138 6636 6088 10115 295 2474 3473 7714 11136 2112 7980 3288 8837 9653 5381 6460 8392 9656 4724 11592 6330 9566 5844 6173 1109 12048 4619 9086 10901 9550 11465 2577 2975 3379 9051 6202 11270 243 5525 354 4489 1233 7509 1479 12631 3677 9138 5507 7961 5118 5688 747 5273 5441 9352 10694 5502 5709 5751 11054 12232 5583 11392 7247 11094 12590 3593 9053 6977 7064 10649 6860 12875 590 9756 4946 12624 8358 10323 3027 12358 12382 12668 7160 8390 11674 13253 
381 3509 6290 8946 8 6707 11830 2241 9761 11707 11865 3502 5990 3578 6589 10944 12257 6070 12179 5405 11172 247 8703 12 7493 13467 1497 1878 7786 2632 7562 12677 1622 12188 375 5799 768 9250 750 9357 1907 9848 6180 8530 396 1192 1266 4957 1448 5367 9816 10683 1114 8328 1611 6766 2576 8579 13024 5276 8918 2081 13235 5236 11562 11088 11771 10517 13211 2769 6622 8560 11360 7332 12073 754 3737 7381 5509 11780 6896 8149 658 5493 2913 7447 9768 10412 1230 12716 842 11195 11981 12494 811 5570 2494 8424 10466 275 3980 6298 9982 6079 7377 1330 3185 7346 350 3320 10997 1113 8287 6162 8911 1163 9966 10043 1258 10075 10445 2331 12781 10150 11817 12120 13070 939 5854 13136 5501 12470 4354 9598 3994 6640 6711 7577 11553 6975 11838 593 3086 3632 6709 8824 9830 5287 9057 6954 10960 7655 10584 7091 11191 2318 2412 10243 11066 3269 13063 6510 11532 140 4702 12943 3484 7104 3863 8657 8062 12319 4833 10573 1968 7810 12753 2261 6568 6626 9320 2236 4914 7585 6783 8053 10518 11796 12669 11184 11924 5176 8760 4395 9236 11514 2584 8606 3522 9117 12647 8823 10318 980 7907 526 3635 1538 8671 4484 7600 7990 6458 12832 4709 8855 4983 13472 6694 11886 10566 12305 10986 12313 4559 6406 8737 8769 10568 3005 9020 892 10469 4382 10133 3627 12022 3376 7691 9263 6861 10333 11953 1515 5377 3990 8736 13406 2917 12472 3556 3984 9571 3991 10391 2262 6086 7709 9709 10863 1087 4641 6408 8290 9663 10856 5212 5514 6990 7125 11578 9995 12692 2572 9197 10670 11386 11969 5959 8959 13042 1066 9917 11516 12475 1973 11167 13423 1992 6749 9496 13164 2213 2599 4658 2608 7701 4530 13402 1986 8978 1322 1838 4456 9677 13394 1845 2722 13021 7429 10713 569 11226 2447 7487 1465 2994 3495 9422 10070 11831 5553 9712 10449 11058 689 5653 11408 927 11171 7133 7605 2372 11309 733 9463 724 3373 2625 8953 1747 7910 2255 4474 8428 3842 10220 10821 10850 5736 10100 126 6624 7351 11082 1888 2385 2740 3699 2865 4834 8840 8994 12111 3347 4944 5848 9911 3609 10562 1419 11003 5413 8332 7718 12778 524 10167 918 1958 7179 4222 9470 7184 10954 4659 6295 7214 8246 11160 6846 8555 4969 9234 8236 11929 1735 12335 13086 2172 9141 4373 6651 8585 9326 2075 2076 2090 2589 2649 9080 2127 3243 2566 8973 8941 10199 42 631 12723 1355 2124 1874 6036 9203 168 5094 11664 1425 6842 2368 6413 4995 6405 4967 9445 529 7396 10072 336 3326 5204 11456 11480 952 6777 8636 1545 2342 12157 1770 5811 4644 7649 1853 8672 2950 13232 3960 12610 1065 1201 11080 2445 5096 9621 4405 5853 10185 10733 12797 8454 10970 5642 7315 523 6285 8508 12497 13131 1107 4268 10826 7393 11248 2952 9259 1298 4859 1389 1401 7340 8717 8252 8659 260 11656 1972 12154 22 12143 
12351 13043 13130 
10 283 4985 12407 2544 3389 6431 8537 3252 4785 7544 5259 8310 8920 12596 2806 10338 657 8171 7108 9380 12540 6706 10629 1177 2884 6175 9260 1916 12298 2169 8001 4523 9597 2252 2504 3338 7142 7230 5448 7320 11179 4248 10547 2 7704 4920 9021 2087 12735 3142 10298 6217 6763 10852 3311 7686 2212 3088 583 5115 5749 8819 4722 11418 253 4631 3966 4075 4190 5996 5195 7475 7417 9643 7297 8816 2025 3654 6327 9030 4933 8369 6424 7154 10948 6542 10976 6929 8939 5336 7793 8343 3472 6633 11773 8788 10751 8047 8869 8575 11004 1820 4218 4035 8111 679 6371 9346 11603 282 1486 5369 1506 8492 1733 3629 4890 1990 3438 8618 2511 4565 2557 7467 3589 8352 3200 8777 2096 6952 7688 1436 7567 10138 80 7237 7956 11180 6800 11680 3344 8922 10824 10845 3709 9401 10339 1373 5165 4410 7904 3268 10357 8767 10810 27 1096 345 11814 5285 8405 6108 6536 8244 8962 9280 468 656 2483 8069 2624 4336 2433 4719 6506 8896 9081 9465 6013 9339 11653 2527 6249 5291 12122 1090 11313 877 5976 10284 1846 4471 9644 2638 3492 9300 3034 5458 2623 4065 11458 4628 7156 7232 9312 1844 8447 5020 12388 3037 11348 5452 7094 11163 713 12458 4844 9485 4689 6312 8379 46 7832 11781 4081 4874 7070 8213 874 10725 5305 6373 6592 9674 11636 1967 11443 12166 1518 3065 9482 2042 3883 485 5388 617 6963 6102 9555 9889 11834 12544 5717 12126 6557 10714 897 5831 1675 11027 8401 9736 12260 1011 7671 1338 4128 11500 3997 12421 2540 8141 6146 10628 1155 9166 2870 4111 5845 6054 6721 6885 8224 9620 12141 2300 10529 11501 4849 7072 7014 8305 8770 10088 9732 10715 668 1825 10489 4766 9336 178 846 16 1877 3683 2092 3797 5875 8716 979 7700 11931 11575 12178 8128 9947 5828 10835 3197 6818 12771 10257 10972 11748 469 10050 3942 11919 3242 5105 10063 12791 1713 2113 4110 10884 8080 8778 5002 12686 3833 12809 3780 4060 7127 3258 7433 8528 6869 10233 2409 4044 7950 1988 10798 12265 273 3238 9931 1245 12648 514 7022 4085 6010 2019 4102 2064 4069 6387 11938 1014 11509 1195 5522 2475 12523 4870 12034 3754 9779 5677 8398 10370 779 3548 3054 5148 2440 3406 6012 11221 1937 9212 9530 10671 666 916 9368 3713 11096 5764 10988 1697 3494 3361 5092 864 9483 11048 3649 7847 9721 12065 533 10337 7216 9269 6185 9707 11029 12199 7092 8087 5766 11343 12384 1666 1858 4907 5192 10610 2061 2997 3806 7375 10630 2246 8326 6469 10027 5960 10638 11556 2964 11899 8829 9161 749 10353 3561 7625 3133 12044 5031 9526 6821 8883 12011 4493 9869 10011 5585 6814 6241 10202 1782 3708 3132 3517 8013 10599 7039 9040 9545 9857 2792 8957 2276 4255 4299 11906 12813 1054 2454 1696 4052 5935 3668 7629 4062 5241 2930 3450 2211 3331 4605 12430 911 4208 6967 5887 11873 12803 4514 11176 4981 7889 3740 5792 1332 6917 12330 6110 9022 6321 7632 9647 402 9745 11489 7572 12361 3423 11760 461 12006 1572 4246 5868 6528 7524 8876 1571 2302 10034 2995 12672 3222 6203 9680 2777 5649 8997 10310 11531 33 10572 6194 10926 4467 9535 3451 9411 10210 
12542 12861 13513 
12554 13099 13480 
12575 
437 5942 1331 5632 11335 3742 9265 5515 7226 11140 12587 1560 6391 9014 4281 10830 364 11918 1187 7834 10198 8987 11301 4941 10729 2595 12241 3906 10537 2671 8506 320 3420 7730 1812 11868 333 1562 13304 480 7427 6884 10240 7643 12514 4131 13539 3433 7191 3673 4385 5016 7693 13374 518 595 2758 12447 3720 6730 7038 2253 5480 5423 12495 9487 11752 1447 6428 1492 4828 9912 10465 2800 6179 5971 11521 1360 7485 2055 2321 6874 10791 3628 9760 3011 5673 1836 9489 2999 7076 8715 9565 11076 11078 484 7749 1297 2524 4895 8125 1300 11925 1586 8319 1671 6278 2787 6452 2123 8302 2887 8660 2983 5157 1194 7284 2723 8581 1583 11783 2775 5739 1827 2346 1149 3667 886 5027 5290 10326 1241 12060 2059 12769 5779 10855 2066 7228 8871 10571 1966 7809 12720 1510 2077 4710 11852 1887 4495 1217 4745 10028 8118 10730 5151 7557 3217 8165 1191 5444 9766 626 6437 10531 245 5641 11121 8509 9049 8950 9006 2542 8191 5186 6567 3698 8979 9691 8216 11893 746 1214 5344 8684 600 11344 5932 6920 8388 975 10882 2910 6131 9354 9880 128 3965 10704 12253 782 12349 1329 2675 5246 3717 12531 594 4293 4011 12310 869 2259 8124 5862 7302 3518 4627 7570 11793 12152 784 1746 9843 10242 3899 10969 2405 8544 4273 11779 8282 9605 422 682 12238 3001 12504 2496 3147 2546 10330 4037 5683 4047 7767 497 12592 5478 5896 3192 3393 206 372 10283 4959 9448 9654 1575 2393 1824 2944 11497 4116 5221 4055 4578 2010 5636 6332 6417 10605 4786 10718 5194 6840 6276 8156 8654 9233 10895 2193 9005 10437 2438 2853 10308 1106 4225 8518 5818 5865 7337 1129 5306 6346 53 7706 9038 8413 10392 2799 11797 3613 4583 12467 10195 10642 10719 2718 11864 8312 9109 4820 8023 7918 10885 4018 8108 5669 7968 2173 8082 854 9042 4067 4307 7955 7406 8498 5058 6938 7202 10991 11901 151 9808 2614 11916 722 6014 5762 7333 7776 8696 8912 11252 229 3939 5364 7962 12726 9387 9834 3793 8040 10929 6398 6580 5998 12462 1823 2115 5755 11787 6396 6683 108 12266 10296 11165 997 7388 6830 10942 1950 2037 3504 8043 10982 436 8756 9033 3982 6717 1520 8666 4376 9611 4884 6328 8068 10778 7853 8744 12173 6414 11024 13294 1363 1818 883 12184 12995 3859 12067 12682 
12822 
12826 
4077 12827 
12828 
12830 
12831 
6212 12834 12910 409 13181 
7490 12839 13195 
12842 
12843 
12844 
12845 
12846 
12847 
12848 
12850 
12852 
12855 
7036 12857 13078 
7166 11659 11684 12916 13529 3816 13022 2590 11143 5952 13270 13345 9137 13083 13475 11933 12858 
12859 
12863 
12864 
12869 
12870 
2630 12865 12556 12871 13226 
12872 
12873 
12874 
12876 
12880 
12881 
5079 12883 13009 
12885 
12888 
12889 
470 4894 11142 950 6244 4378 5519 1485 10563 3400 3726 8103 10533 10904 1381 7995 4769 8792 5169 6497 11241 2545 7505 3721 8341 2118 8061 9974 2175 9829 3454 12383 8936 12041 376 3510 8313 8805 9160 9435 9618 1532 9841 145 637 5153 8098 11536 13118 2203 4817 11586 12722 541 10155 9471 11213 6485 12930 10252 12955 2304 7263 4685 7726 12100 2103 7978 2091 3395 5484 10632 167 4277 9333 4795 6174 9909 5121 5205 599 13139 798 6789 13376 13546 1629 11715 12088 2001 5928 1994 3480 6648 5419 5914 11175 11588 5884 12315 1213 7535 7283 9066 5045 11566 12478 12718 767 7011 12537 929 5234 9324 2284 10873 828 1142 3704 11978 12747 6965 9381 4478 9929 8427 12673 1206 8836 2509 10143 4417 11609 2489 5633 10811 11411 5869 6761 7825 507 8611 520 9895 10611 1941 7378 5210 6587 4634 5899 7662 457 2435 5123 9741 10679 7065 11430 2111 3995 5215 10716 1642 2450 9428 10756 12386 12737 351 9403 3447 6342 12202 6115 10415 525 800 10534 239 12140 1454 2415 5838 4871 8231 10813 9122 9866 12268 7663 10664 11570 1574 2459 12282 2017 3100 7546 10860 4660 11099 1212 11200 2237 7187 9699 11625 6028 8396 94 3525 1121 10132 6520 10660 1998 3988 2618 10847 4852 9475 1439 10060 6020 11824 6684 11520 6790 7743 7488 10094 17 4040 4237 908 4683 9957 1944 5579 7656 329 6714 9862 323 3768 9941 423 12287 2242 2597 2719 12790 9735 11133 2428 4732 10095 904 7559 9937 555 12891 4604 4747 9478 1530 12296 358 9580 572 5569 2327 2482 4510 9552 10634 13364 1147 9984 4030 12133 9714 11261 1277 6147 2497 6234 11920 1308 8335 313 11755 2918 3114 4019 2335 3080 3081 8689 4566 4939 2426 8270 591 8870 574 5927 8209 10137 2934 4821 3371 7057 3588 11926 1720 9668 398 2149 6725 7884 10400 6490 12136 5126 10527 4393 11431 6743 9253 9701 1208 10244 5376 11823 12473 2472 9750 6513 9533 7131 9209 2394 4674 2812 8116 6997 12571 7437 8049 12118 4134 10317 4133 7275 6699 8514 8017 10086 10374 12372 3271 13325 1722 9543 1299 4104 2751 10953 5842 11413 1411 3743 7610 5359 5564 10637 4611 10266 4994 10477 7101 11943 4862 7468 1826 9226 3961 6664 2425 5171 4990 6979 9932 10941 12076 293 2714 2444 7677 10560 3108 7963 6111 7504 297 3367 9682 6792 12195 1102 7495 4898 11197 558 8808 3289 8655 3552 5261 1785 5286 135 4430 1265 2843 9814 3876 4251 4791 1055 8874 3513 4903 1579 5443 10512 1182 9954 12603 7100 11164 2901 8847 7584 8129 4962 10297 12796 3599 5791 6561 4905 7839 319 9521 10894 11057 652 8738 4145 10766 4211 8488 9205 2666 9425 4655 5615 3679 11493 2694 6517 3688 9579 12051 12093 5465 12739 5948 7928 4290 8602 13132 7078 8482 8295 11007 9180 12300 4316 6317 10399 12562 447 6467 5485 6436 5658 11997 1588 8078 318 8281 13134 3821 10182 1204 9698 4963 11839 5903 11534 9546 13251 
12892 
12894 
12895 
12897 
12900 
12902 
12904 
12905 
12906 
12907 
12911 
12912 
12913 
12914 
6575 12917 13154 
12918 
12919 
12920 
12921 
12922 
12924 
12925 
12926 
12927 
12929 
12935 
12938 
12939 
12940 
12941 
12945 
12946 
12947 
12950 
12952 
12956 
12959 
12961 
12964 
12967 
10768 12971 13378 
12972 
12974 
12976 
12980 
12986 
12988 
12989 
12990 
12992 
12993 
12994 
12996 
13001 
13005 
13006 
13007 
13010 
13011 
13012 
13016 
13017 
13025 
13026 
13029 
2541 13032 13180 
13033 
13035 
13036 
13041 
13045 
13046 
13049 
13059 
13060 
13061 
13062 
13064 
1974 13065 13223 
13068 
13069 
13073 
13074 
13075 
13079 
13080 
13082 
13084 
13085 
6145 13087 13284 
13090 
13094 
13096 
6786 13471 13501 876 13097 
13098 
13102 
13103 
13109 
13113 
13117 
13120 
13121 
13124 
13128 
13137 
13138 
2876 13140 13249 
13142 
13144 
13145 
13149 
13152 
13153 
13155 
13156 
13157 
13158 
13160 
13162 
13163 
13165 
13167 
13169 
13172 
13173 
7707 13174 13444 
13175 
13176 
13177 
13178 
9047 13183 13275 
13184 
521 13081 6654 12879 13481 6097 13187 
13188 
13190 
13194 
10395 13197 13380 
7476 13199 13429 
13200 
2282 13201 
13202 
13203 
13204 
13205 
13209 
13214 
13217 
13224 
13229 
13233 
13234 
13237 
13240 
13241 
13243 
13247 
13248 
13250 
13252 
5483 13254 13319 
13255 
13256 
13257 
13259 
13262 
13268 
13269 
13271 
13272 
13273 
13279 
13280 
13282 
1130 13013 13453 9429 13286 
1683 13287 13526 
13292 
13295 
13296 
13297 
13298 
13299 
13300 
13302 
13305 
13306 
13307 
13308 
13309 
13315 
13316 
13317 
13318 
13320 
13323 
13328 
465 13329 
13330 
13331 
13332 
6839 13067 13379 72 13333 
13339 
13341 
13342 
13346 
13348 
13349 
13350 
13355 
13359 
13360 
13366 
13367 
13370 
13371 
13373 
13381 
13382 
13384 
13385 
13386 
13387 
13388 
13391 
13396 
13397 
13404 
13405 
13410 
13411 
13418 
13419 
13422 
13425 
13427 
13428 
13431 
13432 
13435 
13436 
13437 
13438 
13440 
13442 
13445 
13447 
13449 
13451 
13456 
13457 
13458 
13460 
13462 
5872 13146 13490 12758 13463 
13464 
13465 
13466 
13468 
13469 
13476 
13478 
13482 
13483 
13484 
13485 
13486 
13488 
13491 
13493 
13494 
13495 
13498 
13499 
13504 
13505 
13509 
6267 13512 13550 
13517 
13524 
13525 
13527 
13528 
13531 
3912 13532 
13533 
13536 
13538 
13540 
13542 
13544 
13545 
13548 
13549 
13553 
13554 
13557 
13559 
13560 
13562 
