0 
105 
131 12854 13210 
6346 10642 2799 10195 11797 5157 5364 10719 12467 1950 8108 12726 3147 8043 10982 3504 5194 5683 12682 5306 11793 10822 12152 1025 12485 5741 10992 7187 11625 7706 12464 9377 9439 3445 8415 10164 10600 6014 7776 11252 7962 9387 4225 9808 2614 5818 7337 8518 800 10534 4018 6028 5762 8912 11916 12673 202 2767 7167 12094 4735 11757 6299 8212 10042 239 11204 1725 10079 6491 8054 1450 6769 89 11908 12151 10379 12289 7933 8102 2030 8296 2972 11504 4296 11576 41 596 7349 160 5188 3002 4108 8642 451 2435 11930 525 9428 490 4932 7457 3351 10413 12324 3058 5637 5898 11056 12490 457 10564 1796 12354 2151 8172 11557 7816 12802 883 12995 436 9033 3859 9611 1520 4376 8666 9435 2037 3793 10929 5485 8756 8040 8313 722 8696 3982 6717 4884 8068 10778 357 4349 6789 13376 134 1542 4202 2339 9311 2103 3395 5805 12429 12462 863 12721 6939 7978 12487 12737 380 3575 5345 1929 10239 2896 5609 1106 1670 6398 6580 3939 8124 9834 12310 6879 8440 9085 9525 10500 95 1397 11877 1530 12300 1588 5658 4290 5465 7078 8295 11007 9180 12739 2118 9974 4604 4747 13132 7928 8602 6436 8805 447 6467 3721 4634 5899 9829 8061 9841 12041 3819 11357 1040 12304 9324 11445 12478 12718 3821 8281 4963 10182 8498 9251 11839 5903 11534 318 11997 13134 9546 13251 5669 7968 6938 9042 5948 11566 2284 7662 9381 2415 11609 2489 6587 470 11142 4277 5121 6174 4478 9929 1532 9618 7333 8427 9160 7713 9741 4417 10143 1206 12386 6244 6497 4769 7995 376 3510 5484 10632 2175 2509 8836 1941 7378 151 2450 5998 1642 10756 3454 5205 7726 8936 12383 403 2091 6252 9122 599 13139 4795 9909 798 13546 507 8611 4139 9801 167 9333 2304 7263 2207 9052 87 4909 3353 11547 951 2613 3550 629 11416 841 8317 520 1398 7825 10627 12420 2410 10505 3858 5869 10551 5568 9231 3260 9895 10611 3499 4469 2178 3549 6289 7663 10664 4654 4871 413 3447 10334 10560 4073 4660 11099 6342 12140 9686 10415 351 1454 6115 2444 8231 10813 405 9622 3704 11978 12747 828 5210 9403 12202 1460 9126 12288 2174 8038 11498 696 5237 6547 7854 2977 9084 3896 12301 2768 7736 4613 6098 6380 5625 7779 9050 2111 3995 5123 10679 5215 10716 7065 11430 6277 9338 4483 8784 5838 9866 2097 2459 11570 2585 6663 6281 9927 12095 12307 3372 5654 7399 6605 7586 1969 4247 690 10591 4401 8058 12000 
3025 5599 1274 12106 6191 8130 1590 6023 2268 2761 3399 11968 3477 4444 11603 500 5196 6635 7398 282 4721 7679 12170 1744 8552 2729 12297 1310 5389 6118 10872 11333 11613 2071 10784 2508 7783 745 5943 6152 12256 8521 11579 821 6138 851 7129 3158 10403 4629 6608 708 9041 3360 4275 9964 6595 10166 6253 12575 34 4896 21 895 2592 7806 2628 11125 8542 11444 1559 6050 6643 7465 8077 4310 10248 435 1990 9432 3438 7385 146 5248 958 12352 1390 3790 1085 5098 137 6925 3270 6501 1835 9237 10153 884 2855 2359 2370 2463 5407 3010 11260 11996 6250 9962 1167 6531 191 9382 9 5074 8110 1985 8386 7211 10708 1083 1521 1766 7109 3521 5445 12139 964 9824 3884 7326 778 7215 8566 948 3172 4831 7393 8252 1486 8449 4189 8086 9264 8618 9346 5369 12593 227 3283 6040 7992 1436 10557 10629 12540 7386 10438 8064 12380 172 12618 475 8803 5601 8607 2287 5752 12415 1645 1915 2954 5487 3280 11622 3190 11468 1886 6650 12291 5158 9023 3922 7919 2814 3026 3342 3936 11328 11633 2609 7765 4494 8974 7952 11451 550 12368 2903 9913 5017 11127 2464 7768 8083 8905 1024 7368 4677 8429 116 11786 3293 12559 1013 4589 9509 4058 8610 9285 3096 8947 10208 5905 11699 6886 11912 266 7377 2679 9145 1351 1965 2269 10349 1475 9609 10745 3213 10384 205 8211 10682 3980 11856 2504 6079 901 11319 2279 2633 5220 3967 11102 8547 8670 8652 10979 11282 275 3637 6850 9633 10056 11508 12275 4910 7060 5563 9223 1228 7934 2286 4532 10111 10389 6162 6298 9876 9982 8465 9168 4726 10639 2511 4565 6803 2252 7254 9418 4920 11905 1086 8425 8541 12274 
229 
295 4832 322 1525 8358 10323 8990 9683 12481 8677 8945 623 12804 3027 4946 590 6330 4657 4863 6998 12624 192 13213 4 785 3996 6812 12358 1047 9183 2462 3205 13555 1768 6918 527 6853 7994 11437 684 11473 3412 4487 8653 10921 3789 5933 7646 9813 11189 12609 770 1788 2805 6120 11753 2959 3854 3534 8713 4346 10368 10785 4971 6484 6957 11439 6246 11828 1451 5803 7873 7534 7846 6858 9835 1606 2361 9318 12482 5605 10808 5533 11605 3385 12477 1021 4970 3024 8772 4451 9979 1600 3020 5890 3871 11130 11433 11984 12424 13327 1006 9517 3963 5804 2474 10115 1956 3473 8189 9675 5381 6460 7714 11136 7852 11592 839 7021 1394 1895 2507 6403 3975 10596 3256 7441 9423 3049 4020 8773 5986 7552 4147 10762 4383 9394 7159 8457 12239 1495 9461 1067 9695 1132 12123 3418 7099 2133 3715 4449 5086 3414 3662 5783 11442 8195 8300 13537 8812 13441 601 6435 11202 3203 7771 7966 7976 3505 12547 9074 12810 1078 1365 12220 3841 12530 3898 10355 2868 5004 6854 9385 2245 11271 762 6470 8850 6407 9706 11071 11607 12371 2084 12326 5325 10846 6160 12550 6752 8122 9734 10108 10145 11277 10196 11525 9946 9949 1296 12653 7977 12192 2100 4097 8065 1093 8247 12230 3068 3767 4152 5142 7667 6130 7894 10825 645 9075 882 5107 9459 1290 5138 6088 8524 10875 224 10879 692 2819 2011 3394 10197 11716 3617 12164 148 4117 8474 9865 11506 130 6302 8779 693 4127 3073 9003 694 7012 5588 9870 1558 3563 2267 4972 2732 5924 12588 894 3794 5299 8899 1456 1472 6254 6890 9383 12773 
374 12931 12978 
404 13413 
411 13552 1584 13265 2573 13227 9170 10036 9519 13020 13230 4022 13506 
439 
213 10871 4201 8119 928 4288 1618 7576 12064 7334 12450 12584 4153 6482 6572 7606 1269 9660 10478 634 7017 7330 8154 3491 6647 9249 12162 3314 8487 4601 9799 2183 3956 4343 4739 10540 5489 11123 12560 1639 4893 7212 5028 8724 1662 9247 522 2141 4776 4765 10734 10764 5552 7369 2138 8029 2427 10631 4163 9194 1685 5476 7301 9292 8452 11887 5753 8613 625 11745 3456 8982 1951 3211 11041 514 1010 2747 5677 4870 10370 4085 6010 12128 8529 12229 10225 11695 6224 12280 8206 11666 2360 3446 3236 11246 4259 10328 2736 2793 12290 12528 124 11869 3299 5239 5432 11941 5211 11665 1183 1786 6924 11001 1850 3511 5900 11585 1069 1625 7123 9015 2969 9483 7624 12503 2932 9298 10039 1035 11375 3266 11825 7022 11152 3459 11589 3559 6505 5454 6700 6873 6004 11697 1306 2012 7073 1457 12977 537 5033 5503 12129 1148 6503 1776 12661 3029 7019 1514 2825 4071 10071 2942 4636 756 8012 13558 861 9054 1291 4360 9157 12524 13192 1993 4242 4804 10487 12644 3181 11606 5222 6827 3425 6499 513 3533 5742 12117 1140 10581 11370 5885 6021 3198 5161 9044 1263 1570 10443 2399 10106 5957 8641 780 9178 9711 1536 2620 819 7298 1364 7268 10273 5160 7866 2319 5402 6926 12057 12471 1679 7683 3052 11960 4997 11979 8725 13151 1947 9667 7452 8967 8497 10554 824 6218 6710 9922 3195 9850 1165 13314 5466 7897 2856 9794 11026 6653 10787 2665 5600 149 3639 4095 6806 6613 8235 10004 7466 7484 1839 5629 4398 8353 8387 8640 13051 242 5265 4276 4304 6329 13477 331 8564 1157 6024 2356 6419 12439 501 11601 1774 2553 2912 3671 817 1350 4715 13322 5587 7957 10084 12807 6091 7684 8663 12149 12032 12365 1162 6859 4956 8406 13019 6845 8825 7090 7462 11251 13004 12150 13108 13182 5640 7645 6989 10301 4332 10414 13556 3993 5370 186 12177 5375 13522 
656 
671 
1311 12395 4825 5704 7367 1032 1407 1924 12623 2759 10406 6479 8771 6857 8367 7569 8117 9162 11075 5404 8648 7217 11646 342 12036 310 1708 43 7745 612 1809 326 3064 8260 8731 1891 11990 8577 8709 11158 2537 6555 4228 4588 6652 8088 9072 3117 7705 10482 4984 7394 10804 11059 7592 7717 1794 12294 2927 8928 6453 6982 308 11741 96 12426 209 10771 2309 8921 370 1092 7460 4400 4942 4545 7964 2323 6473 88 5725 9101 8789 9690 204 5706 7186 7851 12379 953 11848 11711 12498 7874 9405 61 3676 12261 4312 4452 5038 5772 11718 2656 9649 840 10800 294 5810 6740 12078 7581 8187 10681 1897 9294 11827 170 1717 13547 6872 7271 6533 12949 12951 1133 13500 13561 115 1925 2221 5681 1271 13288 1244 5989 1275 7285 10931 5674 8645 3051 5191 10865 3177 7193 460 571 3405 3542 3431 4524 6546 11481 1179 11384 1834 12295 7295 12786 4029 8333 6787 8408 12732 922 7843 2054 4750 8923 5482 11652 63 650 373 4672 2785 8301 8016 9238 4039 8983 1112 11156 2295 9746 4093 11505 1780 8081 4327 4396 7558 10467 12785 406 5080 1995 12683 2365 3121 852 3918 4480 9087 4285 10848 4720 10583 8568 9855 8686 10488 8168 8834 7888 9827 9958 11452 7589 9846 5733 10712 5081 6282 10928 1568 1879 1672 8980 4515 4927 7299 2401 6456 6500 3851 11305 1049 3125 6189 9928 12431 7075 10446 3202 11017 1593 8535 11063 11215 3430 11258 3152 3218 13351 3377 5417 6870 3276 9105 4319 5802 9275 8934 11409 7239 10093 10659 13356 2929 4740 8097 11488 13543 1702 2094 6847 3837 4507 907 9204 12518 6983 9574 2168 7486 190 2512 4538 12454 5254 10151 13511 5726 5825 1196 3747 8765 10975 5257 13344 1628 2886 5820 6695 4013 7473 7698 8520 835 3413 9407 6377 12970 2140 3769 9144 9662 9787 8469 13301 
3041 10120 10209 4309 10501 11151 458 7097 11440 1621 2925 680 2990 730 11567 9505 10152 2621 4231 12412 552 5560 5911 4176 7251 7533 9770 5093 12050 5328 6337 5218 10448 5008 7132 9916 1721 8902 2343 6181 2960 4421 2945 8622 12226 2364 11897 1321 6736 9490 1410 2798 8955 9717 9302 11754 1216 6161 1375 5447 6459 6981 9098 5555 10281 11046 6077 11648 5470 10555 1555 3038 2228 3457 4274 2468 9720 401 10348 3220 12047 4951 8539 7059 9996 993 7249 10588 8162 11818 1665 5136 4929 10445 2024 5854 13136 6675 8140 8889 11939 1676 10192 10398 12132 346 2871 10663 12820 2668 4223 4428 9118 9945 6349 10474 818 11256 11331 12046 2957 13439 11016 11855 4440 7353 7404 9358 9892 932 5175 674 4199 6541 10658 1831 11155 1748 11542 3303 5049 8523 10493 1257 12954 2683 3932 11295 2539 8861 5530 8822 6008 6455 8476 104 6826 7922 672 8550 845 1935 10219 2402 4186 7121 10677 2951 5816 13222 13452 10483 11808 5426 7208 12877 9614 10757 13015 113 10236 8893 10932 753 8159 2485 9971 1171 4082 4160 5685 6559 8145 10651 13127 1605 11023 11466 13092 3234 12293 6893 11944 10486 12860 8210 10382 2612 11148 11292 12098 2430 5657 177 7958 10622 11791 543 8383 9815 10618 6122 12681 4782 6829 642 9153 3359 6043 6389 12347 3440 7041 8150 11494 5185 8436 3659 12436 5103 12602 1759 3277 2281 4610 6325 7343 934 3920 2000 5692 11131 12374 3384 12569 3889 5000 2056 12418 237 8755 4260 4442 5260 9994 1620 7431 2057 3631 11730 11966 985 5337 8342 2773 10076 2897 10940 3650 7470 221 4132 6242 5197 7578 276 1531 5972 11767 6620 12746 3396 5876 6804 6638 8519 2575 7176 3249 10303 11208 2660 3516 5745 6206 5808 8170 4056 6352 268 6677 8373 9635 4729 7248 7752 8144 12356 9953 11618 1528 11894 2816 3773 6537 10990 1646 8084 2550 8988 836 7003 8484 9082 10104 1347 7936 10255 7735 10876 4938 5174 228 2741 263 10380 2754 3417 3868 11043 8644 13283 434 8993 10175 1019 11554 5106 10516 1654 8573 2702 3118 1039 8057 9437 8177 9192 1684 12589 10187 12105 3297 6875 3568 8239 10190 11615 1945 8227 4328 4945 7784 8048 3290 6168 6877 8193 3622 11594 2982 10654 7218 9539 896 8576 5011 9167 152 5409 37 3687 419 3753 504 6442 793 2821 3004 9716 4931 5734 5036 5131 6665 9282 544 11379 9288 10841 4431 9802 9616 9936 6449 10480 321 8131 1554 1609 7703 4017 7540 662 4790 7140 11650 12167 4167 5550 7774 7857 11238 1312 6279 6199 9967 3207 8250 10098 3350 4271 38 7234 10404 946 1754 1758 10407 2500 7630 880 12089 9769 12841 9560 10405 12968 11387 13497 10530 10595 2988 10009 2676 13454 1348 11454 2547 4892 1781 11395 823 1174 3429 3930 50 7342 655 10113 45 6006 1813 4485 5232 1226 8881 3846 10965 3665 8656 2271 3154 1917 4136 8500 4980 7137 8254 10789 3264 7361 3104 7050 302 3888 4642 6934 6495 7885 13014 9115 12522 3292 3924 6946 12908 2803 4977 5440 3139 7459 1908 8277 2298 4443 250 8076 2058 5356 8603 10615 1872 12369 5743 11265 3755 12903 13196 6400 8121 4032 10936 9725 11159 1723 2363 4708 12251 3977 11934 432 7439 9861 10468 12422 4619 11465 1455 9550 6072 13038 
885 
950 
184 4632 2503 4609 12632 4106 7708 1913 8972 188 855 11345 450 4297 1403 2716 2555 8873 2710 10919 3832 11217 11655 412 7796 8517 1254 4764 12040 1573 2121 2390 3577 6017 5150 6600 540 4481 8951 4168 9744 11373 2701 9308 1136 8066 2182 7426 10136 2889 4219 262 3247 4730 9998 8420 11881 963 11361 3146 6065 7483 11638 2080 6942 8532 6987 9820 7411 10495 10245 11278 9661 11377 8297 9252 5366 10282 1305 5302 5662 8448 1124 7817 2655 7412 7449 11857 1649 8075 1906 7808 6895 12268 962 8291 10038 1574 12282 3666 8127 176 8583 2782 6985 8807 9825 1860 9120 5574 11961 10332 12612 2686 7264 3040 5729 4533 8115 3286 6333 7001 9617 9847 1328 10575 8123 11356 1626 4262 10053 12789 8411 8567 10276 10593 3470 11438 11115 11212 11885 330 3756 6331 2047 5272 3221 5984 3427 4693 1904 6898 7614 10700 7000 10579 3102 7826 2277 8590 5689 9934 4486 10340 6731 6971 7139 9208 12398 12701 651 3466 956 4362 10983 11237 715 3296 6365 809 2015 2635 26 2455 5231 5882 5931 10256 12706 3801 10457 4475 6047 8935 1668 9679 1094 8589 5035 5069 5446 10523 2060 5357 12401 4272 6273 3530 9078 1009 5418 7088 10726 6923 11511 6483 7306 5780 7971 2721 3043 3934 4799 6148 6139 6187 6539 12206 4635 5988 3529 10200 5198 8694 2209 8726 10320 7331 9924 3455 5722 984 5822 10286 1046 2050 5331 2291 3992 1499 10816 576 4235 5643 11502 4124 5630 8785 10507 789 1726 613 11324 19 3278 748 12520 12630 4008 4680 2137 2419 5883 10305 10453 10753 11362 9638 12322 361 3544 6791 4623 4891 554 12525 3392 11761 4162 11558 1777 11884 2285 6480 4292 12116 3124 5249 8230 2403 7293 10002 3640 10270 570 4991 1031 6831 6498 11974 85 9831 8285 10506 12250 254 9271 2532 8679 394 11573 3057 5235 7356 3404 6676 7613 8360 9410 1524 5127 1581 11639 1491 9729 3834 5274 2142 6268 4503 4569 8680 8276 12292 5980 11116 5396 12591 8700 8715 8835 11279 1151 1501 10503 12091 2698 9242 8167 9749 6158 6949 7284 7442 1172 7988 12052 2554 12127 1194 6913 1674 6944 1424 9584 2414 5181 4144 8283 1103 2723 11783 4599 8665 1354 1651 1905 4367 3689 5146 8533 9268 1643 2089 2893 6170 5488 10674 3231 10701 3302 3840 6259 10799 7892 11583 8565 11620 1376 2535 4506 5180 4653 5340 8091 9441 1110 3391 3000 3974 2985 5812 2102 7676 4553 12814 3948 6382 758 3728 344 2505 11671 769 4875 6849 12536 12764 390 6691 214 8242 4846 5541 12693 6856 7180 7231 4805 10247 6019 11569 1837 6496 4860 10191 12308 1433 5919 7746 10024 459 2760 5224 8433 1395 10278 1707 5431 8851 11774 3442 7043 397 2029 2108 7272 7355 2129 6738 5950 11725 6029 6381 11936 2352 10116 3022 8551 8766 2880 11429 
965 
853 3159 8120 9593 11316 313 11192 5594 7327 6188 8754 1664 8375 6196 7096 210 13088 1120 13244 58 542 5307 7280 8253 3772 7979 2992 10461 2028 11772 976 1012 11921 1377 2852 10007 1048 1429 3346 12258 1026 1653 1728 1919 3039 4843 5066 5711 5670 6966 1633 9350 719 9601 3032 3482 2900 4847 7737 8269 10000 10485 11396 618 6808 4241 5973 6919 12012 7799 8556 9241 3638 12160 838 3036 10964 6522 10502 7106 11972 11658 12651 7395 10951 9785 11318 9217 10470 25 7951 1473 11084 2014 6970 3437 11770 6233 12408 945 8852 5336 10976 5305 5756 6373 6963 6542 6633 3472 4965 11418 9272 10893 2078 9384 11543 8265 9537 3591 9553 12627 363 4465 509 11250 3343 12246 2324 3970 7973 12328 1104 4954 1564 7454 11400 7190 7194 10464 12018 4358 9573 5464 7390 7238 7601 5283 6367 6208 8882 2185 8105 10647 11597 1370 1543 6216 2663 4727 4883 7987 10556 4718 5225 10598 2571 4842 1526 10721 30 7653 592 2502 4692 9332 4784 9386 925 4408 5730 8910 1871 9392 1368 7715 3422 9202 1064 11170 1529 12529 2915 7709 5327 12332 3363 7138 5575 7319 57 12176 2883 7402 9028 12055 10886 12798 4650 5353 10230 54 10367 1441 6372 11025 11935 472 5190 1117 3931 5781 9034 11410 11785 1911 6929 9501 2239 10146 5520 8264 559 9149 9670 9689 11565 11889 324 9943 9884 12678 1399 11860 7204 7647 957 4738 10739 3193 10012 2338 9898 2158 7556 4595 10224 5253 11070 1152 4912 1983 12396 862 8629 51 371 2114 539 1745 1752 9135 11595 12169 4803 6576 4668 5864 5938 10722 1210 6446 4291 12341 6551 6815 7428 8901 12114 2711 11822 3206 7185 10319 271 7824 8864 5758 10858 7347 10689 5368 11980 428 11106 11802 3642 3762 5208 1161 8467 4460 12187 4887 8502 856 4213 4928 1508 2536 783 9009 7407 9063 12016 6393 10914 2283 7699 3237 9473 4705 11545 10758 12193 12664 7170 12561 8185 8215 4344 8643 10359 158 9262 831 4004 4607 6046 1220 4603 102 7392 274 11369 1791 10128 2490 12459 2690 3175 725 11751 616 7969 9008 11417 5500 7959 837 4590 9521 8488 11057 1301 2312 4145 2765 4211 9205 6679 7869 6368 11640 6129 12690 3144 6583 11297 2294 4802 10709 10911 604 4661 2596 6207 740 7029 3738 5313 4298 11599 5347 8969 11011 12567 10137 12093 4901 12008 12512 1537 7444 7620 9328 3094 4937 10766 3 3582 10535 7110 10087 4768 10613 977 5881 9878 12212 10229 10291 11577 12194 230 5542 349 2206 9692 11833 4185 5617 7098 8608 5527 9026 8344 11973 4284 4359 5737 8357 6552 7397 2907 3695 5788 9452 10267 11874 1656 7819 3910 8045 1816 12428 2280 9603 563 6239 8329 11349 6385 9736 6596 7419 305 11587 1334 3135 7499 7661 3009 7917 2198 7157 12634 11085 12483 1166 8898 9914 10129 7364 8631 8303 12042 2637 8664 585 5034 11871 1414 2297 300 7848 9500 11515 7507 12484 9903 11709 4775 9883 233 8401 1675 5831 7725 10890 6335 12260 
1130 13013 13453 9429 13286 
1207 
1264 12899 13516 
1335 
1419 
1080 2586 9395 7040 8112 13354 1755 5516 8867 10543 2202 9325 13420 4618 9989 6121 10127 1190 12323 7943 11744 12400 5475 9198 1052 3498 5859 8403 3309 13221 3610 9743 5807 8675 1359 11311 6927 9832 13193 6454 9730 8963 12901 506 9572 6051 7823 11405 3489 12079 10169 10277 8279 10831 3829 8462 10703 11249 264 1003 1987 1388 8774 575 10866 10776 11883 11253 13044 13053 12023 12821 1862 4107 755 1718 3174 1830 5183 6882 9273 12218 12640 5597 9516 9772 10655 1427 10102 129 5539 2290 2832 5213 9154 13091 2357 6306 2204 2752 3087 3945 8304 9589 10156 1116 6610 244 7168 7945 8592 12736 36 11222 4302 12009 9124 12437 2605 3349 7763 3914 7930 8395 10232 4734 4835 7278 1393 6069 640 2936 6011 6594 8186 9586 3527 10421 4567 6101 11427 8748 9731 1430 13129 3921 8137 426 9073 9434 10059 4622 13147 6472 13111 13274 588 13343 7118 9239 13448 9590 11870 12183 12334 1902 6709 11733 3556 12472 3098 4317 12353 6402 10333 11953 3984 8142 4561 9037 9261 9571 2826 9544 549 1169 12191 3462 11932 5001 6197 13530 5472 12521 8802 11701 747 759 3143 12197 1038 12853 1893 10582 11036 3808 9755 13066 5833 11878 7265 8376 7729 8354 2032 10031 13095 1466 7518 1854 7200 1999 10750 3122 5412 1008 3275 8707 6994 9596 11112 7258 10585 4322 6292 6744 8109 8916 12003 5526 10017 11428 3647 11598 4005 6822 1610 12607 2835 5256 10249 6867 7425 8753 11385 6186 8856 3282 10402 620 9536 284 10258 2813 5800 3763 5547 11315 4649 8056 3261 3374 6773 183 7372 2943 8817 10130 207 4164 441 3415 10259 4066 8930 440 10509 52 7895 1239 8782 1615 11072 5964 7753 2311 6049 2645 11404 11689 12010 2651 4100 1289 4287 9274 12687 2617 10425 4670 8569 515 8833 73 11475 4348 10985 7538 7972 959 12161 10609 11983 8909 9062 2082 3251 11223 7015 7659 8359 5680 9376 4325 6526 11890 7855 9342 10299 2834 8628 2829 11630 11522 12394 683 11455 4269 5827 7931 1881 12738 2302 9680 911 970 4812 4988 5886 6344 8604 816 4992 10652 11799 763 1556 1821 11503 11530 382 7523 7500 9805 121 4412 5065 6703 7260 2570 8438 3487 5030 8237 8762 12069 9136 10383 3601 5946 11845 2921 6227 1808 8512 1483 6169 290 4384 4886 8621 10476 10946 1176 5907 1337 10635 3495 11302 560 3512 6395 1181 10044 1203 5429 4335 7256 11323 12566 
1489 
1534 11341 
1627 12890 360 1939 13347 9155 12893 13266 2979 13361 
1683 13287 13526 
3641 4088 6060 6113 12259 2836 4879 1383 7511 10868 2101 5581 6304 8036 9765 996 2757 7112 12233 7434 11591 3229 9018 2192 9348 3872 9443 660 1314 6908 9108 10774 9369 10833 1898 4675 3693 11087 857 3572 9103 6948 12513 1557 8280 1549 2093 4717 5495 960 11898 2153 5744 6493 6573 2230 7626 12944 5645 10947 2333 13390 4046 6055 7182 7553 2746 8747 3354 12745 1463 6022 1017 9165 7716 9290 1784 4368 8797 1173 2449 4539 12730 5332 8513 3940 11336 7550 11523 4340 8174 4351 9842 10494 966 3725 2820 5312 8478 1548 4999 2961 10420 7188 10687 1000 1471 1706 9752 5099 11232 1028 8908 1767 12237 9025 10123 220 2288 4282 7469 10578 2328 11999 3820 4554 532 3031 4869 10260 10601 1374 3937 2516 7681 4667 12097 7795 11788 3795 4809 578 1126 1857 2152 1413 3129 4687 8727 11749 12077 455 6307 5044 5355 4339 5785 1566 8481 6003 11231 988 999 12659 6443 9095 7089 10231 11320 12695 5768 6630 171 10268 517 10577 6637 12641 8163 11686 1712 7308 8368 5223 6646 10188 3488 6689 584 4050 1098 7287 252 8806 10781 5593 6910 5644 11257 8052 11312 6457 6864 13479 2350 11225 12370 3105 12617 8351 9925 3378 11068 3426 6674 4511 7259 11763 4090 13114 3500 13336 806 3136 7984 10275 12211 4353 8331 11832 4688 5309 2833 7802 8597 9224 3110 10786 2738 5013 3909 5992 309 10550 648 11527 2303 5666 11 1943 314 4390 5536 6364 2824 7858 7530 8970 10934 12043 5863 12493 6068 12270 6059 7723 10300 2018 4526 5314 9872 1062 9279 1279 6871 2703 5740 1811 8735 12691 4700 5078 2587 10567 3915 4728 3224 4207 4173 6671 2495 10589 4455 7328 9421 12579 1667 5077 899 3526 5902 8546 12479 2727 9341 1772 3300 5702 5904 10085 3340 4472 2558 4125 9906 3061 5528 11289 11581 12506 1688 6631 13564 4244 7748 9182 10927 431 6759 1729 10880 1655 2265 3800 4763 11101 13104 503 2391 3811 8543 1932 10381 2840 10817 1278 9060 1876 2235 1527 9143 6972 7875 225 6727 1624 1961 12209 400 12743 2593 8009 3453 13215 81 4329 2802 5512 1392 10874 11679 1404 9839 11367 366 8229 7870 12819 13398 9859 10851 13106 317 11065 13141 8423 12777 
548 10925 587 7573 10809 12247 675 9306 4973 10082 55 5732 2681 6112 7777 11077 3176 9976 5382 6032 924 6116 12719 3663 9413 2216 2987 870 9400 4639 8397 4342 11690 109 5132 2791 9090 1799 2367 5712 2437 3624 8031 7472 11109 1803 12438 4402 9678 909 7623 1694 11449 6034 12103 6074 6798 2874 8381 3401 12444 5535 11806 1356 7255 7148 7877 3564 4955 1689 9102 1408 11275 2369 3546 4882 8634 2804 4414 12811 2811 9748 5163 11696 8669 11572 701 2345 5109 10309 4041 7240 1122 9893 5714 8545 2278 6945 4673 12613 4783 5050 8243 5529 9874 6602 7665 8233 12399 445 10691 663 3262 5968 6718 6955 2471 7989 12626 6686 9718 1061 3705 8071 4026 12599 4679 10820 12725 7423 8949 9783 11346 1623 6692 9591 1740 8783 3925 4851 10913 2467 9449 850 1184 3590 1938 4827 3458 7612 1164 2347 10356 1899 4321 3653 12629 13 7488 3186 11976 8794 9301 1267 5385 2908 12711 10727 12704 1240 1797 3329 4459 10223 11462 2789 8039 2998 3734 1075 5923 7519 12654 3341 3778 256 7063 7203 9431 6660 7126 11330 1954 8578 4570 10741 3109 8681 343 5940 7582 6894 12234 7025 10707 1936 3160 4572 2452 12070 7751 9402 4182 8026 9923 5699 12364 3900 7669 7210 12577 858 1318 1976 10207 833 10878 8014 12222 286 3287 1869 3383 1612 5596 2266 4811 6601 4466 11872 3131 6228 8932 8787 11957 5626 5897 6085 9055 9990 12642 7937 8885 234 12306 673 3169 10797 12329 492 3880 4568 11290 477 3013 8350 488 5824 8536 3075 6669 878 1640 6465 211 5861 6816 3097 6076 8443 1960 5156 8925 9795 3201 4266 6126 5790 7458 10675 12457 757 5051 11049 5410 5901 3845 10092 3570 5697 473 5268 4706 10212 6995 11722 799 12754 2418 6615 11307 3078 10158 6764 9228 1108 12121 3357 10760 5760 11103 438 10939 3333 3825 7790 12715 2862 4468 4872 7199 10057 11423 6753 12339 2591 2993 4156 6889 11784 12327 2899 3323 3596 4439 9910 11030 1711 2027 2680 8437 10397 443 4712 4714 5671 11105 1550 4594 4979 8811 10215 10329 12086 3066 5544 8843 6807 12054 4061 10836 5695 9879 4267 7654 2150 8267 2687 4550 6297 2882 7403 10717 4761 5628 353 3703 5278 9456 11347 11550 2898 4161 2926 4233 8975 9164 481 8900 1732 1901 3126 10097 2031 6067 7165 7571 1870 10514 614 4858 865 4331 6362 6519 7146 7896 261 9187 8473 11623 236 7529 3016 3735 11280 5266 8714 446 5068 5595 1063 12468 703 1153 12037 3594 11100 8495 10422 12340 200 9642 7172 8089 6083 11563 2728 11535 5878 10227 11090 3095 3531 10194 11726 5945 6796 2818 8758 9828 11768 1997 5227 10025 257 3826 1342 7046 11206 7451 8426 2956 10074 677 8944 9267 39 11389 407 3188 786 7805 633 9494 11193 706 5623 1088 7420 1952 4564 4713 8527 8294 10686 5956 9639 6888 10049 6038 8723 7670 12576 
1974 13065 13223 
90 6248 1710 6841 8895 9531 3239 4326 8632 5770 10594 10710 1773 12775 5012 6569 11736 5504 12181 12637 1042 6176 5578 9727 2569 3810 4245 6315 10186 1750 5451 6729 11031 12189 240 6999 11378 2043 4308 6283 7196 8377 11426 9541 12620 9891 11777 5591 8096 9255 11798 607 10723 93 5584 1963 10648 6532 8507 771 2807 1734 3853 132 3030 3664 8203 3540 12486 812 11580 5433 9150 889 3902 8325 6114 7424 872 2688 7913 10430 3092 9011 12096 7317 7453 10089 1089 7792 10306 8161 10933 5627 9719 3161 5794 5048 10163 12366 4551 11407 4552 4924 6450 11992 12442 1270 11245 5401 8166 10837 3618 6063 334 6048 632 10994 2016 6313 9059 2465 11229 3119 3223 1281 3141 12419 8711 10023 1097 2486 7565 7750 7900 143 11492 3672 5303 9321 7886 9455 7 8886 3506 7338 1118 8598 3046 9048 738 3543 6394 10621 8220 10696 2439 6986 7292 7948 802 8984 4540 10746 241 11513 12765 6748 11677 12410 5422 8914 8976 7944 10521 7074 8872 5611 6255 10900 2329 4779 4258 10561 1453 3584 12281 6156 8848 8705 10590 3746 7755 3539 12391 4427 6183 3739 5026 4496 11371 5354 7782 1438 7619 11284 1849 6758 2646 10636 5330 6632 4652 6219 9430 9733 5053 7879 6379 12031 495 7813 3301 6958 328 3796 5243 1100 7916 6688 7341 829 1769 4818 6876 1326 5082 4748 6095 4808 10241 9506 9890 11742 1737 12423 2251 6392 4048 5718 338 742 467 9615 700 4666 5664 6833 5 1882 2371 6343 9121 2743 6466 5025 6693 8164 4388 6375 3541 8221 5672 10140 6471 8431 6897 6936 9283 4620 6662 4135 12817 975 10882 4558 5655 6932 8981 2476 10037 582 12059 1790 4374 3947 12816 9230 9446 2315 4993 9354 4922 11731 1569 6135 3681 7007 3933 4755 5088 7053 9065 7744 9641 10014 3839 8722 933 4943 7243 5041 8348 9723 496 10912 7788 7827 166 8188 10966 11350 1880 5090 11816 97 9778 557 1160 4757 8418 9083 10168 12656 562 2171 3006 3881 4453 3919 4149 1775 9129 11009 11538 12217 741 7114 11487 5095 5608 6950 5056 10496 2561 9753 8859 9284 12705 114 3469 11310 7147 11507 4458 10761 
2257 
2386 
2443 13191 13401 
2541 13032 13180 
2560 
1825 8305 7433 10088 3242 7127 4060 7950 4441 12962 9630 12886 6 2923 13459 2706 11205 3874 9920 12981 489 3312 7927 6578 10160 1779 12061 1135 2022 1658 6444 2594 3048 6670 8385 4110 10884 2113 3258 8528 1713 9739 3196 5015 2227 3911 8549 278 8421 83 4482 6907 1276 8464 1400 2905 2837 9807 7986 10096 5920 8827 3887 4448 5997 1333 6042 2709 8892 9626 493 7798 8019 11826 4733 6026 8034 10898 11291 5490 6430 10780 11033 9391 10524 3164 9583 4792 8197 969 2480 1795 4504 4584 6724 9097 11669 4254 8444 5362 10203 7252 10906 654 11812 3227 12080 5112 13123 5993 6355 3964 13515 4341 11657 2697 12570 967 10705 9777 12784 2786 2938 8485 9817 7489 9963 2181 6525 11654 13310 5135 5173 9875 4240 10238 100 1585 5105 12508 5659 6818 9191 7052 12729 720 9797 1283 3901 6420 2626 5415 9172 5682 10067 416 1428 2184 4146 3805 7141 1659 3732 6878 6256 11288 5565 12434 8238 10003 2300 9336 4766 9269 668 7216 4074 8080 12686 7092 11575 8087 12648 10489 12523 4849 7072 4630 7868 9732 10715 10529 11501 1467 11574 12137 8292 9444 11443 5323 5620 10980 2770 11931 12178 2310 11010 3483 7309 8759 11794 5651 5660 9196 9781 10661 101 1077 7366 12019 6303 12727 9158 9623 10280 11178 743 7033 7262 7657 12414 296 8845 2795 4392 11483 3106 11055 11801 111 9724 12165 6521 10375 764 6073 3319 6293 7374 7926 12185 5002 6154 8378 697 9823 991 12598 9299 9499 10099 11243 2148 12667 2380 5606 2501 2878 377 3099 533 10337 1245 3833 3561 5828 6716 8128 12809 8417 12303 3942 11919 469 10050 3780 12771 9947 10835 1186 7731 5075 10161 12549 6092 11185 4678 8356 1739 6075 8409 6109 7741 3759 9512 11617 1215 3989 2796 6492 8674 11778 
2607 
2850 
2876 13140 13249 
1577 10033 1741 11368 1705 7712 3724 8041 316 2529 4438 433 4913 3830 8952 11233 2005 5477 1889 7845 1942 9933 4196 11712 2095 12284 546 1730 2132 8338 8761 5187 9314 5929 7048 8719 11144 1440 3071 5995 8971 9351 2194 9479 8441 9844 6155 7371 11398 2442 3091 7105 12672 5888 9849 6641 9567 2601 6838 900 4324 3885 8152 2995 6194 6203 10926 5252 5771 5974 6326 7985 11166 10362 11909 4434 4587 9159 1482 5648 4544 11372 949 2781 12787 1894 3954 10369 6323 11089 1875 7359 33 6438 10011 10310 10572 1819 6704 10602 1975 12182 99 6258 11477 1406 11903 10748 10795 1479 4751 7695 12378 1576 6868 3222 10861 4364 4737 1504 12172 12441 6427 11717 1079 8208 9548 647 5282 11922 6606 8114 8404 6625 12381 1339 3569 5108 9248 5559 9688 5710 5880 8451 11750 1523 11234 2477 5809 5351 9286 1686 9089 3597 9569 1309 4771 9258 174 4216 5320 7710 10058 4528 5363 7042 8691 2909 8416 10498 4781 12125 2424 2653 3869 12171 4534 6310 8182 9276 10641 12812 1597 10157 1692 11403 2293 10431 564 5089 1198 2658 4089 10246 10553 2604 3927 10307 12158 9088 9245 1807 10159 11747 12619 3137 8330 4446 6697 4337 9497 369 8813 1023 10032 5022 8968 1638 12793 2246 8593 1848 7513 9035 7837 9091 10690 4794 11298 8526 12694 12748 98 9365 795 9396 2479 11764 13208 7901 8740 13133 915 6599 6193 6649 7002 9064 2965 8255 10763 13039 3199 12866 13415 1229 8486 2881 5101 7829 11414 383 810 5511 7023 3608 12113 3593 3968 303 6977 9053 12800 3163 12581 3463 10373 3576 9281 10857 12225 2733 4949 3294 7102 4816 12496 8430 11209 5921 10047 12806 1193 5801 2234 5293 1822 4633 8943 3976 7158 2644 10134 2867 11735 2647 5523 2491 10118 7615 12783 1477 3614 4542 9676 259 3707 5226 3987 9523 11986 1307 1738 8625 1890 4848 7607 12278 1883 5987 7563 9687 12750 6678 12186 6511 9344 5120 6554 3240 7551 5917 11568 535 4921 2222 11634 354 4489 11392 5273 5441 243 6690 7149 2041 5525 4079 7069 5576 9100 12515 3194 8218 3621 8033 5152 7970 6581 8007 4974 7020 10054 12539 6240 6682 7543 11032 142 1022 971 3675 13443 1515 5377 3784 7628 6782 13072 6988 10901 3711 9051 5688 5709 11094 7247 12590 1864 7064 12443 1650 8750 1680 9885 5583 10526 3379 8831 2975 9086 6202 10580 2577 11270 1060 11804 1366 7225 337 1547 7587 12402 1691 11821 6928 7323 8667 12062 2119 6751 4158 9016 7037 9504 1771 3710 7915 9174 7134 8173 9222 2473 7597 3212 8493 3362 5978 1043 9905 10870 10963 483 727 6318 8584 2176 8092 9363 1343 9764 2377 11329 2254 5975 8180 7791 10999 11228 3023 9474 6666 9652 3951 4256 1150 6767 11843 107 6713 6776 9585 10538 6309 9079 4154 9013 5757 8147 5129 8986 11693 11867 3324 3818 6089 12085 7267 8307 5693 11300 5380 6914 12427 1225 3325 2772 5042 7223 9629 9375 10864 9419 9888 12805 1832 3595 9978 10162 9099 11390 10170 12235 688 10029 10644 9094 11776 12614 5334 6911 8561 11042 4403 4563 9046 805 2306 3028 9188 5639 12675 685 9246 3669 5746 4230 5687 711 2053 3745 8063 2685 6593 408 11012 3274 7633 6039 11672 11859 2684 2872 2958 3657 6476 7456 2020 9759 4497 6779 11670 4193 11441 165 8998 6272 11880 2229 9636 772 5604 619 978 7120 341 4057 9944 11940 1325 3867 4665 9806 12201 4491 6788 8826 3355 12469 4175 5143 6719 11724 2248 9503 8828 9902 7339 7814 9969 698 1843 4986 8262 3520 5338 4445 9632 
3107 9563 13260 13408 
3151 
3173 
566 12928 1592 8647 4517 9140 11283 6802 8791 10829 12586 9106 10917 6611 8858 5111 8337 13170 7593 12546 547 5773 2864 12002 2144 2890 2641 11910 3814 4935 2223 8030 2400 9624 12033 3752 11552 12056 6338 12500 4982 8010 11995 2200 4379 8004 11388 304 4789 7435 1426 2797 3535 5024 11660 12397 791 2117 1340 5310 9773 11593 5398 9356 10109 1661 6494 5635 10343 6887 10744 5665 10475 6094 10001 11053 13159 636 1211 1867 1369 9319 1386 6545 3082 7759 3545 6543 6817 9502 9556 1922 6809 10978 11040 12216 2920 3204 7641 9522 10364 7380 7833 3634 10447 8094 8169 8135 11374 1288 11694 2301 9199 10657 10823 2273 3007 4086 729 3770 182 2849 9069 11626 1435 4780 9189 6225 11721 3877 8393 11022 219 7241 2166 5524 5029 7650 208 3962 6746 7758 661 4593 8601 1178 4091 12389 12818 3861 12649 3465 8044 133 8365 7335 9685 5549 10144 9270 10444 10616 5954 10472 6100 9371 12190 12600 6105 7124 7828 11021 1502 5270 5456 6226 4191 5437 6316 6409 8483 9518 20 1437 4320 7080 7775 10173 10141 11145 8931 12035 9426 11064 2937 4033 1007 4966 11490 4742 13031 4122 4918 11486 4723 5014 5085 2155 5399 10737 5061 6793 2845 4338 2260 6412 1074 5390 6128 7660 879 10350 9578 12058 2344 4562 3938 5372 3419 10440 1469 4867 3718 7780 737 11955 5759 7145 2817 7414 4546 8183 6262 6566 11098 7872 11519 5373 11555 5850 5908 6723 8534 12387 1199 1614 1587 1802 11073 2407 12440 3979 7463 11005 11629 2007 11866 867 1977 2941 4711 6538 13291 8022 9950 2270 3366 4815 10068 4902 8627 4318 8201 9000 10361 4492 10603 
3304 13303 13416 
283 6705 350 3320 8769 12407 892 3627 4395 4985 6431 1113 8287 2 3306 1322 7184 1973 11167 13423 2599 4658 3347 5413 9911 3699 10100 3863 11003 4944 7718 5736 7351 11082 3484 3609 8657 4983 13472 6458 12305 12832 4709 6406 8855 4382 4559 3005 8737 834 9020 11514 7104 10469 10133 12022 10568 12778 3838 8966 6351 11562 1978 5259 4840 6422 10 9236 212 10997 3555 3558 6565 6720 8693 10410 842 11195 6366 12663 6658 7921 11981 12494 811 2494 2769 5276 5236 10466 5570 7346 1330 3185 5848 8332 11780 1114 6766 8328 2081 8918 13235 8424 11714 4806 5510 5844 6173 12668 7160 12382 7336 9726 2584 7600 1041 6860 8775 11674 9756 12875 10517 13211 11088 11771 8390 13253 2806 4995 10338 6706 9380 7567 10138 3338 7142 7320 10547 7108 12111 830 1109 9566 9631 8308 12048 6794 9527 2788 10759 7940 8815 8863 11645 2052 3788 5133 11308 13395 3905 12837 5506 12138 4998 12896 4118 10754 12838 8246 12723 6036 6405 1888 8840 2865 5509 6622 8911 11179 42 2385 126 6624 1355 2124 7214 11160 7340 8717 631 3373 8555 8585 6846 9234 1958 10167 2213 7701 1986 2950 4530 13232 918 12497 524 7179 4969 8508 13131 1874 8941 10199 3842 10220 523 6285 2172 2608 8978 9141 9326 754 3737 8149 10944 6896 7381 8579 8 7332 9761 6070 7786 12179 4222 9470 10954 4659 6295 1735 11929 1611 2576 13024 8236 12335 13086 
3408 
1303 7637 5046 9492 12534 1828 6314 7666 8073 12255 5871 10325 5999 8213 5230 7227 9792 6433 9139 2432 7009 5263 6404 7303 7510 10815 983 7094 3245 6784 62 8051 4874 7070 46 11781 2749 5251 12223 9043 9803 1156 9337 2154 11582 10228 11420 141 3375 1137 1234 1792 3150 1018 8884 1933 7077 9606 11985 1415 8708 2519 7163 8821 8842 3619 12767 813 9293 3409 9110 4059 4577 2528 5275 9070 11107 7044 7598 9374 11928 10492 10863 491 9610 1358 11161 385 875 5134 6035 7026 2134 7266 11643 5262 6828 13008 3140 6033 5715 9181 3553 8132 6837 9119 5652 11809 5832 11952 3069 9146 5891 8468 4249 6863 8880 11450 5479 7579 7941 9637 4698 11074 2065 10016 9329 12815 11293 11740 2933 4574 11913 4195 5913 9886 580 4350 7365 4051 8965 936 3603 2008 5130 3493 4525 609 11380 1260 11188 2678 2720 6762 3093 9427 2717 5240 7520 11765 553 7311 6141 7757 10294 11875 5906 6213 7162 8391 9442 10793 11863 8903 10608 8113 9134 169 1641 12507 3791 7770 1037 7998 4778 6556 1814 5675 452 5054 11383 6540 6657 6607 10597 421 1141 2040 8673 10604 10119 13446 92 1682 961 3168 7257 12242 1840 10436 4585 11949 7974 10643 12028 4996 6685 573 7512 1262 5912 2036 4908 11060 6915 7789 6980 12196 4703 5716 1138 3295 1292 3337 10450 11399 7822 12460 
3766 13258 13470 
3862 
3957 
4025 
4043 
15 3111 5392 4232 8894 1533 9559 10832 139 3607 1552 5961 4724 7980 429 9653 1033 12232 3062 5751 5499 11054 444 9656 3288 5502 7906 12631 3677 5118 9352 1687 6062 2189 7975 8837 2917 3180 6609 9798 11685 3990 13406 8736 9897 8606 9117 3215 10720 8175 11886 6694 12313 1538 8671 2034 7990 12997 3522 10566 10986 12647 4484 5631 78 6134 10078 3765 4419 10519 5148 9530 5421 8778 3649 7847 336 1177 3326 7688 2096 4128 175 2574 8257 1338 10269 10935 4967 5204 11456 11480 11664 1011 1506 2557 4890 1733 3265 5393 8492 864 3060 11048 3200 8777 2087 2169 6952 3589 8352 4471 7467 3713 10988 2019 4069 4866 11096 12708 3523 5764 2064 3492 11039 1846 3494 4102 6387 4628 7156 5020 9644 11938 1844 12388 1697 3361 5092 7232 8447 9312 666 916 6627 9368 11649 3771 4437 6429 7181 11285 3740 7632 7329 11176 4981 7889 6321 7674 10386 10938 11854 12543 3149 10972 4824 8841 2395 4514 8540 10638 6045 10666 4210 12215 1332 6917 12330 11463 11738 2325 10257 8326 11748 679 4035 8111 3088 8816 2433 6371 9465 2624 4719 4336 6175 6506 11653 9260 11814 2740 4474 4834 8994 10562 657 4523 2884 12298 3966 4075 5291 12122 2527 6249 1916 9597 1747 2625 468 7297 8896 2002 3089 2074 12108 6270 11795 2112 8392 5176 8823 12099 9713 11644 4605 6967 7629 8957 944 5507 2783 5887 11950 11954 6397 6659 3389 8537 8996 5647 7942 2544 3252 8920 12249 5650 10624 486 5846 2636 8824 2483 8069 11873 12803 5856 7887 2240 2935 7289 2330 5962 649 3908 9027 388 11236 3171 5719 10183 4425 9113 12406 5556 6636 7067 7358 1143 8790 2652 11173 5522 6012 6185 9721 10671 12034 2092 3797 5875 3235 3754 2025 2540 3654 6424 6327 9030 6763 8047 4111 8141 10628 3668 8244 1054 3935 11313 1544 4052 1782 3708 3423 11221 2276 4255 11906 3132 10599 3311 7686 2212 4722 8788 10751 2475 10298 6217 10852 8575 11004 8962 9280 3517 8869 7154 10948 5749 8819 8013 10284 877 5976 9545 1014 3548 779 8398 12065 9779 11509 2968 7348 9130 8042 8412 2205 5244 5304 5728 2130 7528 56 12224 402 6110 9022 9647 11446 5018 11448 8217 8389 248 11137 2136 10504 9745 11489 2654 5062 2581 3189 4617 197 10796 5958 12574 2778 6824 5155 7235 6931 12063 7376 10463 9762 12606 5513 10316 7312 10344 11274 7443 7920 12087 6899 9740 5295 10915 2623 4065 11458 3729 10802 8489 9666 2755 9705 10491 6339 12749 2440 3054 10908 3406 7572 11760 1937 9212 4229 4399 4370 9707 9986 5378 6030 11879 7627 8697 2582 7603 935 9515 11029 12199 1195 5792 1235 3436 3751 4600 5352 10844 1090 3034 6108 6536 27 9300 2638 7704 9021 12735 474 3468 461 6286 9576 11467 11304 12361 345 1096 4785 8310 7544 8405 12596 4248 7230 5285 12006 5855 12635 168 11792 1630 11773 4787 5094 2962 9551 6198 11820 5195 7475 4631 8171 7417 9643 3997 11500 253 7671 8001 12421 1134 6528 5868 8322 8455 10649 2928 10839 2215 2411 6462 12068 1247 8838 10782 1572 2211 5960 7583 8020 3331 9214 4246 6527 1233 8035 7509 9138 7961 10694 273 7997 3238 9931 4689 6557 8369 1757 7375 2409 10798 1988 11343 749 9040 1858 4907 3142 10353 3806 4044 10630 1666 3197 7039 7625 3451 10614 5192 10610 8876 9411 2792 11556 12813 2105 3586 7524 11844 4467 9535 4597 7616 2033 9965 11531 6469 10027 2964 6814 8997 10210 2247 6821 8883 11899 12011 2997 6865 8646 2061 10202 10673 942 3083 4208 5116 11810 3133 12044 3450 4062 5031 4140 4159 4505 8933 4493 9869 981 8298 12321 2454 5241 1696 5935 6507 641 6862 8829 9161 9526 9857 2777 5649 1571 10034 2930 12430 
301 5874 5471 8372 731 5319 937 6584 7652 5348 12107 3067 6984 2026 4686 10411 1761 3348 3744 4915 7747 9836 9775 9851 893 2904 5776 8153 1294 8196 8249 11214 4404 12505 2515 7136 8146 11381 11436 11460 365 4888 2353 12262 1442 4813 1900 4115 1909 5769 5102 5873 734 4900 9397 6376 7082 2603 11020 8060 11533 5284 11382 1319 9973 1237 8678 3605 5486 4391 9420 5494 8160 1632 9640 1923 10667 4531 4535 2682 7664 2844 3155 7195 9960 4645 11850 5145 12236 12509 3714 8699 2250 9625 2383 11892 8347 10193 6056 11861 2506 4612 2170 3467 379 10181 3583 3701 6336 2828 10676 505 4311 5701 5821 667 2376 3368 6127 9195 1272 12248 2161 3183 5545 10977 1511 2568 6930 9289 2664 8977 1727 5727 6515 3471 7514 5177 12066 4490 5397 6811 11782 12403 704 3490 12088 3959 6996 4614 4830 9993 7497 8179 7547 10952 1378 8956 4424 11991 1295 7281 9575 605 11621 3652 3907 8662 9076 5795 10366 5084 6645 4961 6084 10695 2967 5889 7068 2431 3153 9951 2378 6741 12605 5207 12744 2307 4387 1091 5735 10250 3697 10154 11391 2745 7527 6061 10358 7953 12276 3560 9809 2809 5892 2822 12311 5168 5449 2631 9784 2417 2784 11183 5538 10783 12645 1598 6441 9415 10552 3123 6961 3079 4204 7360 77 10454 10008 11849 4576 11035 163 8839 5391 11247 943 2322 1709 7387 3381 5813 3847 5858 5414 9313 723 5383 3670 11394 3017 4865 215 7056 2446 8614 5985 12759 8710 13110 1416 5400 2197 11596 6448 9896 1753 6514 2072 3225 11287 5518 10122 6848 10818 615 4197 7880 2046 11051 716 8232 6164 12159 340 2073 7494 8734 1841 3850 10922 1607 3448 8961 1982 10147 2764 8639 12119 84 12221 2107 5797 10124 5199 9600 3443 9207 8948 11800 7013 7107 6761 7882 11196 2423 6529 7274 9107 508 2106 4021 5358 4701 9219 5179 5925 8402 9557 2404 5281 11614 4278 7515 79 10419 1180 8018 3187 10732 1362 8470 6715 12214 4873 8702 2650 7542 5561 7648 4355 8798 5747 11281 7865 12688 
4239 13055 13335 
4289 
4299 
4767 
4810 
476 1785 5286 7100 3552 4430 5261 12562 135 1182 11164 574 12136 591 8870 572 2774 10399 12331 558 6508 8808 3289 7035 1256 10015 1422 3602 3949 8854 12652 555 12891 904 9735 2428 4732 7559 12296 10095 11133 1277 6147 1308 8341 1265 2843 9714 9814 4030 12133 9478 9937 6234 8335 358 5569 2394 6997 9750 4683 9862 2436 11971 5612 6574 9655 10045 2922 4850 3503 7290 1847 8494 3080 10769 3768 7437 1145 4801 3081 6081 3162 3439 6714 7057 8776 8270 8689 2981 9941 2812 5579 2744 10142 11762 8176 11537 6855 10738 1131 10069 2847 5346 6974 8480 12252 329 9163 10126 4646 11198 5052 13040 908 4237 6570 13563 4134 12571 3876 4791 9253 11431 4251 4393 9533 12118 2426 9957 2149 3461 5927 6743 9701 3371 10400 1147 2497 5877 10374 8017 12372 11823 12473 11588 11920 4133 11261 7275 8514 4674 8116 9209 9984 1720 11837 398 6725 7884 3114 4019 2335 2918 5577 2986 9668 11755 5360 10433 4566 4939 6386 10456 2472 6513 1055 7131 8874 17 3620 4040 8655 8021 12849 3514 8327 3679 4655 5615 5791 7610 10894 12051 7445 9528 5359 5564 10424 11993 94 1411 12603 4316 10637 3513 12712 2715 8658 11097 8924 10559 10244 11824 10265 12535 990 8320 2299 4386 8862 478 751 7584 9216 12538 2666 8847 11493 2901 6904 1102 6020 6699 4898 7495 1439 9580 2327 2482 4510 3988 4852 6111 7504 2326 12655 5234 10847 11197 1121 3525 1998 6520 10660 2934 8049 10317 3588 4821 4962 5126 8129 12796 9954 10297 7324 8209 6490 10527 2425 6664 8738 9425 10953 2659 10132 2707 2751 1205 10177 4994 10477 5842 11413 319 652 1081 3878 4300 10226 11124 307 10266 9226 11943 3961 5171 2662 5548 386 12621 1208 4096 4243 5893 9359 9812 11723 5857 8591 11926 1299 4104 1443 2622 9608 2618 4990 9148 9475 162 9845 10019 2629 3781 7446 11434 11539 11904 4463 5939 11959 293 7963 2714 6979 3579 4224 44 3645 3743 9543 1722 10060 5298 12195 5918 10254 3750 9708 11406 5895 12707 929 4555 6319 3108 12076 
5063 12882 13293 
5079 12883 13009 
5258 
5277 13052 13220 
5311 
5458 
5483 13254 13319 
5619 13338 13417 11014 13518 
5633 
5663 
265 9921 4330 4519 3580 7418 638 2469 1082 2224 4407 11268 1353 4352 7045 12474 1677 7617 10114 1221 4397 487 3322 4897 7391 6296 9980 8289 9372 803 1693 11476 1320 1949 7694 12271 1316 3812 2039 5463 6288 12267 3090 6903 1602 3571 3298 12757 8245 12104 348 1154 3943 1252 10451 10699 4461 4861 1474 11177 226 12146 4473 9206 1030 8793 9771 3807 5459 4184 5720 4345 5963 2940 3365 10548 6103 6843 1421 12375 7871 11815 12346 12449 7198 7881 7719 12203 193 2314 3497 185 5815 11050 12074 4904 6953 2420 7440 9175 13535 1384 6813 8198 4294 9702 7902 9681 6534 8768 9104 12658 13023 2708 13239 871 7209 1367 4749 1866 11306 2120 2699 251 2823 2243 6211 2531 7116 11719 4129 12376 1498 6571 7536 8204 12244 12608 12582 13389 279 4151 2579 5517 7756 9291 9440 9786 9948 1144 10532 1431 6159 10331 12666 
5977 12948 13426 
1853 3243 2589 9080 12610 3960 7315 11994 2075 9304 2090 2649 4762 12200 1800 11351 8272 9558 4141 12475 3179 13186 13430 3273 4119 13402 906 3722 1227 2135 3226 8698 6251 10360 11775 4880 11095 5778 7062 8661 4016 4076 4464 7993 9709 2416 5228 5765 6891 5916 9917 6698 11516 2006 12898 7850 13510 4099 8877 9277 11937 8687 10499 3444 6263 7448 7999 298 4130 8090 2128 6324 10777 5114 11113 4103 9900 717 7501 6190 9032 516 4180 106 5333 9142 7621 8672 10372 1243 3345 8194 1315 5005 6247 6737 12519 941 2924 3059 3760 12309 9672 12799 1253 13421 2116 2201 12413 1341 4109 6668 48 4616 7841 196 3074 3219 9379 3327 6968 7909 12884 13399 1246 9114 3402 10315 8055 11911 13093 8730 9123 659 1139 12887 3700 12671 9613 11600 2379 9961 794 4157 8745 10427 335 581 5322 12277 10633 11896 2049 7639 826 2317 18 3072 5343 150 4356 6082 10891 13433 3894 7609 4662 8720 2677 12081 12461 6171 6579 11956 6358 6852 4027 10959 5339 7221 5694 9493 7408 8271 5122 8897 10995 1783 5573 11355 3985 10520 3630 5087 6757 9926 4592 10899 13219 1284 6363 8226 11259 9673 10692 10292 11851 1231 2606 8780 12168 466 4429 6755 12489 12551 3317 3723 6550 6905 9568 2232 2413 4975 8743 4814 5250 8582 10740 8027 8074 11540 12302 6992 13236 5661 9602 998 5981 6140 7549 8763 10217 8366 9968 2667 9538 7580 10693 2493 8844 67 4878 1458 4697 5040 7947 1715 4381 12027 6489 7027 11702 11713 4606 6771 8434 7079 11876 787 3421 3891 4181 7362 4049 5814 9378 3998 7150 7206 10728 7220 7859 5073 12024 1251 9992 
5991 
6097 13187 6654 12879 13481 521 13081 
6125 
6145 13087 13284 
3335 6369 5172 11111 2673 6892 4624 8620 3844 12492 691 3070 10091 6426 12622 3684 3692 7219 8184 2615 8630 10081 6612 8275 10576 635 2869 2351 5019 11038 327 4476 392 3432 6311 8025 4582 10040 10271 10905 11169 12102 598 8015 10262 905 4640 536 6245 6585 12020 6563 7498 7350 11168 7436 10775 389 3056 9454 12833 721 4602 1742 2726 4499 4947 8410 12794 76 7400 367 6656 1250 13207 7849 9952 11840 494 6361 4433 4691 4694 8574 4083 9757 12766 2737 10110 10387 4527 9904 5782 6909 13363 1962 6590 8927 7960 9507 12963 4917 5819 12674 4028 9495 611 4537 2578 13148 1678 6210 2848 5700 1261 12038 4313 10587 8638 10971 669 11186 630 1589 4042 1361 8414 6591 10788 315 8888 3566 4648 6137 10101 2669 7732 1015 11272 1405 10335 4513 11211 5750 6284 4036 11322 1409 2110 2839 11453 3616 6733 2429 2894 2971 5894 7764 2354 7379 8435 8562 1553 3836 4270 8355 8742 4105 9480 1669 10206 643 1540 9244 1756 12942 6937 10645 1724 3904 12740 120 5767 2461 5690 2487 4759 4406 7481 5147 11829 4323 4681 5505 5271 10051 5384 7201 4394 11037 2888 11546 3085 3248 9697 4212 5843 7867 10814 5124 11104 6287 11364 825 11157 2827 8563 11273 23 7672 1200 8501 2362 8093 189 1490 3969 6018 11651 7171 8942 8557 11842 4220 8504 1764 10201 1099 4615 1716 5442 6301 7525 9466 425 3860 1980 8442 2035 3848 5930 6236 12639 356 8099 8419 4845 11676 8095 10902 11807 11947 235 1449 9001 11018 2406 11122 4925 8479 10889 5317 6320 10346 10853 414 5789 1249 7830 8729 6071 11683 1115 7685 11044 5316 6080 913 7537 1953 7517 8248 9295 12174 2256 10792 12317 6356 9811 10565 10773 3694 10112 3411 9767 5059 12219 2013 3352 7010 4793 6132 3330 6165 3536 7946 5125 7313 6544 8371 11727 2859 2877 3387 4314 2939 9417 4841 5934 10253 3519 5796 10006 10018 6535 11086 1282 8453 7738 7914 66 9634 5206 8439 3101 6680 9987 11907 12405 3741 4457 2179 6754 6747 10840 1635 10314 714 4148 3532 4080 10620 12604 528 9826 4177 8580 10545 12548 2748 4756 2388 4447 1704 11942 2195 4758 12526 7277 9330 11528 12005 
6243 9881 10235 
6267 13512 13550 
6410 13216 
6411 13263 13362 
6477 
6586 12923 13392 
6661 
6712 
6732 
6916 13077 13519 
6935 
75 125 5361 7611 198 2627 10794 622 6765 938 12572 6214 6672 9508 2434 5324 1349 8938 8683 11789 2341 3626 5707 2885 5937 3685 4053 10544 12213 12776 7807 9045 1050 6488 2292 9287 5289 11340 2963 8616 10770 11743 750 768 3390 4166 5634 9357 3897 12533 2375 4203 5200 9657 5209 10678 5379 9867 3656 10385 1616 5521 8158 695 4591 9481 3496 11631 391 12231 11900 11998 5110 10558 4976 5966 987 5879 11126 5067 5926 2724 4252 3551 3658 8991 11584 11691 5154 6007 4855 6548 2588 6799 11028 427 8407 1324 4940 10650 
7036 12857 13078 
7111 12983 
7189 
7242 
7244 
820 2734 4200 6238 1863 5037 4541 7197 4014 10790 1946 10955 4864 6041 11977 5686 12670 952 2127 4063 5193 3972 5007 8636 2810 7085 586 2076 4753 6777 8973 4644 7649 1770 5811 5642 8454 2368 6413 9203 12154 728 13218 10428 12762 3033 8318 12432 4078 4837 4695 6204 359 9868 3804 11737 777 6801 12314 2481 7250 3855 4072 7811 9398 2220 9648 3748 7522 8917 6280 7416 1660 3246 1076 8101 40 12545 1371 11805 3857 10998 4054 7724 6432 7352 7389 8258 9853 2146 11813 9297 12316 2648 10105 10363 556 10178 986 7680 3890 5592 6445 1545 12157 2342 6805 2841 12987 551 13267 4354 9598 10075 939 9966 10043 11817 12120 13070 375 5799 396 6180 1907 2241 2952 10826 5572 10150 1878 2331 12781 4520 11963 1497 12677 13467 1065 1201 8530 9848 260 529 11656 1425 9445 1401 8659 1622 2632 247 8703 12188 1972 12143 4773 5870 7396 10072 22 1389 12073 4859 11707 1298 5448 8560 11865 1107 11248 3502 4268 6269 5501 12797 5853 10733 7562 10970 4405 9259 11080 5096 10185 2445 12470 973 5117 2384 8849 7175 10943 11079 7801 8475 4279 6388 10065 11611 10409 12350 1861 8619 9229 11524 6090 6558 6842 8887 7760 9019 4500 8860 10041 12411 12558 1163 1258 7401 9864 923 3464 5189 3019 5567 9877 761 7554 9315 12580 4366 11047 280 5586 8649 2264 3015 6530 10923 1928 2067 9894 8891 10765 1344 6902 10752 2208 5233 646 9621 5387 12355 10313 11424 1868 9176 2619 3254 3828 6399 773 1285 1698 7322 1595 7479 9758 10352 1798 2051 2750 3651 8274 2753 10321 9737 11846 430 10688 3210 12362 2139 4557 2815 6291 3953 10546 718 1304 12264 7794 8251 1412 2970 12404 6001 8382 1934 11491 1657 8446 12761 
7438 
7476 13199 13429 
7480 
7490 12839 13195 
796 10909 5845 6300 6054 9179 178 9930 1155 6885 12015 12141 454 709 1967 2023 5698 1957 12772 866 4170 10090 16 2870 846 979 1877 3683 2226 9529 6721 7762 6781 8954 3398 12416 2274 8314 3786 4626 6553 9476 1391 2640 3255 4608 395 8906 8668 12985 5994 10423 231 8315 9754 744 2109 843 2548 1546 3336 1981 4664 844 5430 9447 3764 5621 11678 6151 10416 5841 8334 12357 8148 12702 3978 5083 10892 10139 12144 418 3170 1380 3955 3629 6797 930 4462 7164 3014 8538 2498 4760 5969 9620 12583 4415 7568 7733 11616 5294 6900 7031 1480 2147 10806 3815 11612 8266 9860 4696 9789 3257 3592 8548 11219 11766 2320 3782 9612 3370 12448 6119 10803 4911 6200 9887 10862 12360 1068 6167 3063 6261 5839 11118 4741 12021 7028 7151 8190 10513 1970 4094 9882 6423 6834 6619 8106 2163 10026 1619 11002 502 9366 11110 5474 7354 8224 11067 6266 11363 6146 11636 6592 9674 9166 12175 
7642 12933 13507 
7673 13334 13523 
7707 13174 13444 
705 13424 7773 13393 13414 
82 5705 3849 5847 9540 7087 8979 103 3281 4690 155 1027 9804 4573 9956 881 4669 968 4361 6881 5141 9433 1912 8937 1214 3698 136 9039 285 6009 10237 12075 5684 8781 74 5032 10895 3310 8156 8654 4797 6943 8288 2953 10417 3625 4707 6524 7711 7761 11811 2980 7450 10288 10345 11681 822 3192 1887 4495 5186 6778 8690 7891 8459 8732 10028 10437 3587 7720 7555 7912 4586 6523 8155 11182 449 12017 1700 5300 7508 9373 10176 3873 6832 5043 7561 3776 9488 1695 10442 2219 2948 2009 5023 1259 5178 9780 1323 10289 1222 11915 12082 1468 12768 1488 4950 11092 12435 289 2069 1671 11852 1856 2538 2308 5558 8581 1966 7809 1634 10458 7983 10490 1005 8623 2830 11549 5321 12601 7516 11139 2562 11244 7496 10287 11641 746 8684 9691 7658 8216 1896 2549 8800 5435 8008 2861 11661 5344 6567 9565 11078 6880 11076 1930 6096 6518 11688 3615 11402 1583 11893 10455 11485 2332 4305 5678 5721 217 2906 3646 7246 1345 5097 7113 1481 9901 12446 11174 11469 11964 138 9213 8323 12367 804 8510 4315 6991 8516 70 9972 12597 1714 6742 7421 8085 3208 3856 10685 12646 776 1057 3486 11734 12862 1056 11627 3999 6722 292 3950 2642 12014 1445 1948 11393 7560 8818 9171 9210 10508 112 6195 6232 8612 2003 4369 12131 4363 5003 287 9436 7410 7965 11203 9071 12409 13212 917 9305 2079 9833 2974 6106 10103 11263 6334 8472 10484 12731 2358 11255 2543 9983 2565 2598 9125 12092 4899 13101 13473 1596 5416 11153 5603 5826 7618 2456 9985 6418 6486 6481 7018 545 1517 7696 12312 6144 6235 12867 1885 7797 5119 5496 13534 71 3021 3783 7599 10924 12348 947 6951 4389 7702 9594 11858 3076 5060 8261 10916 11150 760 3554 10950 1418 4798 3214 3696 10801 6350 11194 8796 9918 3403 4038 7804 8704 9355 11710 765 5076 8553 12453 1170 11759 13050 1493 7269 4413 7061 10351 2187 6598 4142 5424 3434 7692 11342 12433 7174 8199 912 7689 1020 4885 8340 9694 3973 7591 9818 9520 11240 
8000 
518 7226 10240 11140 510 9671 7427 9014 6205 12510 7117 12587 480 1562 13304 4131 9327 13539 333 8987 3673 4385 10198 2911 3870 3157 9793 4621 5932 12385 9184 11358 1300 6823 12625 6150 7749 6920 7228 8284 2674 8871 3116 7304 8764 5775 10052 1336 8832 1964 12333 595 12447 782 11344 2758 9487 1910 2866 3720 7038 291 12628 3547 5515 860 6391 1551 2188 5967 2857 5100 2340 4205 5646 12156 5632 10743 7207 10838 5546 12124 1329 12349 5246 11335 1447 6428 12495 2790 5638 1331 3843 4418 5423 5480 1778 5618 437 5942 1824 2944 12592 2534 11497 272 4838 5071 8865 128 12531 3717 10354 11447 2675 4281 6564 11571 1560 10830 2063 4264 3875 8701 5614 11732 2524 5434 3971 8191 5616 6768 4895 11925 484 1297 3011 9489 2099 8624 12720 1836 8118 600 8388 5673 7071 2999 7076 608 11663 12148 2542 3386 12253 3965 10704 1510 5641 2077 10730 1578 12553 2070 7590 1242 8799 4509 10834 11667 5492 10135 2143 7898 9451 2238 7004 7455 8477 597 8786 7862 10471 3253 11927 8125 9211 5589 12779 1492 9912 10465 11752 6884 7643 7938 6835 10213 2066 8515 245 5469 11121 11836 9006 12660 8394 9127 790 12514 2858 10189 10542 8570 11013 267 4716 4488 6772 9265 10013 11421 7086 12733 1241 6437 8950 9049 10571 10855 1827 12060 2346 2775 4710 626 5739 12769 3217 8509 2887 7557 2059 11303 2055 2496 4037 9760 10791 1360 7485 2800 3628 6179 11521 2460 9704 3452 8309 9658 13285 13372 5164 13278 3929 4777 5949 11739 8913 11561 6734 7812 448 7769 888 3518 6037 12083 7302 10064 6053 11673 4227 9193 13412 6357 8712 10022 10073 1420 3585 561 8718 12984 3882 6475 9514 13000 1286 9067 7173 8024 13358 926 7143 11425 1703 1971 8165 10326 4012 10121 4070 8011 4092 6634 8324 5290 6728 4126 5027 6177 997 1363 1859 10961 320 10330 4047 7767 12067 12173 1812 7730 5016 11868 6414 11024 7388 12184 6328 7853 8744 1818 13294 1565 3313 7405 1637 6123 5971 8650 1073 2602 11128 2946 9093 3479 9309 2914 3733 4889 11401 332 4571 1470 12228 4968 8752 1273 8904 12934 6906 13311 1255 4303 5779 8458 3077 5394 4881 10531 2978 9766 1191 5444 7924 12084 6093 8028 9854 10020 2123 8302 4627 5862 7570 8660 886 6830 3667 5151 1149 10942 594 4011 1434 6851 869 2259 4293 11218 
8157 
8200 
8234 13047 13368 
387 1444 5182 1921 10021 1563 3779 6701 4958 5288 665 2771 1248 2583 6124 12227 1852 2879 7224 2756 7595 8587 10426 12636 7253 9975 216 10842 3599 7468 4905 6561 7839 164 11134 4611 6883 5793 7838 2521 3478 9467 5598 8558 921 12501 2694 3688 6517 5238 8559 954 9579 1158 11895 2316 5554 1749 8463 2244 12780 2984 6509 4064 5551 4174 6104 7153 3648 6057 7491 6696 7344 972 3879 1535 2947 2973 7574 732 6317 10592 11841 4862 11769 1826 12204 4598 5562 7564 9220 154 7687 11317 11325 2875 5936 9822 6618 10807 4003 11464 
8615 13105 13238 
8770 
8801 
9047 13183 13275 
9152 
9218 
9278 
9457 
9462 
8814 9561 12957 13027 
9710 
9790 
281 1446 974 1793 12336 1918 11083 6378 7049 1432 4549 3775 11624 8207 10962 9970 12488 3528 3917 3148 4334 7954 5047 13003 1218 2083 3410 12393 12696 4416 13289 6265 12611 3958 5970 7539 8728 3758 10749 4215 6504 4508 7321 4283 9810 792 9310 3244 12616 7842 8809 5851 8471 2392 5010 6000 10285 5656 6820 940 2556 3250 4829 6237 10881 11154 9316 13400 3182 11269 13455 5021 6257 11551 11987 1238 5104 13492 8651 12145 12991 5829 12937 775 13312 13353 3428 4823 12390 13326 117 5910 9577 676 9722 10767 2373 10920 2408 10612 12180 2696 6964 1815 3012 9010 10401 1701 7831 2374 3923 4807 6582 11706 8685 8853 31 6221 4009 4952 9068 4045 9024 5724 12344 8554 10957 159 12650 849 5427 12633 2712 7781 9582 8349 8741 7383 9235 8259 11108 11756 12363 2661 9838 1580 3823 13290 3835 12166 1518 3065 1293 4002 10910 6340 11819 3573 6401 91 12205 1236 4155 7005 6153 7890 3037 4081 4844 9485 7832 8379 2038 4822 4933 5717 8343 11348 3824 6384 583 5115 7793 4930 11163 7276 11027 9774 10341 4001 7903 5452 8939 65 9201 2991 6166 3380 7742 2567 3228 10772 10930 617 10714 12126 897 7700 8716 2042 7014 9889 2522 11239 11254 12030 485 5388 6102 9555 12544 3883 11834 2600 2854 10672 11958 12565 12679 4643 8032 11610 6956 7192 5817 10702 713 5766 12384 920 6312 9482 12458 187 12269 1452 3481 9061 12684 
10172 13225 
6107 10216 
10312 
10327 13403 13554 
10668 
9156 12516 5341 8466 9185 2381 2730 5039 6066 5055 10731 4502 11923 2996 3291 11478 3727 12045 6702 11141 11201 288 12001 4736 8219 2214 3334 3865 9547 2348 6425 1317 7066 3165 3644 9645 4581 10459 269 499 10131 10539 11314 11675 565 1209 9424 1503 6345 1346 12960 2186 4192 2249 4477 11608 399 3928 9981 3903 5922 2068 6673 6577 7177 4903 9782 10956 10981 1071 9215 1601 7967 8490 5786 9116 1159 4953 2842 7754 3678 4226 3044 3661 11187 9345 10984 6434 12134 4023 11637 1462 5866 156 4856 9361 6844 12417 10261 11700 1579 8078 3655 8572 1805 5443 4206 7270 7300 7471 2510 5214 1804 11635 4178 12717 1522 6785 1223 11264 8256 8907 9389 11548 4548 10619 3053 4265 12466 4521 9863 1591 2296 13324 702 9347 2801 9225 788 5531 14 10222 12273 12856 7836 11062 3018 13521 873 4960 3120 9468 3524 10311 898 11698 2165 7477 8866 3643 5315 5411 7864 5128 6305 10903 12272 12557 127 10371 1036 12090 4876 7135 7155 6973 7213 8268 12788 5247 6912 2389 3369 4194 4034 7844 2966 7772 10377 12795 5170 10742 2739 4426 6461 7981 12697 3267 5955 7678 10107 10653 1681 2349 9800 955 7734 12728 7721 11120 2397 6756 1034 4101 10888 13166 13189 7739 9058 9096 9393 2563 5184 4731 10755 4068 8820 4209 13161 53 10392 5755 11787 621 6276 868 7081 1586 6278 2115 2853 2193 9005 1129 9038 3831 4179 7911 2438 10308 2787 2983 531 12266 108 3315 1823 4583 6396 6683 3613 7918 3001 5896 5221 5478 2321 8319 1217 6874 2253 12504 2173 7785 11165 11365 4745 6452 3393 9233 1787 10296 784 1746 2657 11682 7055 10221 12594 2162 5823 2559 3474 9843 1101 4307 1125 2021 8306 3272 4651 4857 6960 4286 9190 8223 9588 7727 11803 4024 11207 5279 12109 6681 12741 3364 12241 7307 7682 9364 4743 7161 11471 2088 5491 5696 9256 7675 11862 736 6322 10626 3749 7345 4987 12752 11397 12998 11294 11948 2831 13489 13520 3906 7144 1582 8263 8202 11224 1644 12782 497 4116 1119 4114 1575 12243 4578 6417 8240 10735 372 8126 3424 10062 5255 5557 69 2779 9469 4518 6487 118 3308 1599 5668 9988 1751 4948 4084 7051 417 8005 9607 699 11619 1084 3460 5280 8721 10302 1464 12155 3035 7382 4375 7815 9852 12665 9486 13357 6222 9562 3777 3803 7222 7588 9257 5006 12703 13474 1604 2780 5540 2671 10537 682 12238 1146 4774 3899 10991 4273 11779 13374 1204 11901 2190 8006 9254 7406 9698 2396 13264 5830 7030 5777 10512 854 8482 9109 2718 8915 4067 7955 8023 8312 49 6229 2010 4055 10242 10969 206 10283 4786 10718 10885 11864 4820 6840 8082 5058 7202 4959 9448 364 4828 9654 422 2546 3420 11301 11918 10408 10729 2580 12445 2595 8506 1187 7834 8450 10605 6332 10640 4941 7693 8282 5636 9605 2405 3813 8544 3433 7191 3316 8460 2564 7432 2762 12163 1851 3047 1459 4371 8879 2393 2989 5983 8692 1461 7291 10711 11708 4788 12662 602 6360 2337 9112 410 7384 8810 4556 5406 10295 12153 
10768 12971 13378 
10958 13375 13502 10968 13514 
3802 9186 827 4796 9243 12025 859 1690 4263 5806 2231 2895 2919 10887 4372 10993 10869 12982 3712 6027 8445 9303 194 4120 1123 4926 1385 1507 4684 9999 3279 3785 6416 13340 6451 12801 8605 11117 989 10536 2860 4770 6597 3742 6730 8079 9604 7722 8003 6374 8362 10736 10945 4853 9955 7006 10665 3706 12112 4198 7728 7521 9498 12532 12480 12685 10263 10859 10877 12130 1352 13150 465 4512 13329 5835 9907 7279 9128 4682 8846 12936 9524 9940 4236 12953 7899 10462 2145 5326 2670 6223 1070 6616 11946 3774 4547 8205 12742 35 2902 2263 6468 1608 9669 4516 11967 6294 12657 5534 9696 5763 5909 2458 6780 2045 10996 258 2488 6260 6628 11470 7820 9477 11376 11692 29 5202 13056 3128 11662 1496 8599 7856 9406 847 10511 681 808 9628 610 1051 910 5292 4923 10607 1072 10828 2533 10867 2126 3178 7305 7787 4123 12755 4301 6201 8637 4347 9388 9763 11181 5761 7288 6464 9007 6474 9581 995 10684 4420 8600 3612 12208 3145 8346 368 11668 12026 3216 3886 7996 10378 2689 9317 1842 9587 5798 6016 6184 6940 7152 4007 8505 1541 3581 712 10304 11988 2808 11216 3339 4826 9554 10233 5582 7690 7821 8422 902 7034 9370 11559 11902 5624 6149 7740 10030 1636 3501 9056 10234 2616 12029 3485 8241 393 994 1219 9367 10570 1927 10849 3562 8804 10204 2838 3983 1045 5585 9414 9659 3475 4113 7634 4637 8706 3449 9266 5162 7482 9532 1059 4280 2891 5267 10843 1505 3508 3895 3167 3690 5610 11326 3680 4250 7575 11484 9036 11432 12265 1652 3103 8571 874 3827 7413 12072 3598 5439 9296 10725 7602 12285 471 2275 8070 2313 10342 9977 10452 3761 11008 6901 9599 5308 7622 11338 11704 12240 6117 9335 7054 10646 710 12709 161 8594 8926 4699 11647 1280 2695 6588 11628 4470 6614 3736 10697 5676 9935 10290 9453 10974 4676 7982 7604 10479 1765 10805 11482 7008 9915 2731 11422 9880 10883 7409 11758 2910 6131 8626 3946 9029 4169 10179 9077 10854 815 3435 6708 277 10541 498 1699 12689 1829 5580 10949 3358 10063 6241 6353 1594 4836 9133 11332 11339 2218 9173 1372 6182 7363 10418 2441 2763 4436 5395 6215 9664 11746 2499 5365 5462 8363 3730 4187 6869 10251 11703 12791 7883 11989 7991 10973 47 1603 7310 4121 9390 7803 9012 12338 5867 7318 12343 982 9031 2478 6052 11544 11951 11962 4010 10586 9416 12698 
724 4373 8428 10850 7910 10617 8953 11526 2272 2566 10432 6651 9651 1968 10518 4833 10573 7810 12753 312 4295 8503 9360 10845 2382 5428 8959 9197 9463 9663 10856 80 3344 6192 11680 6866 7237 4839 7296 311 8316 11412 4190 9404 5996 10048 1373 6408 1087 4641 9564 11180 8053 8290 733 6783 512 3407 462 6231 9919 4410 7956 7904 12142 3268 10339 3709 9401 9081 10357 5165 6800 8767 7294 10810 1820 4218 8922 10824 1838 4456 12319 10821 11924 6013 7577 2255 11553 6711 6975 7907 10318 526 8760 1992 6749 8062 9496 13164 9677 13394 2318 11184 2412 11796 12669 2199 12578 2457 3686 10706 7125 11578 5159 5748 6667 8588 8609 10218 12751 1066 2262 6086 3991 4819 5212 6739 10391 9995 12692 1845 13021 9712 11058 2722 9263 6861 7429 3632 9830 3376 7691 7422 12760 1465 1763 9412 2994 7133 12724 9422 10070 569 11226 2261 7487 2447 4914 10449 11831 140 5553 3269 13063 4702 12943 980 3635 6568 10713 6626 9320 7091 11191 6954 10960 2236 9057 3086 5287 3994 7585 10243 11066 7655 10584 6640 9339 593 11838 689 11309 5653 11408 1168 12792 6990 7461 8940 927 4188 7605 2372 5514 2572 13042 5959 11386 6510 11532 10670 11969 5849 7373 11171 5461 9177 11472 1926 11970 12615 13030 2210 3809 4098 7478 8757 11132 4432 11230 7503 12835 7860 13245 
6209 11135 180 8399 3184 4868 11687 3537 8531 3852 10274 11415 4112 11560 511 7635 7893 9747 10698 222 7095 3003 8596 1760 6962 7935 9334 1892 10569 3382 10779 832 9227 3156 10439 3232 11034 6143 12049 4625 6142 6774 2672 5840 1016 9464 1833 8380 2044 3574 3134 7314 5064 5140 352 2725 5667 482 7178 1743 10669 2421 13112 3166 3702 658 6978 12563 1230 2913 5493 3318 7447 5242 6463 567 11190 766 1991 7122 1996 9693 2451 8311 11604 3674 10390 12279 1617 4725 3328 3557 6031 6560 1379 11705 420 2422 86 8491 9450 9942 479 11334 2931 9331 4752 11517 4183 9111 3050 8795 9307 12517 606 3388 9343 9856 4422 5453 6058 12716 24 9619 1053 11262 603 10010 1631 11119 12425 3263 12552 3660 7130 5703 8688 7261 7596 10515 3892 4579 2289 4934 2976 12283 9991 10171 5691 9491 12564 5915 9899 2062 2180 3332 11242 1736 11541 568 1004 5301 5731 13054 147 3113 1810 2873 7464 5457 10046 2643 9627 232 3981 3008 6603 4501 6976 4964 6655 10656 9513 11019 5245 5774 13281 3578 9017 6421 12210 6921 8919 9742 453 1387 8228 384 3356 1111 10812 2704 3944 7840 4377 5342 1762 7430 9873 1128 5965 5269 10907 11147 11720 3606 9200 6064 9147 325 12595 774 1509 4536 7526 1989 4916 9534 10896 306 7233 5543 9776 10549 4087 10918 644 4498 7932 7939 1127 4015 7908 11461 11474 1287 10967 992 6002 1313 7083 3623 9595 4704 5318 7608 8992 10365 12573 2863 11327 4221 11975 12958 1224 7644 11006 13246 10429 13434 4772 5229 2225 7119 1001 1719 726 12502 3305 7640 9511 7415 10897 1232 8830 2639 6947 2916 9438 4877 5057 8676 3798 8964 5350 12299 5297 9684 6136 6760 11853 8960 10322 1189 1903 12013 2851 9472 11162 2004 2448 8339 13461 5408 13228 6502 6969 6642 8374 4656 11366 3719 4450 270 3822 4137 7878 7502 12318 2518 8345 8222 12286 7183 8384 6478 12463 6348 6726 13119 7818 7925 4596 12555 670 1613 2387 13002 13198 3604 8499 2453 8511 11354 1423 4143 7205 10083 13058 1302 3611 2167 4214 9840 11321 1914 12198 3127 5216 5403 2122 8002 8522 6745 9232 238 4000 7566 8143 10497 11495 347 3476 464 914 1417 4357 4978 5460 6993 1984 6562 1940 8989 797 3913 1185 11129 11359 624 5335 11479 4138 4936 9169 1357 5497 8133 9908 3893 6370 3209 3416 7229 11296 7103 8100 3799 8370 12763 381 3509 6589 12257 5405 11172 6044 9821 7024 11830 12 7493 6290 8946 10412 9768 11360 5834 7905 8151 10473 9240 11337 5990 9816 10683 6707 12004 1192 11882 1448 5367 9250 9871 11965 1266 4957 
11496 13313 
9002 11510 12823 13503 
11529 
11602 13125 13231 
7166 11659 11684 12916 13529 9137 13083 13475 11933 12858 2590 11143 3816 13022 5952 13270 13345 
6687 13089 6604 11729 13407 
11888 13377 13551 
60 2705 6621 11590 8999 9340 919 4522 4989 6959 12071 1044 11564 5091 6341 10987 3866 6922 8878 362 10376 9796 12680 157 2719 8868 5498 12465 11015 12392 5374 5953 8072 5602 7656 2355 8225 199 7032 11061 323 2597 12147 5376 11227 3271 10086 2242 3567 13325 3682 12452 1994 3726 5169 7283 1213 7535 9066 12315 4894 8098 11536 13118 814 8496 10155 11213 1629 11715 2001 11847 1519 11114 4817 5944 4685 12100 2551 5928 6648 10148 10174 10811 11411 7677 9932 10873 1485 10563 1381 3400 2545 7505 9552 10634 13364 8103 11241 7743 10941 11520 10904 11175 297 9682 2366 8739 249 8751 3367 6792 1801 5723 1789 12263 4172 6025 9221 415 5590 8134 10533 628 6750 887 1979 3986 12714 1268 6359 6684 10094 6790 12710 7697 11728 2523 7245 1806 6078 7531 7128 8336 7316 10347 2525 8059 299 12345 2470 5884 12722 3480 8792 5419 5914 627 11000 541 5947 9471 4378 5519 6172 11210 735 2203 3259 8456 5219 11586 637 5153 6485 12930 145 10252 12955 463 2048 530 4671 678 6933 903 6440 6383 10827 579 12254 195 2520 8138 2794 5473 6439 3084 8104 3138 7949 8321 890 9460 4031 11352 4365 6775 7506 339 2611 2742 10205 424 3397 4253 5481 1095 7861 4543 4919 8635 2466 6825 10279 781 11499 2336 10388 4560 9353 7923 10625 173 4647 5264 11138 6516 8749 12377 110 4638 3112 4238 4165 6819 2610 6810 739 5386 9323 7016 8875 7876 8192 7370 7766 10522 11353 13179 4435 12770 13057 1673 12999 653 12207 12007 12734 1188 6157 10460 11917 3130 6623 1396 5009 7047 1487 2700 10747 3636 5436 1516 8299 9409 9592 5296 6099 1920 8037 1202 4217 7084 9791 122 5941 11220 538 5468 12713 4529 8958 10434 423 1944 2159 7286 8617 12287 12790 3507 12053 7058 7778 10623 11790 10680 11045 4580 9549 5371 10336 6549 12359 8361 11299 2156 5201 8995 1175 5784 2217 5329 6220 848 6271 6836 10525 9728 12476 1476 11632 1484 12337 442 2530 5951 10117 11914 12325 119 7169 2517 4575 3230 8293 144 2164 6230 7929 6390 10481 10435 12245 355 12491 664 10125 5217 10211 7631 11069 5450 10724 11276 2735 7325 4409 12756 4380 7115 9399 2085 4746 891 5420 5166 6005 3285 5508 1873 11081 11199 2484 8286 4234 8214 12643 8400 11457 8432 12511 13369 2125 7548 2526 5852 
32 1494 2492 6354 4454 9362 11052 3600 8890 2131 5149 707 5713 5679 12110 5787 12808 2846 7357 6735 9751 2160 9542 3952 9484 10937 6415 9703 2258 10080 2196 2514 1327 3691 4754 11642 1512 5607 2691 5566 8139 10214 181 12101 10077 11149 1817 12840 3321 10662 9510 10989 686 1539 68 4479 6617 8273 589 9665 2713 6447 11093 3633 12342 5438 11091 201 11419 1648 8929 1105 7474 4906 5137 2398 5455 4261 7545 11891 5113 5837 1884 9349 1959 2334 4423 10393 6644 9646 11146 12320 3055 9131 8461 9458 9715 8278 11835 2513 8985 2776 9959 5139 11518 8682 12499 4006 12585 1478 9132 3241 3817 10394 1500 2233 2086 5836 687 2157 639 12373 2305 7800 223 3307 7273 5979 6347 456 7594 1561 5072 3926 8067 1663 4800 13337 5070 5860 10396 6512 10324 1402 9939 1567 8046 5982 10180 5613 13383 153 10066 752 4411 2693 6795 1002 4333 801 3233 5349 7282 2892 6770 8050 8695 10264 13143 1855 12115 3538 4854 12527 203 4171 8746 1029 1058 3787 7236 1931 2955 4257 4663 59 5571 8178 3441 6163 9408 12455 4744 11435 12676 3731 6275 8364 11286 13126 5167 6087 13206 767 5754 12039 6941 9788 5045 7011 3191 10293 2552 5738 6274 8525 3716 7835 1142 6965 12537 1731 3792 7532 2766 7636 2017 8857 1513 6629 6178 10165 2237 3100 10860 3284 12451 5865 7546 1212 11200 6264 8396 2692 9092 9699 9650 10441 3864 11267 11512 2949 8733 3916 5708 10061 12774 3042 10035 7541 10528 3515 8413 931 7638 5537 12541 12700 3045 6133 9997 10184 64 5532 6639 7101 9819 534 2098 6015 519 8181 4306 8586 577 5425 10606 8595 9004 123 11266 7492 10149 28 10272 11945 246 5144 2104 9322 2634 11235 255 7093 9151 1865 5622 378 10005 7668 12699 9570 9738 1955 9837 218 2191 11982 
12135 12966 13028 
12351 13043 13130 
12456 
2630 12865 12556 12871 13226 
12638 
12822 
5467 12824 12829 10819 12851 
1382 12825 13048 
12826 
11459 13037 13321 4077 12827 
12828 
12830 
12831 
409 13181 6212 12834 12910 
3115 12836 13496 
12842 
12843 
12844 
12845 
12846 
12847 
12848 
12850 
12852 
12855 
12859 
12542 12861 13513 
12863 
12864 
8107 12868 13261 
12869 
12870 
12872 
12873 
12874 
12876 
12878 
12880 
12881 
12885 
12888 
12889 
12892 
12894 
12895 
12897 
12900 
12902 
12904 
12905 
12906 
12907 
3565 12909 
12911 
12912 
12913 
12914 
3941 12915 12973 
6575 12917 13154 
12918 
12919 
12920 
12921 
12922 
12924 
12925 
12926 
12927 
12929 
10574 12932 13185 
12935 
12938 
12939 
12940 
12941 
12945 
12946 
12947 
12950 
12952 
12956 
12959 
12961 
12964 
12967 
12972 
12974 
10510 12975 13107 
12976 
12979 
12980 
12986 
12988 
12989 
12990 
12992 
12993 
12994 
12996 
13001 
13005 
13006 
13007 
13010 
13011 
13012 
13016 
13017 
1197 13018 13242 
13025 
13026 
13029 
13033 
13035 
13036 
13041 
13045 
13046 
13049 
13059 
13060 
13061 
13062 
13064 
13068 
13069 
2177 13071 13168 
13073 
13074 
13075 
1647 13100 7651 13076 13276 
13079 
13080 
13082 
13084 
13085 
13090 
13094 
13096 
6786 13471 13501 876 13097 
13098 
12554 13099 13480 
13102 
13103 
13109 
13113 
6308 13116 
13117 
13120 
13121 
9858 13122 13135 
13124 
13128 
13137 
13138 
13142 
13144 
13145 
5872 13146 13490 12758 13463 
13149 
13152 
13153 
13155 
13156 
13157 
13158 
13160 
13162 
13163 
13165 
13167 
13169 
8136 13171 
13172 
13173 
13175 
13176 
13177 
13178 
13184 
13188 
13190 
13194 
10395 13197 13380 
13200 
2282 13201 
13202 
13203 
13204 
13205 
13209 
13214 
13217 
13224 
13229 
13233 
13234 
13237 
13240 
13241 
13243 
13247 
13248 
13250 
13252 
13255 
13256 
13257 
13259 
13262 
13268 
13269 
13271 
13272 
13273 
13279 
13280 
13282 
13292 
13295 
13296 
13297 
13298 
13299 
13300 
13302 
13305 
13306 
13307 
13308 
13309 
13315 
13316 
13317 
13318 
13320 
13323 
13328 
13330 
13331 
13332 
6839 13067 13379 72 13333 
13339 
13341 
13342 
13346 
13348 
13349 
13350 
13355 
13359 
13360 
13366 
13367 
13370 
13371 
13373 
13381 
13382 
13384 
13385 
13386 
13387 
13388 
13391 
13396 
13397 
13404 
13405 
1 807 12969 179 13115 3757 13352 4150 13409 8633 13365 9700 13541 
13410 
13411 
13418 
13419 
13422 
13425 
13427 
13428 
13431 
13432 
13435 
13436 
13437 
13438 
13440 
13442 
13445 
13447 
13449 
10055 13450 
13451 
13456 
13457 
13458 
13460 
13462 
13464 
13465 
13466 
13468 
13469 
13476 
13478 
13482 
13483 
13484 
13485 
13486 
9938 13487 
13488 
13491 
13493 
13494 
13495 
13498 
13499 
13504 
13505 
12568 12965 13277 5203 13034 7863 13508 
13509 
13517 
13524 
13525 
13527 
13528 
13531 
3912 13532 
13533 
13536 
13538 
13540 
13542 
13544 
13545 
13548 
13549 
13553 
13557 
13559 
13560 
13562 
