0 
16 
36 7372 183 4348 9590 620 9536 244 7168 10059 11870 2835 8753 3282 10985 5995 8592 2936 8186 12334 4100 8909 3914 7930 9434 11222 2357 9124 6306 9586 12437 6472 13111 13274 7118 9239 13448 1430 3921 8137 13129 4622 13147 2290 5001 5256 11932 5213 9154 10232 13091 13530 915 12197 1169 6197 7002 8147 2832 9064 3462 12191 2479 13133 5833 8740 1116 1999 5412 11428 6744 7518 7763 3122 11878 129 3945 4302 8304 10102 1427 7258 6822 10750 1755 5516 2202 3349 8395 2605 11311 8867 9730 9325 13420 1359 5539 12366 1610 3610 1388 6454 6927 9743 13193 812 5433 10127 3309 12096 8675 9011 6121 8462 8774 3664 8203 10163 1052 5859 9832 7040 8112 13354 6114 13221 132 1089 7792 3275 10089 7317 7453 4005 5627 11407 11580 6255 8220 8984 6748 6986 6994 10521 10696 10900 2204 3973 11342 12607 3087 4142 5424 8199 9589 2752 4315 10156 5807 8963 12901 912 3434 7174 9198 2334 7692 9646 284 7945 1440 3071 5526 8916 9772 8707 9314 8761 11112 5048 8161 5591 7689 9150 3261 6742 2943 6773 6991 8516 7948 11240 2813 9520 10306 7292 10130 6610 9719 10258 12125 3374 12009 519 889 7474 1190 8325 1648 6015 11744 1105 3633 9255 10723 11798 4906 11851 5139 12585 8682 8985 12499 2513 11518 4950 12320 4808 6644 3092 12400 7943 11992 607 8096 3498 12323 12433 5475 10866 11253 12023 12821 13044 
107 
170 7271 6533 12949 12951 1717 13547 1133 13500 13561 
283 
380 3575 
404 13413 
1554 11194 5119 8796 7703 8227 2456 6486 3889 4442 2897 9410 10076 5011 7618 6235 7480 11952 4328 6481 7018 8131 481 8457 4945 9167 1609 12167 11594 11650 1885 11153 6144 7797 11641 11688 322 5533 2361 5986 3854 6120 8945 823 1768 4487 5605 11605 3290 4708 12251 2547 10098 1606 8653 2982 5550 3412 7646 5933 7534 13163 1723 7774 3207 9725 8121 9813 10936 10921 11395 11473 1945 8576 10016 1451 5803 4020 11189 3203 3414 8812 13441 8195 8300 13537 3622 9539 8766 9318 9394 2363 3789 4167 3350 5743 11265 6168 6877 8048 896 10654 7846 7857 7021 9835 839 8773 3277 4485 5232 7218 2056 7343 7540 4249 6863 2065 3049 12609 3662 7552 1895 9461 11074 12591 1226 3846 6918 11437 4017 4032 6400 4790 7140 11238 662 10876 934 12089 7630 12418 2500 11159 2676 3417 13454 4271 10009 3755 12903 13196 1174 9861 3429 7994 1348 3871 623 4832 3930 11454 11130 11984 1021 11433 12424 13327 880 7234 1759 6279 6495 4977 7885 1312 9967 38 45 655 7342 10113 50 1781 6006 1525 8200 1047 8990 13555 527 6853 684 4892 2474 5890 10115 12481 3292 3924 4136 8656 1872 9560 6199 6946 12908 10405 12968 8250 10404 9769 12841 11387 13497 2455 10615 1908 2298 5357 361 4162 10054 4680 12322 4891 4974 554 4008 11502 11761 432 7459 651 5231 5882 5107 9924 809 3384 26 9459 10965 2803 7088 5440 8881 250 8076 8603 3139 9115 5643 10453 9638 12520 613 10305 2060 6987 10245 3297 8277 12706 3530 12630 19 4623 3920 11043 2015 6875 2754 10990 2816 3773 7735 8644 12369 13283 1646 5692 10516 3631 4132 1538 8671 6782 6988 13072 5377 7628 7990 2975 5709 10901 4489 8736 3784 3990 13406 9897 10720 3556 11953 12353 1022 6240 3888 6791 1455 7439 3675 8007 142 10580 4970 8772 882 10468 12422 3379 11465 2577 3977 5392 4619 5804 12477 3194 5152 3711 4079 6581 3392 8831 8523 11032 302 11558 971 6682 13443 3385 9550 6072 13038 4642 13014 3104 12522 3544 7361 6934 7050 12525 104 6826 7543 7551 1754 1758 10530 11615 946 11324 795 9396 3199 12866 13415 10763 11764 13039 98 6649 2041 9365 3621 8033 6599 9013 243 354 5525 7970 8218 2965 8255 1680 9100 5576 11867 3614 11362 9676 12783 4542 7615 3240 12515 1477 5917 7069 9051 11392 7247 11094 259 535 4921 12113 2222 9885 1229 11986 1533 9559 6202 10753 8486 10832 4232 10320 11270 11934 576 1143 8726 3111 7980 1515 9086 3608 12443 12590 1499 7023 8894 1552 5961 2209 4425 645 9075 5722 6365 2137 5331 10286 
602 
705 13424 7773 13393 13414 
471 9043 2154 9792 2536 3642 4887 712 8070 1452 3037 10854 2275 3762 2749 5230 4699 6588 6901 9077 7238 7987 4460 8113 1765 8903 10290 6614 9427 2432 4470 2695 10974 5208 7601 9139 6433 8477 2454 8829 3598 6862 12011 12044 4140 7303 5031 5241 8933 4159 10815 4325 6526 8073 10725 7227 11765 5046 7009 5999 12255 3763 10748 3539 8569 441 1118 9457 4066 10609 4164 11983 7538 11315 8056 12736 515 8817 802 5648 1849 4587 4434 11903 2651 8833 4544 10402 949 12787 161 3103 440 647 5964 11072 9599 12072 8594 11647 6049 10697 7659 7895 1652 11484 7413 7855 772 10795 1482 3355 5604 4670 9159 978 5330 619 1325 3881 8598 6156 10590 4426 6593 9246 9902 12201 3475 9969 114 10636 562 2646 97 4458 5056 688 10644 3469 11371 5608 10029 11310 1438 11284 3485 6219 6258 11477 99 10509 7359 12441 1239 5053 7753 8782 711 2685 5395 3508 10586 12698 4280 9266 5354 9733 8701 11732 9430 12029 3867 8241 4427 7619 4149 10168 9376 10259 6632 12391 6758 9753 975 6932 1214 1569 3501 4558 12217 3746 7879 7982 4676 8926 1280 3736 7007 7755 9354 9880 5827 11404 2645 9342 11522 981 7931 10425 11689 52 11475 7695 12321 207 5547 2082 3251 1335 2311 2617 12687 3730 5365 3761 6182 1858 5439 12285 3167 3895 710 2895 847 5534 874 3827 5610 7575 3680 7054 2231 4826 7803 11989 4121 9012 9031 2919 7991 2218 4250 9056 4010 7482 9587 10828 4263 4347 6201 10684 12025 8637 9388 4198 8599 1072 4796 7996 10378 2533 3216 2488 6260 11692 29 8600 2786 3145 2126 4420 1842 2045 7288 9243 10867 91 7006 9696 9317 10665 4372 4684 10993 9955 12982 510 910 3886 7521 291 3875 6391 7856 3547 12349 9356 11667 3116 8079 9406 11967 7728 12628 9577 12657 5398 10109 12650 5515 5646 1496 6564 9007 10887 7004 7862 6809 10228 11420 11582 4169 10452 7409 7604 12223 3204 7380 7455 1336 9669 5014 9337 7833 11374 2920 12187 600 5434 1836 4922 11344 8801 9029 7641 10364 597 10471 117 4516 1815 5763 6780 1922 2458 995 3802 9970 4952 9722 7005 10767 856 5850 12387 8534 10957 827 9186 3581 8832 3481 3634 1964 7318 10179 12709 9977 12343 3946 10511 9335 11668 11704 3128 5867 5015 8549 3911 5806 6117 12208 713 1988 3339 7950 7997 2808 6401 10910 7433 10088 8505 9482 1757 9036 7883 10973 10342 10646 12265 10798 11343 1636 2476 994 4264 6135 5308 10234 4652 7622 11338 393 1372 2315 4993 8626 10479 10883 11758 272 12059 1329 2063 12240 12333 5614 10418 
1043 10963 1577 3951 4438 5320 10033 316 6712 1686 3724 761 2005 5154 5477 2529 5351 1730 11144 2132 5929 546 9479 9089 9286 5108 9569 1326 5991 1769 9059 3291 6095 6876 1750 2807 3141 4748 12419 4818 5082 11031 11229 2465 6313 12189 1734 6661 3839 8348 11378 4552 12442 240 6999 143 3119 3223 3810 12620 2569 6315 6729 9891 5451 9151 8166 9723 1270 11245 201 2043 7668 10837 241 10746 738 3543 5041 8711 2329 11513 771 4388 4245 10186 5664 6343 7074 10621 6375 8221 4557 5586 646 3019 5567 2208 8649 10688 10765 1466 2032 7265 8109 8376 755 1987 506 4107 5187 8952 2371 4620 5012 4779 9121 933 1880 5090 8664 8722 11350 6693 10023 4943 7243 7900 10731 338 4216 6833 742 9615 3853 6532 7788 10912 7053 8303 8382 12042 467 1412 5584 7794 93 6450 4755 7913 6140 8403 8929 4924 5401 6283 7549 7196 8507 3541 3869 4445 6394 4540 9632 8262 8705 9048 2386 12640 5183 6882 1003 9641 264 986 10169 1963 3540 9273 12486 2139 10831 1862 9877 3829 8279 4322 10585 4618 12003 430 11846 12218 8188 10955 300 1414 700 7830 2297 5930 7848 9500 2996 10140 11141 2486 4666 6466 6662 8164 6066 11478 5597 7944 8338 10655 11368 5422 5611 2424 9503 10561 1830 9516 6569 12171 1080 9989 10543 2586 9395 872 2688 12079 1893 7823 6051 10582 9755 11036 13066 9572 10031 556 10703 3489 11405 
841 
876 13097 6786 13471 13501 
957 
1006 
1034 
1059 
71 5826 7696 10484 2773 9985 1596 5416 968 9886 2933 3021 3849 9804 5141 8216 1260 2720 7365 3783 12348 4350 8965 2861 10455 3404 10924 5603 6518 9637 614 9119 3140 5134 4051 9329 3553 5652 4525 11380 12312 11643 12460 5906 6540 10604 6837 8391 11469 452 3493 8132 7266 11740 13008 12507 12815 5054 5130 169 5913 7965 11383 760 1418 4798 11255 11858 2358 9983 2543 10950 1057 11627 12014 2642 13212 70 12597 3208 7421 6598 9071 804 8510 1170 13050 1468 9373 1493 7269 7591 8553 765 2187 11759 5076 12092 449 12435 1737 10241 4423 12453 2251 5032 1488 12423 1259 7508 2219 6523 7720 10176 8085 12646 1695 8418 3415 5847 3006 3919 1714 4369 4453 10685 4757 9083 776 11734 1445 8612 1948 6722 3486 12862 3999 6232 6195 10508 11203 1912 2974 11630 11223 12394 2731 9453 82 3681 5680 8979 11422 11485 11913 4669 5705 8937 9935 5678 9691 746 3386 3698 8799 11628 936 2008 3603 7702 4038 9918 10214 9355 9594 545 3554 5496 12867 13534 947 9436 1517 6951 1222 4573 1323 9956 3776 12731 5060 6096 9488 289 5178 7613 2079 7087 6881 9433 3587 8472 1029 3441 4586 7061 6832 7516 11150 3873 10289 1931 12455 4389 4690 10103 7410 11263 103 1027 6106 12131 8818 9171 2003 9305 3856 5003 9062 7555 7912 8930 9540 917 8261 1020 4885 6334 287 9833 609 4574 4195 7008 6141 6762 10597 7757 10805 10294 11482 959 6069 1393 4835 11393 4363 8359 4734 9972 1056 12409 292 9125 2565 2598 3076 3403 9694 3950 8340 4899 7804 13473 7236 8746 6617 10801 8704 9408 3214 11710 155 3281 2332 9213 12367 9901 12446 138 4439 1345 2678 11174 3596 11964 5832 7599 1930 6033 1481 5715 4594 4979 7113 8975 11423 12086 1394 7165 4233 9181 7579 10514 2899 8811 4712 10329 11105 4698 7941 5396 5479 12239 12292 
1196 
1197 13018 13242 
1250 
605 13110 1295 8662 9076 2446 5985 11621 3652 10366 12759 4865 8710 1416 5400 420 2383 4311 11394 1753 7747 1378 7056 340 2073 9313 2197 6514 2378 6741 11853 3850 8956 9575 3017 3611 7566 1302 11321 2307 4387 4424 6061 9840 10497 567 1996 1631 3381 11119 1810 7178 2725 2863 147 3944 7932 352 5342 7840 9464 11327 479 8491 3497 8347 2314 7314 1384 12074 5140 11050 11006 13246 13434 2873 3113 9627 2643 9681 4294 12271 180 11190 766 1991 1379 8795 3852 5858 8885 3050 9873 7635 11415 279 6143 832 4112 1016 7902 12608 2044 6142 1833 3574 9450 9942 2451 9693 7122 12049 505 5701 6127 3348 3368 9195 10193 6336 6774 6669 10439 5840 11334 86 11892 3583 9702 10676 670 10083 2453 11354 2387 13002 13198 3382 12573 4118 10779 12838 4377 5318 7608 6478 12463 992 12555 3604 8499 1423 1613 7205 13058 4221 11975 12958 8511 10365 1357 1387 8228 3305 6002 10812 4137 9511 1617 6745 726 6562 1313 2225 6421 12210 1111 3578 7183 6589 6978 9017 2518 8345 8384 8133 9908 3799 12004 12286 13461 270 4450 3822 7502 6642 8339 3719 8964 5408 11366 13228 4656 6502 6969 8374 4143 4772 7119 10897 7415 7640 482 11604 3328 3674 7083 11705 1001 1719 1762 2422 3623 9595 5064 5667 6348 1224 3134 6726 10429 13119 7644 8311 4596 7878 5229 7818 7925 77 723 5861 7937 8350 5414 5735 5391 10695 7360 11247 1709 7387 10454 11035 943 3670 2170 5383 11596 223 1294 5821 1761 4612 1319 2506 3605 8536 379 3156 757 9973 3067 6448 2322 2745 7527 4686 9896 163 3013 8839 12509 2467 9449 477 10181 6984 11850 4570 10008 10741 11330 12306 3925 12236 488 6056 5486 8678 3467 11861 
1382 12825 13048 
1713 
1718 
1736 
2921 8748 1465 8604 11302 11845 2570 5065 3487 8438 3601 9136 1137 4473 8842 12767 1792 8884 1018 7163 7512 1415 11985 1641 6169 6556 8468 1474 3298 8074 8821 12375 1602 4861 12196 1181 5946 6703 11323 2994 10652 3495 9412 7260 7605 763 4886 7256 3512 12566 7523 11503 312 1203 5429 4812 6344 11226 12724 2560 4287 6101 1289 12161 2834 7500 7015 8628 9274 1821 11427 4988 11455 11799 560 7560 2717 7666 10299 112 290 8621 121 9805 1037 1168 1483 9293 4188 6990 8757 1763 5030 11970 12615 13030 1814 5675 3409 11875 4384 8762 8512 10946 10383 11132 8237 9210 1682 12792 3168 4778 1926 7373 7478 2040 10119 13446 689 5653 5959 8959 9197 11386 13042 2372 9463 7993 9995 5514 10391 2210 4432 11230 421 1141 8673 3791 7770 3809 11171 11472 6739 9202 3991 5849 9177 12069 10070 11058 5553 10449 1845 9712 13021 1808 5461 9422 10635 11309 11408 4641 5916 2262 7125 7904 12142 512 11680 816 1556 6192 6507 1881 4992 11810 5263 12010 11530 11890 6404 7510 1368 5871 640 6227 4412 6011 8856 12183 588 13343 426 3527 4567 6594 9073 5472 6186 9731 683 7425 10421 11385 1176 5428 2528 5907 1871 10863 813 4577 9070 9110 6231 11107 6314 9492 12534 1933 9606 2829 7311 927 2382 4335 10476 1337 10044 1064 2519 7044 10721 6685 6966 9386 11170 3245 4059 9332 9610 4883 5283 8882 9573 5190 5781 7653 7903 8939 8213 9501 553 5676 3093 5240 6395 7520 491 7077 6208 11161 5097 6213 9442 1358 10450 9374 10492 11928 4703 7998 11188 6784 7637 1828 4358 11802 8657 11924 11796 12319 140 2318 4702 12943 3269 13063 733 11831 6783 9401 7487 11184 12669 4456 4833 6510 10573 8290 11969 4410 10856 2572 11532 9663 10670 6408 12753 1087 12692 
1974 13065 13223 
2031 
2177 13071 13168 
5072 9132 589 9131 8278 8461 2492 9362 4411 9703 5349 9945 818 2892 11214 12046 2046 4440 5876 615 4404 4915 10474 11331 5795 13383 801 1002 4854 687 1500 2086 1567 2157 456 1402 7800 4333 9939 1561 8153 7273 7594 3307 10180 1663 10396 13337 4800 6515 893 2904 3907 2376 5613 5982 8046 181 4938 12101 2196 2514 228 2691 2741 1058 5566 12676 4610 8484 8573 8084 8988 10380 6350 10104 3691 9953 4223 7176 8144 9118 2830 10937 10080 12289 5167 11286 8364 13126 3233 9458 13206 3321 10989 9510 12373 1817 12840 152 10066 793 2821 3753 9936 89 4754 836 7933 4729 10303 6795 12151 6415 11642 752 6770 4428 10264 7121 12356 8695 10677 639 3731 8050 13143 68 4479 1855 3538 1327 11149 686 10662 1512 1539 5607 10077 3787 6275 7282 8273 504 5874 8146 12107 2515 7136 162 2603 11436 5284 7082 937 10019 1884 3042 3055 12527 7545 12115 3696 4171 13101 4744 11435 2955 4261 11182 6163 6735 11891 1700 5300 4257 9780 59 9959 2776 4006 9715 10351 1959 8178 203 4413 334 5438 11092 12017 10393 11091 11146 12768 3864 11512 136 5455 5713 6354 2398 10035 10237 153 3396 3241 3926 301 4454 6442 6449 4197 8249 5409 7880 2107 9851 4073 6164 731 11281 28 8595 10149 2104 11945 12774 2692 7532 2237 12451 3600 7636 7687 11959 1450 3445 7187 7638 10164 8415 12808 2030 6769 8057 7357 9377 3831 9439 9751 621 3284 5571 9484 9039 10600 5043 8800 5684 6009 6524 7706 7711 12464 7911 10379 4179 4745 2193 3625 8690 10417 10437 7561 12075 6943 8155 10442 8156 8732 2160 3952 1005 8781 11549 4707 8288 2534 8459 11009 11915 419 2693 707 2258 11052 1494 2131 3687 3515 5679 5787 8890 5149 11381 246 9650 2949 9997 10061 1909 11382 7541 10394 11235 12110 9542 12342 2098 8181 2634 5144 9349 534 10441 32 2713 6447 8780 
692 11429 224 3073 9003 12164 2985 4653 9441 3974 8091 11885 570 3124 5812 9928 11620 4506 6259 3302 7676 3617 10879 188 4262 8943 1822 9363 1031 3728 8567 400 7001 8411 2658 6727 4533 11361 12789 1198 10553 2401 6456 7796 9617 4846 12379 2102 2285 2108 8551 2352 10116 3296 5719 7293 2216 2987 5958 11274 130 8779 248 1777 2819 11884 3640 12814 55 4973 5062 12036 612 4639 3189 5732 7312 10796 12224 2778 6824 9609 9740 5249 11690 8397 12247 3455 6139 10270 11137 2136 12406 12574 2652 6045 6321 11489 2654 4617 9745 10938 402 2581 6148 10200 2395 4799 6666 9849 2721 5988 3529 4635 8838 10816 3171 4235 8790 2935 6636 10183 762 6302 9949 7235 12116 2240 2330 11236 5155 9027 5513 10504 4127 8652 2868 5004 587 5325 693 6752 7472 11525 3394 4342 2681 7573 10406 11215 1407 6652 1032 11806 1110 4553 7892 8243 11583 548 9976 6116 10925 675 9306 9072 10809 1049 1811 3202 4515 4927 8980 8535 12431 7299 10082 4588 8648 3117 10804 12261 1328 10457 3391 8230 10575 4609 11655 8092 11414 4124 7829 2050 2419 789 7331 2403 10002 984 3992 1046 8123 3801 5630 3987 5883 2291 5101 8584 5822 6480 5950 11974 344 5340 6831 8565 4632 8785 8935 11356 3466 4475 6047 6498 956 7483 9679 1136 1913 7158 8972 4106 8517 9998 10282 2176 8430 1726 10507 3163 12581 12806 2503 11438 10276 12632 3043 4991 7632 10446 3470 11017 11115 6187 6539 10593 1807 10307 10157 11403 3000 11212 1672 9245 1626 6318 11844 10666 12619 3023 12206 
2282 13201 
1457 5629 12977 537 5033 890 2742 1148 4365 6503 1776 7897 6613 6825 373 10279 9794 11352 9196 11585 5211 11665 2466 6775 7506 10004 10205 4031 11026 63 650 8983 4825 5217 8301 1095 7861 5296 9407 2085 5420 7923 10625 6390 9409 935 2785 4672 424 9515 2217 2794 2954 5473 5552 7084 7369 8119 8452 4776 10724 1516 1850 7631 8299 4253 5481 9592 9791 12756 5436 11069 3029 4746 5450 11276 96 1283 2878 9574 308 1708 870 1112 3064 310 7745 4029 7698 4919 6230 10771 6787 8928 8635 8921 190 4538 3397 8520 4013 6695 12732 5726 7486 12454 209 10519 12426 2927 6453 1702 3837 8765 12518 5772 12786 5254 10151 13511 907 2512 2309 2501 5825 10375 1614 3769 1487 2700 11081 2140 10747 12970 6377 8469 13301 2886 5820 8353 9144 5009 7047 9662 9787 10522 11073 1396 11866 1587 5111 13179 2125 9353 3285 5508 144 2164 7548 460 1628 835 2611 3413 339 7929 1188 3130 1873 4234 4435 6157 891 2484 11499 1199 1802 5989 6546 2526 8286 6623 12713 781 2336 4560 9460 10388 
2013 7010 2839 7914 4876 12548 4756 8355 3352 10112 1953 5025 5796 5894 8248 9811 2894 8742 11453 12317 7379 8562 2429 2971 1409 2746 4314 6733 3572 7716 1784 6747 9165 1405 6356 5700 8435 2341 9906 4244 10868 1383 8036 2836 3641 6304 11068 3378 12617 3940 5312 2833 9765 7748 9842 691 3070 3685 5710 7537 8991 2351 4976 3536 12776 7511 8025 718 3254 9688 6892 11611 4675 11591 7436 12020 2727 10085 1772 3300 4088 5904 5702 6585 10788 1324 1942 10650 11584 6007 10558 6713 12533 8719 11691 5559 9248 433 923 4940 9153 642 5200 6389 12347 2724 5880 10091 3362 10870 4256 7037 5978 9978 3897 9867 3551 4913 10678 2669 7732 3052 10101 4313 5402 6137 12471 4582 7350 8638 6591 10905 630 10971 5110 12231 10385 11900 1167 11126 8077 9382 938 2627 11038 125 3658 5379 6643 2621 4231 5560 6277 8436 12412 198 4053 10544 695 3595 9481 75 4855 5361 7611 5067 5879 5074 11998 1832 4591 4483 8784 6281 11440 1050 5937 2885 7089 12213 4472 12259 6245 11416 2558 11168 913 10253 3616 4624 3411 5707 315 2101 8888 635 10271 2869 5019 6311 1366 1547 5125 7946 7313 8938 2434 11789 2820 12402 5324 5966 6214 3694 5059 5581 10006 10018 12604 3387 8453 8620 3626 9767 3354 6631 1017 4879 8597 4080 9224 12219 5809 6544 9417 1349 4252 2477 2877 2859 9283 2939 11086 532 9443 10601 176 2782 4869 4511 12282 105 8683 999 4339 11336 11763 
2443 13191 13401 
2541 13032 13180 
42 6295 8246 4995 9470 1735 4659 10954 13086 754 12274 2385 2865 7214 11865 126 3699 5848 7346 5276 10944 13235 6896 8149 6624 7381 11929 12335 5736 10100 1611 12407 8236 8579 2576 13024 724 7351 4373 7701 7910 9651 1968 8428 1986 2608 2213 10821 8062 9496 13164 9677 13394 2599 11167 4222 10167 1958 4658 1322 7184 11082 1419 6749 1838 10850 3863 11003 1973 1992 13423 5413 8332 10568 12778 3185 10133 8737 10517 13211 892 4559 8769 11514 3252 9236 3005 6406 3406 7572 9666 7889 11738 8489 12330 2755 3908 5295 10316 10344 3729 10802 6339 12749 7376 10463 12063 12606 461 2064 3034 4785 9705 5285 12006 1544 10810 2483 5887 3668 4255 3389 11954 2544 6270 6108 8244 11004 6249 6536 12635 2433 8537 5647 7975 6422 8920 3306 8310 8994 27 7230 7544 12249 4336 8069 4719 6506 12803 4248 6431 12596 6640 6659 5176 8996 1054 4299 2302 3083 3935 4208 5116 6371 8111 4505 5935 10845 942 6203 6800 8767 3709 8503 9360 12760 5165 9465 3088 7297 10824 4605 5649 5507 6967 1576 7961 679 4052 7294 1696 8819 2447 4914 7133 4295 7422 10339 911 12738 970 9830 3632 11685 526 3635 8175 8823 3347 9911 3627 4382 3609 4944 8760 3484 10469 4983 7718 7907 12305 6458 12832 13472 3522 10566 4709 10986 8855 10318 1247 7289 3062 3607 429 8837 2928 12068 56 8217 3089 10839 5856 7887 10624 5198 6462 2777 10782 1033 5846 474 8035 4395 11795 12099 2636 11873 3268 10357 2740 4985 656 9260 2412 10243 11553 7104 9339 7577 9081 11653 3994 5287 6711 6975 593 980 11066 2261 8053 7585 9057 2236 7429 2722 6568 6626 7091 10960 2917 12647 3180 6954 6609 9798 7655 12472 9320 11191 6861 10584 944 1233 3331 5499 11054 6397 7629 2002 11467 2211 3450 2930 12430 7509 9138 2189 5502 1687 3288 5751 12232 444 2112 6460 8392 5650 9656 2584 7600 3215 8606 9653 8389 11644 3963 9517 5018 11136 5688 6062 2783 9352 10694 11886 12313 6694 7942 11838 139 12108 4724 9713 3024 7067 7852 15 1290 5381 11592 3086 10713 11950 486 8824 1782 3708 4062 11304 5855 9212 12361 5960 9214 6110 9647 6917 11760 3423 9530 11176 2215 11173 5868 6527 8020 3468 4246 6286 9576 9022 11446 2623 5458 11458 2638 6079 12735 9300 11039 2169 6952 2884 8001 9597 3338 9380 4523 7142 7232 12122 1355 1888 2124 4834 6175 2 12022 7320 11179 345 10547 2527 8575 1096 8405 11814 745 2511 10557 6706 7567 666 864 1846 4471 11048 3494 8352 7467 9418 631 657 8585 4474 10562 2806 12298 4866 12708 4920 11905 275 3980 7254 2252 9021 7108 12111 1090 5020 2087 9644 4628 12388 
829 1599 2779 5406 127 11698 1042 6248 10371 11776 174 3101 3519 10620 1635 6132 66 528 10314 90 698 9727 1710 4326 8632 1773 8219 288 4556 3239 3308 5 2743 4736 7051 4177 6841 5786 12775 1036 1882 7754 497 3315 8240 1119 10345 4116 11497 3192 5480 3843 4418 7147 2790 2944 8865 10761 8005 9607 1575 12243 408 12469 1771 7633 3710 11727 3274 11804 3330 7225 7456 4986 5143 6272 6719 2248 4175 5206 6165 9634 2306 5687 4148 8580 8371 8493 9987 12405 11736 11907 1843 7916 5578 6176 7120 6950 7114 3745 4057 9531 685 4230 3520 5746 7 341 741 3657 3669 11487 3506 7338 8976 11677 12410 8886 8914 11724 4258 5639 5338 6680 12675 108 123 2016 4306 6048 5425 11681 3618 10606 9004 11266 632 9541 11267 11341 577 10288 2980 11507 8654 9230 74 10895 3030 10933 8848 8872 9818 12705 1453 2439 4048 8859 5794 9890 3161 11742 6063 6688 495 1281 328 3046 5718 6392 6958 9284 9506 4948 12614 5243 7341 1084 5770 557 5655 9446 2171 10037 582 9778 2561 3301 5095 1100 12765 3584 12281 7782 10496 4771 8895 12181 4084 11923 12637 1160 1534 7813 12031 722 6014 7968 4018 6028 8396 10195 11200 1129 2438 8413 1950 7918 5306 10642 5364 8108 53 6276 931 3310 1823 11165 6264 9699 2799 10392 12467 9092 11365 1796 7570 8212 10822 8319 10028 1025 7284 12485 2115 2853 6452 9005 9233 7081 10062 1586 9038 2787 10308 2983 12152 4376 4820 2173 9788 11357 4583 5896 3147 4786 4959 5157 3613 10718 5683 10982 8068 12173 1223 11264 1522 8256 8907 1804 9254 11635 2559 9389 2296 7270 13324 11548 12153 1101 3474 1256 1805 2428 2510 8572 2348 6425 2214 10312 1751 10735 4578 6417 4941 6332 10640 118 5280 7384 49 9843 410 4055 372 3393 3272 4114 7450 8126 9469 206 5423 5478 5636 6840 12495 5221 12592 6317 11682 9220 10424 10807 972 9822 3879 5936 6178 4958 11492 7565 7595 9975 3478 3779 4651 8306 1097 5039 5055 7886 12501 1125 5341 5830 7574 6701 9455 868 10272 5303 8586 5755 6379 7492 11787 5557 10994 64 5738 3672 9321 531 10221 3424 7055 11841 12266 1746 5823 8915 12304 2021 9988 2162 8810 69 3796 6487 2657 6396 1787 5669 2766 6274 3191 12039 8082 11797 784 10592 8525 10293 10296 12594 2718 8312 6683 10885 10283 11864 
2811 
2842 
2876 13140 13249 
3045 
3565 12909 12979 
222 4498 4964 3715 6209 1760 4536 8399 10918 306 1128 2052 7921 10759 1509 4015 11461 6658 12494 7060 10967 1296 9946 12653 5962 7358 2074 8189 388 5138 5844 7714 6088 10875 4152 5556 8677 12230 1144 4151 4449 8380 9291 2133 10532 2062 11242 1067 4087 1004 3008 7976 2180 11202 11306 3332 10172 13225 9695 11442 1989 8065 6812 9566 9776 7940 9074 1456 1472 2100 10896 4097 5543 11607 5588 11474 9870 12588 9527 10549 1078 7966 1365 12220 7099 12810 6976 11828 6246 12530 2462 3205 4501 7873 9183 4916 10808 2034 4451 12997 1956 3473 12382 5631 7336 1600 9979 830 6330 6860 12668 9631 11771 590 9675 3020 4946 8775 11674 3027 9756 1041 12875 4484 7160 9117 6173 9726 8390 13253 8424 8918 2081 7447 1114 6766 4 4657 3788 10410 3166 6565 8328 3981 3996 6603 7233 568 6655 644 3003 10656 232 7939 6998 10323 12358 12624 192 4863 13213 5506 8596 5133 7095 8863 785 6794 5301 13054 5731 11645 2167 10390 12425 3557 6560 7430 8992 3794 10698 3537 9385 4868 8531 4752 9111 12275 12291 5269 9200 7526 12517 212 811 2286 11714 3555 3558 3838 6720 10466 11562 10 834 4840 5259 1978 4065 9145 7012 7443 7920 1287 8308 8693 9113 649 10491 11448 10111 10389 2788 12048 1093 7908 8815 1109 10997 4806 5510 9020 11088 3388 9147 3190 4422 2704 10907 3905 12138 12837 11308 13395 4998 10754 12896 1127 4910 6351 6366 9223 9982 11195 1892 6921 8919 4704 9742 7935 11147 10569 11720 13112 1743 2421 9334 3702 6962 2679 10915 12087 4532 7377 5563 7934 8966 606 5915 12563 885 4725 3127 5453 6058 12663 1113 2494 2769 7704 350 1330 8840 5236 5570 842 3318 12595 3320 9876 325 6064 1230 6162 8287 11981 12716 384 658 5216 2913 8946 5509 8911 6031 10669 5242 6463 5493 6622 1351 9633 6650 8670 1228 6850 9856 774 3606 6298 11508 3637 11517 
3582 
3757 13352 4150 13409 
3766 13258 13470 
443 10215 1063 1870 6403 11102 7172 8089 1495 9383 2507 3563 9423 12547 2805 3505 8474 9865 2893 4117 148 6029 12250 3022 6738 7159 11716 12326 5529 9734 10197 4503 11506 6470 7667 7894 9706 10108 10846 1558 11071 909 3825 10939 6083 11623 2267 8247 11439 12773 446 10145 2011 9874 6034 12550 7391 8289 7146 9642 7756 11560 3943 11307 511 12666 1252 3016 2579 9786 5790 8714 894 8899 601 5299 5266 7893 7896 8473 10331 3322 5517 865 6035 1138 6980 1030 7403 487 1431 9980 4331 6732 6296 6519 348 4897 5278 6615 8787 8793 236 11271 3735 11280 7025 12340 6160 11100 1429 8105 1543 3346 4550 6228 11957 1377 4718 353 1370 1711 4761 10717 3703 5628 4267 4842 3646 7246 10647 4061 6297 6764 10836 1550 9164 2687 9456 10158 12468 3333 11347 1048 2185 4996 11597 1292 4184 10598 976 2571 6888 4564 8267 10049 3898 8495 3967 11687 1153 5595 7529 5924 6854 4383 4972 3418 5965 2732 9747 8850 10355 2084 11277 1234 4098 961 12242 3375 8940 5212 9392 4099 12104 92 7257 3150 7503 12835 7860 13245 2134 6828 9146 11293 5262 6607 3295 5912 1221 3365 1840 6657 5891 11863 4585 11949 5716 10436 6067 7026 875 7162 580 2882 11550 2036 3069 11060 385 8880 1132 11450 4858 6362 7571 6915 7789 9440 12123 200 6435 4908 5086 261 9187 3841 6890 3256 6254 7441 10596 3975 7771 4147 5783 10762 11809 295 8524 3068 6484 9683 3534 6957 10785 770 2959 8713 9534 1788 4292 4971 12804 715 3767 6130 5142 6407 7977 694 12192 10825 12371 3337 7974 7822 12028 5459 11399 5720 7395 7694 9350 9771 573 4784 8708 10643 10793 
3808 
3912 13532 
113 8893 2683 11295 1375 5447 6981 11944 5328 12098 5093 5555 8232 11894 716 1216 10124 2668 10658 1410 8861 2798 6077 6337 6459 3516 9892 5685 12293 1171 4160 84 674 8210 10382 10486 1528 5808 2660 8170 4056 7353 1917 1935 2271 3665 3154 4186 6206 6352 8373 9490 12539 1321 3278 10190 10789 11897 3264 4980 2402 9082 12374 2988 6537 10595 2550 3868 9635 4199 6541 268 7248 6677 11618 2257 8822 2364 2960 11648 5530 9098 672 10483 845 8550 2951 13222 13452 6455 8500 5426 11808 3932 8254 4082 8476 10757 6008 7137 9614 13015 10236 10932 5816 7208 12877 9358 11155 1748 11542 1831 12860 2004 11162 3798 11855 2851 5175 7404 7752 932 11256 2957 6136 11016 6349 13439 753 12954 8159 12047 1257 3303 346 993 1150 6675 2871 10663 1738 7223 1890 2491 10118 2772 4848 4816 4949 9419 10162 10864 7371 8441 12750 10281 10555 6829 11292 3359 5218 12436 552 5185 2072 6250 3440 10770 3659 9962 458 7251 3041 8902 6161 7041 2468 7097 10501 8150 9720 5926 11494 2343 5662 6663 10495 11377 9916 10448 4421 6181 5734 7132 7411 11567 1019 2121 1403 10175 1305 1460 2390 4931 8158 9095 2925 9661 3896 9338 10231 1649 1906 7586 8038 450 2555 2716 3832 5919 7231 6443 8297 9252 9927 12095 6017 8873 540 1254 11857 690 1969 7736 9084 12000 5302 5625 8058 8448 2977 12301 2119 3830 4158 9222 3325 6767 1225 5129 5042 9888 401 6548 7048 8889 12805 10348 11390 1307 5049 3220 10493 5120 7267 11693 5693 11818 7020 7059 6914 8539 1676 4951 12820 7607 12278 7922 8625 184 10152 730 10120 5921 6942 9820 4309 9505 221 12226 680 748 2058 2945 1531 6242 1621 2990 8955 6736 9717 8532 11278 2080 11300 11754 12235 337 2701 11821 2234 12062 4730 7708 2585 11151 2588 9281 5521 6799 7587 7915 9905 262 9308 966 1616 6672 6765 5366 8667 11373 622 10373 2647 3463 5523 11028 10170 11881 3324 3818 12427 5380 9099 3038 3457 5470 9302 2539 8162 9996 10588 10209 12050 1555 2228 391 12132 177 7249 2485 9971 5657 6893 2430 2963 7215 778 12602 3416 4138 5834 11296 2375 3390 750 5634 3174 7712 10043 10075 9357 9966 1258 5136 11939 1665 6292 13095 2024 5854 13136 7901 8307 6089 6309 12085 6122 8140 9079 10398 4154 6776 10538 11233 7729 8354 9844 11843 5189 6043 7401 10192 10622 1705 3464 1605 4166 4274 11791 12681 3234 11023 7958 13092 
4077 12827 11459 13037 13321 
4096 
41 8642 769 7167 1837 4805 4932 2767 4735 7242 3002 10564 11625 696 10919 5188 11379 11800 2575 10841 6804 9288 11208 160 544 5972 239 8054 11908 7349 11498 1094 6600 8589 4108 5741 7457 1725 6547 5035 5150 5215 10415 2111 6342 1574 2655 11961 1397 6895 9934 1860 4297 7817 8951 12612 3666 7808 4764 5574 2889 12659 888 6037 6879 9525 11930 5984 12052 3221 6634 6851 2614 11916 5818 8518 457 6346 7337 9808 10719 1212 2017 5865 3100 9686 11099 12140 6491 11204 3058 11056 4225 10534 4627 10992 1670 2450 5637 11793 12310 9834 12490 594 4293 10413 11218 8075 8242 490 10332 2059 2887 3518 11303 12354 525 10079 151 8427 2284 5210 7378 7776 8912 10756 229 3982 3939 8124 10929 11252 12726 2259 4011 869 2123 5862 7962 9387 800 12324 6856 12802 451 2151 6580 1106 11557 5998 8040 5898 8172 1642 12429 245 11752 1447 6428 1790 10354 11447 3947 4838 822 11538 1887 2253 1966 2077 4374 1217 4495 2496 8043 8302 3001 12504 1510 3628 6874 3217 6179 364 4828 2546 2800 4385 8282 9448 9654 1360 3420 5641 8388 5469 9912 790 7643 9006 12514 1812 5971 11868 320 4047 2055 8744 4037 10330 6830 10778 10791 7485 11121 11521 997 7853 1363 4126 5027 1859 10961 6414 7730 422 11024 12682 436 6717 883 12184 12995 4884 9611 6328 7767 1818 13294 3667 7557 10942 1434 1971 7302 7388 10064 
4239 13055 13335 
5128 5491 7675 5798 6016 6305 6708 6184 9664 1070 5580 2088 2165 7477 4113 6616 5624 8866 10570 2263 8205 9940 9370 9524 4236 10996 12953 7034 7820 11470 1927 2670 8706 6223 12557 982 6940 7152 277 10541 2902 11559 6468 11397 4743 6911 8460 6461 11042 10594 10710 2337 4788 7291 3460 12662 1461 4403 2393 4518 417 8879 1778 8692 4371 12163 4563 5334 9046 5026 6183 5546 8561 8828 9094 2989 3316 5983 10302 699 9852 1464 2595 11224 2780 12782 2405 3813 2671 11619 8721 12155 3433 8544 4774 7191 6229 7815 4375 12665 258 9763 498 9477 11181 11902 2689 3178 11294 5582 5696 8422 6464 9581 7363 11951 1551 11571 11962 815 11544 6052 12689 7740 10030 3435 12338 3742 5246 12531 1331 9487 12660 1219 9367 7207 10743 3717 12816 2762 4496 3739 10838 12124 4205 5100 5618 1459 1699 5071 8987 128 10730 2675 12156 2857 4281 7682 5632 7226 1594 2616 7814 6149 9806 518 3720 5775 7038 12447 4273 5016 5540 7834 1187 2580 3673 8394 11140 1562 7427 13304 5967 7690 10607 11948 333 3906 8202 10537 10830 12445 8450 8506 9605 11918 437 11335 1824 5638 5942 10198 10729 736 12741 8263 9588 2966 10311 4286 4857 7727 9364 2831 13489 1582 7144 13520 1644 10711 2564 11708 5279 12109 1851 7161 3364 6681 7307 12241 3047 10408 11471 2190 7382 682 3035 8006 1604 2396 13264 1146 7693 11779 12238 13374 4987 9190 10626 12998 1829 7821 2340 6474 10949 9256 11862 3749 12752 35 8223 6960 11803 2333 13390 4717 6055 11898 1549 5495 7400 2801 6973 1462 9361 9225 9507 4046 12963 2726 4602 12833 7960 12674 2737 13207 4028 6909 10110 5311 6656 3018 13521 1756 10261 788 11700 2389 3803 6912 156 8820 4209 13161 6322 7345 4068 4194 9562 6360 7432 7967 9112 7772 9257 3777 5866 9486 6844 12417 12134 12795 3643 5411 5315 12090 1071 1601 9116 4105 4270 4793 7135 9547 10377 8490 9215 2607 4447 7836 9347 4024 11207 12703 6785 7222 13474 5006 6222 13357 7588 12717 4023 11637 7182 7553 5531 12273 14 4856 9393 10222 12856 
435 1035 11375 3790 5407 4163 9107 6118 6501 1085 3158 10153 1486 7679 2359 11123 3399 7806 191 7465 21 536 10248 598 11183 629 7807 4310 9287 10794 780 7334 9711 884 2370 2463 9249 2417 5179 2855 5168 6563 12560 7017 8015 2628 5248 3959 10262 2822 4739 6996 8157 34 146 2784 11125 8542 11444 773 6426 8630 5316 12264 1285 6080 10321 12622 1698 2205 3210 8274 4201 9799 1618 7576 4601 8154 4153 5028 6482 634 8724 12064 12280 1163 7845 1889 9933 7554 8407 2067 8041 427 4366 5117 8891 9864 895 2673 3335 5489 4896 10775 5172 7398 6023 11968 2750 10081 11111 11169 2615 3684 1590 6399 3181 3432 3491 12162 10139 12584 7219 8184 10040 10889 1380 2592 5083 11606 12102 1798 3692 5934 6535 2051 11766 3978 4476 1934 6320 11219 392 5317 4925 10346 4841 7738 282 5599 4444 4462 418 1744 6797 958 2268 3438 9194 2761 4629 500 1390 3425 12450 3477 6635 930 5196 6151 3629 6499 1733 7528 1480 8257 327 8275 10576 3170 10416 3651 3955 2729 10409 7393 8386 2130 3025 10943 973 8475 396 1448 8849 8151 11965 4203 11743 1274 6370 1201 2384 3360 7175 8860 9259 3844 12492 6243 6369 8130 9657 1985 3828 5209 9881 10065 914 964 9240 3209 3893 8616 3010 3884 1417 6531 8110 4978 9824 4357 12605 1266 10708 10403 11337 6191 12352 11260 11996 3656 7211 10235 11529 1868 3597 8251 12362 1304 1523 4135 10058 1928 8451 1309 9258 6936 7710 11750 768 11047 9315 12355 5233 9894 4500 6902 4279 6090 7396 8619 10733 10072 11524 10185 10752 9229 10546 6291 10790 1344 5387 280 3953 10313 11424 4354 12470 11080 12797 4128 4890 253 4631 12421 1436 2096 7688 10338 1011 8492 3589 7156 1506 3804 4787 5204 7671 529 1389 1401 6036 8717 11160 2368 10199 6777 10220 6413 7340 4864 8887 12411 1874 6846 8941 8973 3326 11456 3842 4967 175 11480 1425 10935 952 6842 12558 2272 11664 2566 3591 9445 9551 2574 5244 4773 5870 6558 7760 5728 9346 8412 11792 3200 8538 3459 11603 12256 2557 3213 8618 227 4721 1595 1946 9737 2619 7479 9176 12350 5037 8552 166 6001 7801 10041 624 4957 375 5799 1065 9250 11479 1861 5853 9203 2445 11079 4405 6180 1907 2241 9761 2331 11817 939 10150 12120 13070 2127 4753 3972 5007 5811 8636 524 12723 1107 11248 22 260 2952 8703 1298 5448 4859 6040 10138 7332 12073 8560 8659 3283 4565 12297 918 12497 7179 8555 6285 9141 1770 7562 11656 12154 2632 9848 4969 9234 5642 8508 13131 1622 1972 1497 8530 12188 12677 6530 10277 4929 10445 5096 5501 9598 9621 
4547 
1633 11070 862 3807 5670 4912 7951 9206 11658 1152 7106 10224 838 12459 12651 2690 7428 4843 12512 9785 12474 11318 11889 4145 4706 7869 6995 10766 2682 8783 7423 11346 5171 9960 1184 9475 1998 2751 6692 8949 10132 10177 11462 3878 10212 1299 5842 2347 6904 4522 8924 652 2707 2425 10953 9425 11493 1443 1722 4463 5939 5895 9148 1826 4994 2662 6664 7195 9226 2552 5255 7564 3792 7835 5548 9819 3961 9608 9278 9783 4003 11325 4598 6133 8733 5532 9845 154 5562 5537 12541 9322 12700 8060 11020 1267 4466 1108 7046 4811 10007 2908 9795 11722 9055 10878 286 2266 2312 4459 5385 7420 6601 10686 1952 3175 2901 5697 1537 7444 10964 4204 6584 7648 8751 10411 8614 12505 9397 9836 9600 9775 2026 5084 3443 10254 4713 10502 5066 5711 9639 1740 11049 5051 5410 5897 10092 4937 5626 7664 12329 6522 11872 234 10913 12798 2852 5956 6679 8527 8294 11921 3169 10470 4345 9217 7198 7719 10699 4397 5963 6843 9948 6085 8932 10951 12203 11972 12258 572 3716 9528 4510 5564 732 7445 2327 10637 4104 6629 1513 5359 6561 9543 1121 10660 4655 11413 1439 3525 3743 3988 7101 10060 1598 2366 4873 4851 10552 6441 9591 2622 3079 5145 12707 5319 7652 11406 3750 11539 2326 2774 4555 12655 3579 5754 6941 828 1142 3645 5762 9929 7677 10873 5045 9381 767 7011 6319 11197 4898 9324 5234 12478 1308 2545 3721 7505 8341 9974 1277 12300 9478 9937 4747 12041 4604 12891 929 5899 7333 11566 1532 2118 4290 7928 8061 9841 13132 5948 9435 6436 6467 447 3859 12067 8313 8756 8696 9618 3793 5485 9033 3510 4478 8805 9160 9829 4224 6639 2618 4990 2650 6961 11904 2967 7542 44 9708 2714 6979 4852 11976 10847 11520 558 4903 1411 3552 1208 11097 2934 8514 4962 6520 1785 7100 5927 9253 94 12603 1265 6020 7275 11824 1182 10297 11164 3289 3876 2843 4791 9814 6699 9954 358 9580 2482 11261 8482 10512 7078 12331 3819 12739 5569 11445 8295 10165 9180 12718 1530 1588 8078 10095 11007 5465 8602 5658 5903 5286 6508 10399 12562 904 7559 9735 10015 555 11534 1055 8021 5261 8808 8874 7131 9714 11133 12296 3821 8281 318 11997 13134 7955 8498 3655 11839 1204 7406 4732 9546 4963 10182 9698 13251 1520 7202 8666 9042 2037 3504 3899 10969 11901 5194 8023 2010 10242 10605 5058 6938 854 4067 9109 9251 10991 
4649 
4782 
4815 
547 3814 661 9624 2400 2858 10189 4770 6730 6887 8030 2223 12733 8362 10263 332 8605 10736 4968 6205 6451 6884 7938 9093 3479 11836 465 4512 13329 10859 11117 13150 1352 12130 194 1661 4593 1123 2860 4009 9604 6294 9498 3706 12112 860 989 6597 5761 9628 11995 12532 6027 9303 4926 10536 12480 2641 12033 12500 3082 11910 2890 3718 6817 8010 6225 8393 6338 6409 11721 3770 10603 304 4789 2144 9502 9556 1340 10475 2200 11552 6374 11388 6835 8004 5635 10343 3752 5310 4982 10877 12056 1386 6094 10001 11053 13159 3279 12685 13340 4571 6416 9671 10945 12801 1273 8904 12934 1565 8752 9309 6906 13311 1470 12510 3313 9327 10213 12228 4131 13539 681 10869 808 4923 480 11301 3785 5292 1051 10240 9014 12587 1560 2188 10465 595 7117 610 9265 484 8764 1300 2999 7071 1910 7304 2866 11421 7749 8458 4509 10052 2143 11022 2273 5029 4086 8835 9184 5146 9565 2301 4621 5673 12385 6823 10737 4320 9199 9793 3011 9489 1297 4895 5399 10013 2911 6150 8570 1172 1703 3756 4070 8165 10020 8028 10326 12084 886 5290 8011 8712 10022 926 8650 1149 5151 8950 9049 10571 10855 11013 12625 3585 3882 6475 11401 561 9514 12984 3929 8718 1420 4012 3733 6728 10073 7173 13358 8024 13000 88 10472 5080 5954 3121 6093 406 2365 3918 4327 4966 7888 5270 12683 663 9371 2914 5456 3861 4091 1286 1502 9067 2937 6100 1178 4033 9685 4742 11005 12649 12818 2674 5444 5394 9854 6226 12600 7080 11694 3877 8044 10141 10173 5779 7228 626 11358 3077 8233 3870 7775 10542 2602 4889 1637 4935 2864 5773 12002 6357 7924 6772 7086 7722 3157 8284 1073 4488 11128 208 6543 6746 133 3962 2117 7758 3465 4379 8601 6316 9267 7290 7759 8791 9773 4041 11021 2941 7370 5665 8365 6538 12389 13291 6545 11551 11593 7593 8647 6802 9518 9426 12035 8022 8931 3979 12546 7463 11064 8337 13170 1977 11629 1179 2007 11384 867 13031 6473 6718 6955 8201 6686 12399 2874 9718 7124 11145 1437 4902 3545 5437 7335 20 10068 2166 3095 7665 8381 9000 4318 6753 10194 4191 6105 5549 9270 10616 6479 7828 6857 8771 7285 10931 2946 4303 6177 4716 7405 1255 2066 1492 6123 5191 7843 1891 11305 4810 8088 7460 7558 3262 7964 10691 1092 5968 1288 4144 8283 10278 4545 12190 879 5061 677 2956 8426 4918 5390 6807 7451 9211 10350 4723 11486 10291 12212 2270 8627 4562 11193 11955 1435 2849 1578 3253 4122 9451 10135 2845 7872 9494 5372 10440 3366 7805 9319 729 791 11626 2993 8125 5492 9522 182 633 2155 6793 2260 10744 1074 1469 6412 8003 9069 7660 10834 11662 11040 12216 5464 7654 5085 12058 1242 2524 5616 6768 782 9134 217 10608 4305 5721 10397 2070 2238 7590 8786 9578 12553 2680 3323 2906 5544 11927 12148 7898 9910 2898 8700 8323 11030 11661 2414 6945 3705 9893 445 11449 3176 4955 5050 6074 6798 4026 12339 1643 12725 5181 12599 12613 2532 11279 2027 3066 2862 12327 5589 8437 8843 4468 11784 219 4492 257 3531 2278 4783 370 2323 4400 3840 10799 608 1061 4367 12779 4569 5488 10820 4714 8071 2089 3231 6268 8679 254 9271 3007 10057 5524 7241 10657 4780 9189 7650 10823 39 407 2818 1867 10227 706 11206 12194 2150 5225 5881 3357 3826 1342 5227 10025 11726 3078 9228 12121 4156 5760 10760 12054 1122 6602 3564 7877 10361 12626 2591 4872 5695 9879 7199 11563 1356 7255 8367 6112 7569 8122 11109 7623 7989 5714 8545 1694 12103 12715 2663 4727 7390 1161 8467 4344 8502 783 11577 977 9878 10074 
4997 
5063 12882 13293 
5079 12883 13009 
2353 12262 3817 6376 5102 11533 734 4115 1442 4645 4900 8160 1478 5070 5471 8067 8196 4888 5494 3744 8372 265 2883 3714 1237 8699 3701 4904 365 2568 6930 7418 4157 5177 7402 8977 9028 2672 3232 5824 6953 794 4391 9625 2250 2664 1353 10367 54 4352 1632 2844 1900 3155 4531 9640 12055 4650 10230 10886 18 4592 3072 5343 8720 2677 3894 1231 10292 2606 12168 5708 10899 5113 6757 11956 3630 10995 5137 9926 6171 11093 5122 7514 9289 5727 12066 3916 10528 11259 12551 3471 6579 5087 9665 2233 6087 5837 11835 787 3074 2201 4109 7362 4975 7150 7859 2135 3891 6550 8743 3723 9568 1082 3580 5573 8582 1246 8271 3998 11355 1511 2161 5545 12248 667 6512 10324 1727 3183 5860 6347 2413 6968 9379 9613 5694 13219 5979 9493 7221 8897 193 7440 1272 4616 10977 2232 5250 3219 9175 13535 1783 10740 10427 12081 659 13421 1139 12887 1253 3700 6668 9123 3402 9114 10315 11600 12413 8055 8730 13093 11911 12884 7909 13399 251 2243 2823 5774 1498 8768 2699 6211 4749 12244 12376 2120 6159 8204 871 11541 7116 7209 9513 11019 5457 10046 5245 13281 2531 7464 8198 12658 11719 13023 1262 4129 6571 10548 13389 1320 4461 6103 11268 11540 196 4814 48 3327 7841 12671 6534 7536 2708 9104 13239 2940 3571 8245 12757 6992 12302 4103 8687 11937 13236 9900 10499 8877 12449 1866 9372 1367 1949 1316 3812 803 6288 6813 185 5815 1693 5463 2039 2420 3090 6903 12582 2224 4519 2379 2469 2828 4407 12267 7045 8027 4330 7881 6905 8745 638 11476 
5251 
5258 
5277 13052 13220 
1185 5497 7229 12575 11129 12502 6595 11830 10166 10473 797 3913 1766 5445 7905 8830 2122 10639 3356 10412 11882 1940 4214 11359 1914 8002 8522 6253 8989 5297 8960 6760 9472 12221 7281 10818 1903 11148 464 6947 1232 3408 1189 2612 9815 1984 6993 9684 10322 5518 10122 6848 7533 11287 5103 8566 708 948 10826 5367 10683 4275 8541 4189 9816 3172 7024 11707 1990 3060 10682 11825 8252 9264 9964 12106 12170 12593 1086 4726 10629 1310 9041 9432 8086 12198 5369 6803 4831 8449 8465 8521 3270 6925 5943 7992 8425 9168 9343 205 5601 9768 12540 7385 11856 916 6627 3492 6700 5454 11152 8211 12415 8607 10384 2504 9023 543 9169 8383 9438 5572 11466 4520 6707 12781 6559 10651 8145 13127 4877 11963 2448 12318 2639 5057 2916 8676 5350 12013 12299 381 3509 453 8222 6290 12257 8 3502 4268 5405 12179 3737 6269 11360 4936 6044 9821 7493 11172 1192 1878 5990 7103 8370 5335 12763 247 6070 12143 12 8100 7786 13467 
5776 
5800 
2305 5836 
850 8739 415 3367 5298 9682 249 12195 2523 3490 7531 3186 8134 3123 5918 6792 10560 6111 10533 10941 6025 9221 7663 7726 7825 520 12088 4172 12645 704 5723 2001 8321 735 5928 11847 2551 4685 6648 11715 12403 7497 10174 11782 12311 1639 9784 7128 7316 6078 8336 1662 5892 6886 6359 9951 1629 10347 1979 2141 1806 2427 887 9301 1623 5901 6076 10727 8794 12704 297 3590 173 11728 1268 12710 7488 8658 2659 10094 10265 2183 9660 3314 4640 2138 6933 3560 12276 4765 10631 10734 4893 8029 2631 3456 4490 5397 6811 4278 7953 9809 9993 10952 4614 10627 12420 1102 7495 7504 7743 1205 2715 10244 3400 8335 11175 11588 2203 10525 3480 8792 12315 12722 5884 5914 8103 10904 9932 11000 1801 6790 7245 6684 6750 470 4795 6174 950 6244 10563 637 5153 6485 12930 3259 3682 3726 8098 11241 5169 10086 145 4769 627 1994 9471 10148 4378 10252 12955 4894 6497 11536 13118 122 8400 5468 5852 2735 7115 6383 9399 7325 11199 11457 12511 8432 13369 8214 10117 12325 12643 628 5201 8361 5784 6836 848 11299 5329 6271 2530 8456 4817 9728 11632 12476 442 12359 1519 3138 1476 9218 10827 12638 6218 13314 824 6440 5944 11114 351 405 3372 5654 11196 12263 1789 5561 905 7498 3260 7882 5869 6761 5889 12688 7515 7865 1362 10147 2444 5633 3108 5590 12076 8231 10334 4654 4871 413 2629 3781 3447 8948 4247 9622 6380 7779 2415 11609 5123 10679 7065 9428 1454 10664 3995 12202 9403 10716 9716 12673 2846 10860 11460 1731 12537 3704 7963 4660 6965 11978 293 12747 37 3004 7446 11434 6115 7546 5036 5797 11051 4176 5199 2764 5008 9770 8639 8961 1721 9616 5237 9126 6665 9050 5131 10480 1841 9207 5348 10922 6715 10358 5747 8470 2404 2431 8702 9415 9710 2809 11041 5476 10419 6084 11614 5281 6645 1180 1685 3187 10732 2768 12159 12288 5358 7013 7107 3225 4701 508 5207 7326 12139 5538 9557 4355 8018 8798 12744 215 1607 3448 8734 11991 1982 12119 79 12214 9 2106 9219 5911 5925 10783 2178 6289 6050 6098 87 4909 4021 12307 3549 8291 951 3858 10038 10591 4613 8402 987 4401 3353 11547 1559 2410 10505 10551 10611 2292 9045 2613 4125 3872 6488 3550 8317 1898 9231 9341 3499 10260 584 11523 6003 7259 1124 8127 8583 962 11231 2459 4469 6985 5289 11340 11320 11631 988 3496 9508 12572 503 3725 4168 8066 5785 12695 1566 8481 4202 4277 2207 9333 10811 12383 1398 3454 8611 2489 10813 1485 11411 2175 2509 1381 4634 6587 7662 5205 8496 9801 9895 7995 11142 7263 12100 2097 6605 2174 7399 1941 10632 2435 11430 2710 9741 7713 7854 1173 2896 5345 8908 3102 8513 1904 2047 2277 5272 5689 10500 11877 1929 3452 4227 13412 5164 13278 13285 2460 8309 9658 13372 507 798 12737 4417 8836 9909 13546 5484 13139 599 6789 13376 5805 12487 6398 12462 376 2103 3395 5609 8440 10239 2091 6939 996 2757 12233 5568 11087 4830 10764 3693 9018 167 2304 541 5519 5947 11213 2961 12268 9052 9122 10143 12386 5838 9866 4139 10687 11570 95 12721 2192 3229 7112 357 4349 1548 11999 5121 9311 1206 2339 9825 7978 9085 1404 1542 403 863 6252 
5872 13146 13490 12758 13463 
5977 12948 13426 
6145 13087 13284 
409 13181 6212 12834 12910 
6267 13512 13550 
6411 13263 13362 
6575 12917 13154 
6586 12923 13392 
6687 13407 8814 12957 13027 9561 13089 6604 11729 
6705 
6916 13077 13519 
7036 12857 13078 
7075 
7278 
7424 
7490 12839 13195 
7494 
7642 12933 13507 
7673 13334 13523 
7707 13174 13444 
7785 
8107 12868 13261 
8136 13171 12135 12966 13028 
8265 
8268 
8358 
8454 
2076 11526 4762 8588 8609 2199 10048 1076 2457 2649 2962 8171 6651 11578 2172 8978 523 2075 2589 336 12627 3373 6125 9326 8953 10617 226 2924 1315 1341 5005 5114 11113 1227 3421 6190 3226 8698 10360 2006 2416 4076 6263 3444 9709 3619 8629 4016 9032 141 9277 717 7501 7617 5730 7871 1421 7461 349 9648 8344 8608 5542 9692 1444 2244 2280 12012 1656 3343 618 2984 5034 5973 9943 12246 551 2342 13267 2841 12762 4695 6445 2667 9065 11249 6204 6238 10428 7389 9297 3933 12432 2815 5592 1863 5088 2264 10014 1545 3015 10923 7680 7744 3722 4880 3179 13186 3273 13402 906 13430 106 3960 4063 7085 8318 4078 7621 2090 3243 4644 5193 7649 8672 7810 9304 8272 12200 4530 9080 4119 11994 7315 12610 2950 13232 2648 6489 3033 4837 6082 8434 4697 7799 9241 9853 11813 998 6363 10363 3482 6432 1251 4606 5040 8226 4847 12277 5551 7609 10667 2810 10372 1458 8556 8090 10893 11702 3855 12678 4072 9142 1371 3890 4054 10998 4200 12157 586 1660 820 2734 11977 2220 3246 3857 7416 6935 8101 6801 9398 9758 10432 12545 1853 4141 12475 4180 5333 12309 12799 5686 8258 9884 12160 496 7197 4541 6041 6388 7522 10352 466 4027 4429 12489 9837 10184 11426 12699 5554 10005 5873 10959 2316 11317 218 1158 6696 4813 5769 1749 8463 6883 11769 575 10693 11883 3985 9673 10520 4551 5981 10178 6805 7352 10217 12316 3902 4308 8763 10692 11419 1284 4662 5661 7639 9602 10776 7580 10891 8366 9538 9968 10430 1800 3151 5765 1066 9917 11351 1243 9672 4464 11516 298 9558 5228 12898 7062 8661 5778 8194 6251 11775 3345 6737 6891 11095 7850 13510 1441 8269 335 581 6358 12461 5353 5575 6372 1210 10226 11895 1923 9420 2146 10777 3317 7027 7947 3193 10114 1677 11177 12396 9689 11565 5073 10633 5322 9961 11896 378 921 8558 2756 10426 2521 5238 8377 9738 8587 12636 3032 10105 5622 7827 255 2191 2900 4064 4668 4803 7153 6755 11805 1955 6852 7093 11777 5793 9467 6808 7344 7491 11982 585 2206 3638 6104 1865 7724 4241 7737 2116 7220 516 12519 7079 9378 4049 5814 4181 10728 12024 728 2493 13218 67 2049 7206 4878 9992 5339 7408 150 4356 12987 6771 8844 826 2317 13433 4465 7715 1104 5253 1715 10485 4174 11396 12027 2158 7973 3036 7556 9670 1529 3059 5327 925 2338 2502 8910 9601 719 4595 2128 10012 6698 12332 11713 11935 5520 8264 1983 4738 11860 1399 7204 4381 7647 57 559 10146 9149 11025 3760 6324 941 6247 11876 324 2324 3970 7819 11973 363 12408 9034 11418 9537 9553 3472 11770 6373 6542 5336 6963 7190 10751 10976 4291 12018 509 10464 4954 9898 7454 8901 7194 7276 6815 11027 777 5305 6592 11785 1473 11084 359 7811 945 11400 12634 1564 2198 5527 11833 2078 11543 40 8852 10739 9272 12314 80 462 5275 7598 4819 9919 468 3344 9564 1373 6013 2255 7956 1820 9404 3407 4218 4190 8922 6866 7237 2014 3437 983 4965 7094 1303 1911 8051 6198 7296 4839 11412 11180 12578 2625 6405 6633 11773 2624 3654 5291 1177 3966 5195 7475 5996 7417 9643 1747 1916 8896 10518 11820 311 12529 1526 7999 6233 8316 5748 6970 4130 9384 2915 7709 3422 3686 6086 7448 5159 12751 6667 10706 4408 10218 11815 12146 
8857 
8936 
8962 
2480 11746 6215 7634 3774 10462 967 5835 8019 10705 2763 3227 6355 5112 11657 5659 12080 1795 9963 5993 6578 3957 7279 1603 9907 7489 12784 969 7305 7787 9128 11339 7310 9390 9790 10063 671 902 1681 7721 6059 9777 83 5490 10300 7723 11826 2145 5326 4682 8846 12936 168 5094 2025 8047 3797 9312 8141 8788 1338 1630 5756 2540 4437 4075 6424 6146 10628 3997 11500 5092 6763 1697 8447 3361 6429 11285 1844 11221 1937 2440 11096 4102 6387 1235 10988 2019 10908 4069 11938 4514 7329 11646 7674 10386 2792 11906 7524 7583 10210 10610 1332 7627 2582 3751 5378 8697 342 8260 641 10948 749 5766 5976 9161 4035 5749 10284 11313 3132 12813 8957 9545 2475 12648 5421 10337 11556 124 3511 7624 11695 4370 4870 4399 5352 8529 9781 9986 1195 5148 5792 9721 3054 6012 3754 9779 779 5522 5677 8398 7039 12523 3740 8731 5606 5651 11029 12199 4229 10671 7603 9707 6185 12034 12128 1010 2747 10370 1786 10225 12229 2300 7092 3649 7216 6982 8778 4689 9269 5002 10529 533 4766 3483 6878 11243 1659 8378 10099 8356 9299 2092 9499 3238 8013 877 10298 3311 7686 7154 8869 8816 9280 3517 3548 6327 9030 2276 12065 6557 9336 1014 10599 2709 8421 6818 9626 493 7252 4240 10906 278 9391 12729 6 13459 1333 10160 4441 12962 1428 4146 3197 10257 12809 111 2184 9204 5565 12434 416 3732 6134 6256 4110 8128 6716 12508 12791 4074 6154 8238 8080 12686 5828 8417 12303 5682 10003 1276 1400 9797 2626 11409 720 3901 4507 10093 6420 6847 2587 4455 5089 11033 5415 10067 2094 2905 2837 8892 3887 12165 4733 11291 12579 8464 13356 2665 2856 5600 7484 242 8235 149 3639 6806 4095 4304 10084 12149 12365 2168 7473 1839 4398 8387 8640 13051 1413 13123 2350 3129 1126 4687 6457 4341 12570 3964 9807 13515 2697 10524 6907 10096 47 1666 4504 4792 11703 100 5173 8330 2061 11441 1848 3358 1585 2441 3142 4794 10202 9535 11298 1045 10673 489 2181 6525 11376 7927 12755 11654 13310 2923 9630 4301 6444 4123 8346 8485 5202 6628 13056 5970 7539 12886 3586 4210 1597 3934 8540 2293 4824 7217 10482 3927 7394 5404 12543 6353 9091 3149 9035 9191 10898 4482 7052 4984 10972 9088 10159 7513 10431 11747 11854 4044 4187 859 9554 368 1690 3806 3612 12026 2938 6869 9817 10251 10630 7127 9739 8528 10233 1135 2022 12019 3196 12061 10050 11919 7374 10884 3780 9947 3833 10353 3561 7625 10835 12771 4630 7014 8305 11931 9732 10715 1825 9931 3258 4060 9485 12384 4822 10714 2042 8087 10489 12458 326 8841 3765 7141 7986 4039 4981 11748 78 4419 2246 8326 3805 7705 7847 10078 469 1245 4907 5192 668 9040 4467 6241 6469 10638 2325 12215 1779 3048 3242 5105 5997 1658 2594 3312 6670 3164 6042 9583 8197 8385 4448 8827 7798 11669 5920 11812 5660 9823 2380 9724 11288 377 991 7309 6653 9462 2310 11778 12137 2113 7366 2148 7657 697 3099 12598 6293 6521 3319 7926 9623 12185 1467 7072 11055 3106 4849 4276 11801 5265 6073 764 12727 6329 13477 
9047 13183 13275 
1026 1653 5500 10535 1012 12114 3206 6216 10613 1919 3039 428 8643 10556 11106 11958 1156 8135 1508 2854 12679 3237 4928 2600 4081 9473 10359 4768 9009 4867 5759 6262 6566 7407 9063 4213 8094 6393 10914 11297 12561 273 9296 2313 7832 8571 2247 7602 4930 6312 8379 2409 11432 12269 583 2212 4874 11163 4933 6217 46 11781 62 7070 10325 4722 5115 7793 5717 8343 3824 4001 10672 3931 6929 5452 11348 9774 11822 743 1432 2083 3835 7954 485 5388 2567 4643 7742 9201 454 12166 101 11083 974 1077 3942 7868 8845 1518 6384 6335 10890 2522 12126 187 920 10447 5910 10978 6153 8169 1293 10702 3883 12178 3228 6964 11610 7890 11098 12016 4705 7347 5368 10930 3775 4002 2696 4807 8259 11756 10612 10920 6261 12544 10513 12021 11545 11834 1608 6340 10304 11988 1541 11110 4007 7192 8032 11216 5817 12030 6956 12684 9061 12565 9803 10341 2038 11239 2991 4155 10881 6166 9882 3173 12664 7170 10772 30 472 592 1117 4692 6367 8185 8215 10319 10758 1728 7185 11250 12328 
1627 12890 2979 13361 1939 13347 360 12893 9155 13266 
2095 2653 12284 2826 6193 6511 7563 9344 6678 9629 1008 9351 4781 8971 3954 7244 1854 2194 9687 3647 11398 6155 9596 7200 8986 5757 10017 11598 549 10369 3212 3741 1741 6751 9504 5975 10857 12496 8173 10641 4457 7597 9016 9174 12225 2473 4196 7134 9276 2909 8416 4534 8826 7042 10498 5363 8691 4528 11089 1479 12631 5118 11733 3098 4317 5771 10362 12186 747 7149 7972 11372 1819 6867 12378 4269 8298 10602 12521 6323 6704 10249 11701 1864 5273 7906 5441 5583 5974 6326 7985 1894 1975 33 3222 12182 1902 11166 9037 11909 1572 10649 3677 7064 5511 8455 12800 483 8420 1193 11209 11329 2442 8322 2601 4324 6438 810 3968 2881 9523 3593 9474 383 2995 3885 6641 9567 2733 7102 727 10047 5226 11568 1883 6554 11634 5252 10526 1650 8750 303 3707 8182 11712 5987 9375 2105 5888 2411 9497 6528 9652 1134 6977 8694 9053 759 6690 9544 1038 3143 4561 5886 8802 12853 569 3984 7691 3376 9263 10333 6402 9261 9571 6709 8142 3294 5801 10134 3576 3976 2053 11880 4193 8813 11012 369 6625 2644 5293 1691 6928 1339 6310 6788 2254 3569 12812 900 8152 6606 8404 6838 12381 1504 4491 6427 1406 2781 8114 2499 5267 5462 7339 2478 7899 9133 3137 10690 5585 12793 4637 9659 9875 1079 3449 8208 9414 2891 11332 4836 5162 9173 11008 9416 10843 965 3983 4665 9944 8063 9548 10849 2033 7105 12672 11922 12748 73 1875 382 3133 9869 4493 6868 8883 9680 10861 8997 10926 10011 10310 4751 10572 8646 9857 11899 6821 11717 1505 4364 1615 11940 4737 12172 3690 5282 9532 2964 6865 12694 2997 7375 11326 4597 10614 1571 9411 3451 9965 6814 9526 10027 6194 8876 7616 10999 10034 11228 8526 11531 
3107 9563 13260 13408 
9570 
9585 
179 13115 1 12969 807 13365 8633 9700 13541 
9871 
9915 
1584 13265 9170 10036 411 13506 13552 
10219 
439 13431 10327 13403 13554 
10395 13197 13380 
5356 10407 
10510 12975 13107 
10618 
3795 4667 517 7681 12097 317 8163 2328 7795 4539 5332 12237 1374 1767 13543 3500 13336 11065 13141 4090 13114 3453 12777 13215 5223 6910 10188 10781 2516 10577 5355 6637 6646 11686 1000 4809 11788 171 3426 5099 6759 7308 11232 5768 10268 3488 6864 11225 13479 1857 12077 12370 578 2152 5593 11312 252 5013 10578 220 5666 6068 8727 12043 3909 8444 9060 10934 9872 11749 2397 5644 8806 431 4353 9182 6756 10888 13166 13189 6022 11581 1463 1655 10880 1729 2265 3800 6113 6493 11289 8368 9752 12506 81 1706 10851 660 1314 7434 3031 4999 7188 10420 2593 6630 4554 6674 7826 134 4329 3820 8009 1471 8807 8229 9348 309 5044 6307 4050 12641 455 648 4340 1279 1624 2703 4282 5740 4219 6871 7550 8351 8478 3105 9925 10833 11101 366 4763 12819 13398 9839 9859 13106 7870 11367 9108 10155 6908 10774 13104 1392 5512 2802 6689 8423 10874 11679 1667 5992 12479 899 8546 10550 2738 10494 7530 10817 11527 6972 9143 5077 7875 9279 10780 165 8998 2229 11946 5362 8593 3562 9636 6430 10203 564 4446 1638 6026 3526 5902 8034 10659 1278 4254 1527 1932 2303 2235 11672 2377 4633 7837 8180 9764 1343 8968 3091 6697 7791 1060 3136 4497 7323 8543 1876 2391 1023 6779 6039 11859 1692 11345 855 10246 3811 4337 5022 10032 2867 11735 225 2182 7426 9744 10381 12743 2840 10136 12209 3247 12040 4089 8735 6500 7264 12398 2495 7328 2604 9421 4728 6731 5729 8115 1961 3915 3040 10567 2288 5309 8052 314 6364 5744 12745 1712 10927 8331 9290 7469 11832 7626 12944 1688 2230 13564 806 7802 12211 4351 8174 4758 5536 2020 9759 10786 805 8439 3532 10275 76 611 2093 12513 1669 9345 4648 7764 7438 9480 1553 4947 2354 8747 3061 3566 4368 3340 6060 8797 1557 9103 857 6948 1704 11942 6573 10206 2684 11670 2872 12526 2958 6476 654 4436 9097 4584 6724 10204 4526 10238 7277 11528 5314 8970 2838 8363 5135 8804 960 2153 7739 9096 2349 3267 9800 4731 11120 3369 5247 714 9826 3120 10545 3524 6754 10107 4688 7984 5955 9330 7858 7981 2179 10840 2388 2748 10947 5645 9058 4390 7678 7844 10653 5184 10755 2018 12270 11 1943 12697 2824 3110 5863 12493 2563 4101 11257 4034 7213 3836 12788 898 3028 873 12005 2195 9188 4960 7155 2739 7734 7864 10903 955 12728 9468 12272 5170 10742 12742 
10970 
11001 
11063 
11131 
1657 9914 2753 8446 9789 4185 4359 8093 10267 1980 9156 8419 11676 4284 8729 6471 11044 1282 5504 5672 7685 8431 11234 4014 9452 7507 8357 1166 5737 8898 12484 12761 1115 10129 10648 10966 2970 12404 230 6509 1745 6919 11709 3648 11871 387 665 8442 4220 10021 5788 7917 7364 8631 2637 6057 5598 7750 9903 11816 389 10645 721 1742 11062 1591 10619 1317 4521 9863 399 3969 11842 4265 6937 5767 11546 1540 3644 4477 12466 9244 12942 10201 11037 7171 8942 425 4953 3860 8095 9001 120 11874 2362 2907 4581 6018 643 11651 1490 1716 1764 4615 6124 9645 3370 6236 8099 11807 1249 9295 5789 6897 11491 189 2406 10773 2035 11018 11201 11683 12794 4043 6287 3044 12639 356 414 11272 4845 8266 8504 2381 3727 2730 6702 12001 12516 3848 5288 1563 2068 8466 9185 10459 12045 3053 3661 9454 6434 10295 702 4226 5750 4502 12174 3334 5668 4178 4206 1159 3865 3678 11187 10137 12567 135 4430 10894 11431 591 9782 1852 12712 1040 5777 3513 4316 6107 6577 6038 10229 725 1791 8723 2847 12576 11640 11751 11926 1301 2490 4901 7324 10045 6974 8847 4211 9205 5346 9359 58 7151 3772 12740 5839 11002 1334 2114 2294 2596 5307 3144 6583 3009 3695 12448 2461 3904 6551 11369 7110 11980 7824 8045 11254 12483 542 7499 740 1200 7280 2028 4741 853 9262 3250 11772 6423 6834 8253 8754 3135 3159 10689 1816 12341 305 10858 11587 499 1346 2186 3928 10539 565 9424 269 4548 2249 8854 4307 5214 7030 5443 7471 476 1579 7177 10956 3461 10131 10981 11608 3165 7066 1535 8557 10216 164 8738 319 9521 1081 4300 4535 12204 837 3094 2239 4603 7138 7620 4611 7838 307 10266 6576 10722 11124 11943 3910 5938 6446 9328 10000 102 11595 25 3845 3363 7319 5864 12176 7979 8501 6301 7867 10814 1099 5182 3903 6673 5442 7300 4192 4212 7327 9981 11314 11675 11837 3085 9697 5124 5843 2888 5147 5922 7525 12227 4661 7029 3862 9466 5612 6574 6490 10709 11011 12093 2918 11755 2986 3244 7096 10769 792 5577 13455 1145 3114 2436 4019 1120 13244 1720 6188 8375 5594 9668 2472 6513 17 4040 5126 9957 9701 12136 574 10400 4939 7884 398 6725 3371 3588 3080 8270 3620 12849 13563 6570 6743 4566 8655 1209 3949 5360 6386 10433 10456 1422 3602 7035 2149 12652 1503 6345 12960 5615 5791 7610 10477 11057 2765 8488 3679 8209 8870 7437 10527 4821 11723 51 371 5313 9579 954 4298 3514 8969 12051 4607 10911 604 5347 5851 8471 158 6129 11971 5758 8864 6046 12169 4802 7392 274 2817 7969 616 6368 10128 831 4004 8327 11599 1220 4590 12008 271 7959 7699 10087 9008 11417 539 6207 1752 9135 8559 12780 3688 4905 3738 6517 4862 7468 3599 7839 10842 11134 2583 2875 2694 2973 11993 2879 2947 2771 7253 1921 7224 216 6618 11464 1248 11515 
703 901 878 4579 4934 1075 6465 4266 8039 9307 9331 11135 12037 9227 10274 3880 4625 9990 492 1960 211 12642 1640 2418 7458 8681 10675 2789 3341 10707 3458 3778 3570 10451 5268 9921 4568 10797 11034 11290 1938 4827 6660 7063 7203 5156 9431 3075 7126 673 8925 13 1899 1936 2998 3097 4321 12629 7189 7697 473 1869 1154 3131 1976 9102 3160 8443 438 11103 1803 2471 6889 5068 12234 5940 12438 7148 8026 1612 6816 12457 343 3109 3287 7582 1164 10356 799 3383 5596 12754 256 2452 7519 9619 603 11912 1053 1091 7068 3263 3847 10515 2289 8578 3096 4961 10208 5813 8143 1954 4576 11849 12552 2287 3026 7783 11579 5158 7919 3660 7130 3697 11262 5691 12564 5403 12279 821 6138 2508 10784 3153 4000 9491 10250 238 11495 3476 5460 7109 9232 1083 1521 851 1835 6529 7274 347 2423 3521 6608 9237 2279 3293 1024 3342 4677 4572 8429 24 8974 5923 11328 3734 12283 11699 12654 1951 10010 5098 9298 6152 8803 11613 10154 11391 7129 9292 10872 11333 137 11745 5449 7330 10540 625 7301 8982 3653 3900 9923 12222 4217 9402 12559 522 3211 9247 2609 4494 5753 7765 8613 11887 8947 12345 299 2525 8059 7612 12070 3922 5703 8610 11633 2071 7261 2931 3184 3892 2976 9991 1886 10171 7596 8688 4183 9899 1013 8031 3112 3624 5699 12364 739 4238 7210 12811 2804 4414 11077 2610 4767 5704 1408 4882 8634 3201 4402 6126 7669 6894 11275 1799 2367 3594 6032 5712 10196 7790 9678 3663 7777 12395 2437 9400 9413 266 1965 9368 10745 10056 10668 10979 2245 6899 2633 9762 1475 2269 2903 9285 10422 550 3936 9913 10349 5220 11319 5382 11127 8547 11468 11282 12368 1069 1915 3636 5487 5432 5900 7212 10039 1625 7952 4058 8016 9509 6819 12618 664 2295 1920 7016 110 4638 6516 4165 7368 7876 8192 1311 8875 5535 9323 10125 11505 5386 6810 8037 11220 1924 4093 4589 5017 172 10438 475 9015 3280 5389 5764 8083 6873 7123 11622 7386 8064 116 1645 11451 2791 9090 4600 8905 2814 5752 5905 11786 3299 3436 6099 10844 9238 9746 3523 7768 6030 11463 3713 11879 12380 109 924 2464 197 6931 5132 12719 
7412 7449 12701 4700 9208 10340 3224 10579 1062 4173 3937 4207 7287 3286 9120 1098 4481 6333 7816 4486 8590 6898 6971 4777 7769 5949 9704 6053 7812 12083 9193 11673 11739 4092 10121 8324 8913 1028 6734 11561 7614 10928 448 6282 1879 9855 5081 10467 5733 10488 1794 4396 953 1780 10848 4285 4289 8081 4480 5078 5810 10712 4720 10700 3427 4693 7000 9087 204 11848 7186 8789 9690 330 6331 8851 7589 9846 5706 7851 11774 12785 61 5482 115 1834 3747 12295 4543 8408 5257 10975 11718 13344 1593 8577 294 3152 3430 840 10583 3218 5417 8568 8168 8187 3276 4319 9105 5802 6740 9275 6671 8934 10589 12158 2449 10123 9025 12730 1568 3377 13351 2929 12691 3125 4740 8097 6870 11488 852 11452 1995 7581 2221 8686 922 12294 1007 9827 9958 11490 3051 10444 10865 1925 8834 3405 6555 8117 9162 7295 11075 1897 6477 9294 10681 2537 11258 7592 8709 7717 11158 43 9172 7874 9405 4228 12623 2656 4312 4452 5038 6872 6983 7239 1271 11652 13288 5681 12078 3676 9649 10800 2054 11059 3431 3542 2759 7193 571 12491 355 1809 5166 11741 12440 8333 11827 6005 11481 3177 8923 10144 4750 11990 
11649 
5952 13270 2590 11143 3816 13022 13345 9137 13083 13475 11933 12858 7166 11659 11684 12916 13529 
5180 11671 12536 1151 6691 202 12091 10191 10674 12764 390 394 6483 6849 4875 8167 6278 7442 11504 1674 6944 10503 2281 2702 4260 12569 321 7784 8193 1009 8285 5260 11966 5127 11730 1039 9192 1684 12094 12105 434 7578 8239 2000 2057 3118 5106 3249 12746 5197 8519 3650 5745 8622 6638 9802 7470 11046 3577 11554 6620 8993 11767 10187 12589 596 9437 7003 8102 276 1573 4431 9282 1433 4272 5446 5069 5931 4362 10523 5000 6923 3568 9994 4443 8177 12401 3146 6273 5418 9078 2635 10983 5780 7306 7971 6381 11237 6170 11936 85 1524 5980 6858 8276 985 5337 10940 397 11639 1491 11576 2972 4296 1501 6299 10042 1620 8296 5174 7983 1896 5321 11139 12601 2308 8623 285 7761 11757 11811 7431 8360 263 11244 1581 1654 11511 5235 6676 6325 8755 237 6418 8139 10255 1634 2069 7496 10490 2562 4663 1347 7936 10287 10916 8342 11573 9729 10458 1668 2880 2926 8680 11116 2029 4346 10506 7272 12482 7355 10368 1813 10726 11725 2129 11753 881 4361 2549 8665 1583 11893 5344 6880 6567 11402 8624 11783 1775 2948 5186 7891 9129 10882 1856 2953 2723 6913 2542 2910 3965 3971 6131 7658 8684 11925 2538 3615 2009 4797 6778 5023 12082 758 11638 963 10024 3948 7139 412 6065 10053 7746 11217 1707 7988 3442 7180 10256 12693 459 2760 1207 4860 214 6382 2686 9847 3351 10247 5431 11569 6019 6496 1376 5541 2535 4673 3851 6189 11711 2505 12498 1194 4599 1241 12060 4710 11852 2099 7809 8581 2321 8509 9760 1671 8660 2346 5932 2775 8191 8118 12720 10704 11731 12253 267 2758 9127 6920 8515 4942 5725 9101 6158 7043 1191 9766 10531 4679 5224 1354 8533 9268 2554 7143 1395 3834 2142 2978 3689 4881 8433 11425 9584 12127 5274 7356 1424 1651 10701 6949 12308 1103 12769 5558 5739 1905 3057 1732 4161 3126 8900 1901 10097 11076 2698 8008 5671 9242 9749 9831 1827 8871 6437 11078 5435 8715 7076 11663 
11780 
501 817 2356 7090 12439 2553 7684 186 1350 3993 4332 10414 12177 13522 5370 5375 6845 7462 6859 7645 13556 1162 5640 10301 6989 12414 6303 7262 12150 13108 13182 8406 8825 11251 13004 1774 12807 4715 13322 8728 10749 1385 9810 2227 6378 7033 6091 7049 7957 10280 3758 13289 7321 7831 9838 3958 4416 4549 6265 9920 11178 3874 9158 2706 12611 11205 12981 329 6714 1131 9862 9163 10126 2335 3081 11269 3439 6081 6855 10738 2426 8689 10069 10142 10285 3182 11537 9316 13400 3012 11624 12393 8207 12488 1236 3573 6504 10962 2374 9010 11819 5909 12363 2344 4801 7414 7670 1847 8494 3938 4850 5373 11555 6257 8741 6820 9310 1426 2797 12397 2744 11519 12456 3419 3535 11762 5010 11987 5024 7780 8176 8183 313 11192 8120 9593 210 10461 4829 12690 2283 5908 5656 6723 2392 6237 11154 940 2556 8554 11316 12616 7842 8809 6000 9582 5829 12937 12991 8651 12145 2712 7781 775 13312 13353 3923 4823 3428 12390 13326 1218 13003 3148 5047 3917 5587 2408 4334 4045 12180 2373 3380 9024 1701 10401 4283 12696 1580 11706 3823 8853 13290 4338 6494 4546 6128 849 5021 1238 5104 13492 5427 7383 8349 12633 4508 8000 6582 8685 159 12344 9235 11660 31 4853 4215 12205 3712 4120 9068 676 5724 6221 8445 1507 9999 2661 11108 
12193 
12245 
12346 
12351 13043 13130 
12377 
235 2256 10335 10792 2110 4694 11322 6284 9495 825 11364 2578 5430 6071 7517 11947 1678 10853 10984 4499 4537 5819 4759 8410 10565 11122 367 4433 819 1962 9447 10443 1261 1589 6590 2848 8927 1361 4036 4917 8280 5528 5782 13363 1015 8414 4513 6210 5222 10487 2399 12038 513 2274 2640 3533 12117 4691 6553 1391 5384 8574 7849 12766 7298 11840 579 6172 1679 6926 678 5160 530 8179 814 9369 4671 11210 928 1269 4288 6572 7606 463 7866 2048 10273 6647 10587 4343 8487 903 1364 10478 3956 7547 2319 12057 2620 4242 1947 7683 4042 4527 756 2942 861 4360 5161 9054 11185 11370 3198 12644 1291 9952 1536 10106 2012 10071 4636 7466 10787 8012 13558 2912 3671 1140 5742 10161 10581 11601 8314 12032 6092 12549 9157 13192 11979 12524 3195 12254 8497 9850 9922 8725 13151 4804 8967 10554 1993 10387 11960 2520 9667 6710 12129 11697 12661 4071 9904 7268 7452 3084 7949 8104 195 1165 5503 6439 8138 7019 10871 1157 1957 6419 3528 4392 331 866 1446 3410 502 1918 9366 281 709 8292 9444 2795 12336 65 3063 4170 6167 4094 4681 6024 7481 8564 1970 6196 2163 2992 6102 11118 6619 8106 9555 11443 4608 5663 1449 3056 3257 494 4394 11157 1664 13088 3248 5271 5690 7672 6361 10423 8668 12985 5994 8906 23 4083 13148 2827 11273 4323 5505 4406 8563 1724 10051 1619 11104 395 11829 2320 6119 10803 10862 2487 10026 10090 1793 1967 2770 5323 8770 11501 4626 10980 5698 7700 6200 11483 3759 9476 11617 2226 3683 9529 12772 4085 5845 796 8716 9179 843 10328 2969 12702 2548 7031 2360 3446 3771 8777 3265 5304 2147 7164 5393 7181 7348 9130 2968 5294 231 6721 617 1675 8369 4111 11636 1155 11410 2870 5875 11575 4844 10852 11509 846 979 1068 3065 9889 8148 9152 7354 9166 11067 9620 10806 897 6054 6885 6266 11363 233 9026 2711 5831 6385 12175 2023 8224 4760 6781 8401 8954 2481 8042 3748 5617 9674 9868 563 6239 7725 6552 6596 9883 11612 7098 9603 7157 11085 12428 5969 9612 9887 178 7028 7661 8329 9930 8190 11349 12015 12141 4775 7419 9736 12260 213 12290 1263 11666 2932 11941 6224 12528 3014 3236 3266 1183 2736 5239 2793 11246 3559 6010 6505 7022 11589 2850 5474 1489 9019 7322 7397 7250 10269 11737 6280 8917 12670 1981 2109 3336 12583 5841 8334 3592 3782 4911 12360 1739 9512 6075 6109 3989 10909 11794 1877 12416 6300 7762 3786 8315 3235 4678 1215 5620 1306 5466 6492 8674 8759 844 1546 7741 8409 2498 11616 3255 6021 4415 7733 3764 9178 1570 5885 5957 9044 3815 4696 6900 7201 7568 9860 8548 10892 8479 10902 669 5621 11186 9757 11211 6827 12357 296 1186 8663 7731 11574 11010 12667 744 3398 4259 11869 514 9754 9483 12503 4664 6612 6924 11678 12144 2796 5075 7073 1514 2825 6004 10661 8206 8641 
12542 12861 13513 
12554 13099 13480 
12580 
8981 12656 
751 4025 5857 9655 2299 8591 7057 8776 786 8944 1088 5623 1797 12711 3329 8320 1240 8129 10223 12538 3 990 7145 3188 12252 7584 9812 4134 12796 362 9796 2705 5498 8617 4243 8225 12465 636 11015 478 8862 2666 9828 4386 5091 737 8480 1369 8072 8483 11090 1592 4711 8858 1211 8758 11768 5953 11389 1997 11535 5878 10987 5945 6796 2156 8749 8014 12577 6220 8995 11045 1044 2345 11564 11590 157 12680 1318 1689 10207 2369 7751 4182 9748 119 2407 4524 11156 4575 10481 7367 10435 833 4989 6922 3866 5374 8878 10559 10623 5893 12621 3230 10211 2517 8293 3401 7169 7766 11917 2159 12770 13057 653 9106 6611 9140 10376 4517 9950 11353 701 3546 5109 10309 4380 4409 5941 1202 5264 5951 7286 5371 7778 1175 8999 1244 5674 10460 12007 4580 6621 10336 9549 11790 858 4647 2728 6341 3507 6959 12535 12714 1275 7240 8645 11572 12207 919 11138 10680 12053 60 11283 11696 538 4529 12734 8958 10434 5163 7058 9340 8669 12444 3986 12071 2355 4646 2922 11198 3503 7435 5052 13040 566 10829 10917 12586 12928 2812 5579 9941 4683 6997 4251 11823 7032 12571 2597 12473 1213 7283 7535 5877 12147 3162 8049 908 9533 3768 10317 6147 13364 3271 9552 12133 2394 9750 2497 8017 4237 8116 4030 6234 10374 10634 11920 4133 4674 9209 1147 9984 2470 3567 6549 5219 12337 9066 11586 1673 12999 1484 11914 12452 13325 323 11227 5376 5419 199 2719 423 12372 2981 7656 1944 5602 2242 8868 12790 11061 12287 4393 9216 12118 386 12392 
12817 
12822 
10819 12851 5467 12824 12829 
12826 
12828 
12830 
12831 
3115 12836 13496 
12842 
12843 
12844 
12845 
12846 
12847 
12848 
12850 
12852 
131 12854 13210 
12855 
12859 
12863 
12864 
12869 
12870 
2630 12865 12556 12871 13226 
12872 
12873 
12874 
12876 
9938 12878 13487 
12880 
12881 
12885 
12888 
12889 
12892 
12894 
12895 
12897 
1264 12899 13516 
12900 
12902 
12904 
12905 
12906 
12907 
12911 
12912 
12913 
12914 
12918 
12919 
12920 
12921 
12922 
12924 
12925 
12926 
12927 
12929 
374 12931 12978 
10574 12932 13185 
12935 
12938 
12939 
12940 
12941 
12945 
12946 
12947 
12950 
12952 
12956 
12959 
12961 
12964 
12967 
12971 
12972 
12974 
12976 
12980 
12986 
12988 
12989 
12990 
12992 
12993 
12994 
12996 
13001 
13005 
13006 
13007 
13010 
13011 
13012 
13016 
13017 
4956 13019 
13025 
13026 
13029 
13033 
7863 13508 12568 12965 13277 5203 13034 
13035 
13036 
13041 
13045 
13046 
8234 13047 13368 
13049 
13053 
13059 
13060 
13061 
13062 
13064 
13068 
13069 
13073 
13074 
13075 
13079 
13080 
6654 12879 13481 521 13081 6097 13187 
13082 
13084 
13085 
13090 
13094 
13096 
13098 
7651 13076 13276 1647 13100 
13102 
13103 
8615 13105 
13109 
13113 
3941 12915 12973 7111 12983 6308 13116 
13117 
13120 
13121 
9858 13122 13135 
13124 
11602 13125 13231 
13128 
13137 
13138 
13142 
13144 
13145 
13149 
13152 
13153 
13155 
13156 
13157 
13158 
13160 
13162 
13165 
13167 
13169 
13172 
13173 
13175 
13176 
13177 
13178 
13184 
13188 
13190 
13194 
7476 13199 13429 
13200 
13202 
13203 
13204 
13205 
13208 
13209 
13214 
6410 13216 
13217 
13224 
9519 13020 13230 2573 4022 13227 
13229 
13233 
13234 
13237 
13238 
13240 
13241 
13243 
13247 
13248 
13250 
13252 
5483 13254 13319 
13255 
13256 
13257 
13259 
13262 
13268 
13269 
13271 
13272 
13273 
13279 
13280 
13282 
1130 13013 13453 9429 13286 
1683 13287 13526 
13292 
13295 
13296 
13297 
13298 
11496 13299 13313 
13300 
13302 
3304 13303 13416 
13305 
13306 
13307 
13308 
13309 
13315 
13316 
13317 
13318 
13320 
13323 
13328 
13330 
13331 
13332 
6839 13067 13379 72 13333 
13339 
13341 
13342 
13346 
13348 
13349 
13350 
13355 
13359 
13360 
13366 
13367 
13370 
13371 
13373 
11888 13377 13551 
10768 13378 
13381 
13382 
13384 
13385 
13386 
13387 
13388 
13391 
13396 
13397 
13404 
13405 
13410 
13411 
11014 13338 13518 5619 13417 
13418 
13419 
13422 
13425 
13427 
13428 
13432 
13435 
13436 
13437 
13438 
13440 
13442 
13445 
13447 
13449 
10055 13450 
13451 
13456 
13457 
13458 
13460 
13462 
13464 
13465 
13466 
13468 
13469 
13476 
13478 
13482 
13483 
13484 
13485 
13486 
13488 
13491 
13493 
13494 
13495 
13498 
13499 
10968 13514 10958 13375 11510 12823 13503 9002 13502 
13504 
13505 
13509 
13517 
13524 
13525 
13527 
13528 
13531 
13533 
13536 
13538 
13540 
13542 
13544 
13545 
13548 
13549 
13553 
13557 
13559 
13560 
13562 
