0 
43 12206 1343 11854 1672 10898 278 4446 1638 7530 5992 7837 8034 400 10553 1692 7328 3992 4991 6666 6697 10593 11212 1626 2721 5888 2061 8420 727 9363 225 1932 1961 2235 11749 1279 6972 2293 10003 2587 4740 4482 11747 1527 3562 2234 3976 1691 3811 10134 11672 1822 4337 3091 6430 3040 7139 8115 4089 4700 5022 10431 1597 4633 840 10583 9391 10157 4799 6187 10159 10270 11063 12619 1624 7412 3915 5740 9421 2930 8876 11906 3934 7674 3125 4173 2604 11403 8180 11844 6641 8968 9567 9849 10999 564 7875 10203 7513 8330 9279 10567 6671 9764 10780 3331 4269 6977 7064 8455 10861 10649 10926 1134 11054 383 2881 5511 12378 12800 2102 7829 10002 984 2105 2403 1046 2291 10575 5392 7067 4232 6365 2215 3529 5722 10816 6148 10200 10286 2211 10386 2475 7524 4299 7847 3167 5282 4505 10210 3690 6469 9161 1571 12011 3935 8997 2454 5192 3083 4052 6203 8883 3668 5855 11313 6108 11304 1233 5649 4255 11467 1054 8244 27 11039 5458 9300 2623 5960 6012 6249 6422 11458 12249 2411 3450 4246 10638 3451 7616 4062 7629 9545 12006 12388 1229 2733 6318 5988 8123 1572 2777 5499 3062 4635 5868 12672 3593 6838 5198 11986 6462 8020 3968 9474 9523 2222 9559 165 3137 5173 100 6241 8326 8540 2792 3586 9035 6814 10673 12201 6865 9532 11298 855 10032 11345 11735 12632 3470 12789 6727 11017 2658 6065 10276 11217 188 12209 4533 8943 9617 10246 2495 10804 3391 5340 8091 4262 6539 9245 1593 3927 9088 3000 11115 369 8998 810 7791 3569 6438 3449 12748 9053 9652 9497 11531 9965 12694 10034 11012 2033 2644 6528 9276 12381 6917 7583 9647 12361 11446 11795 4235 12068 3288 9576 2783 6397 11173 3468 3607 6527 8838 12430 
80 
112 11203 121 7523 4412 10044 4363 11890 6069 12687 6011 11427 6101 11323 763 11530 7008 12069 290 560 8621 4886 7637 7666 10815 1912 2974 2834 7560 287 11223 2645 3512 3539 8628 1849 5827 1289 2311 8909 52 10509 11689 4577 5046 1368 8213 1303 5871 9492 5275 5429 4992 7500 5263 7256 7605 8113 9360 927 11503 9830 12566 2247 10310 7931 9416 3598 9869 5964 7359 10748 4597 12441 3680 3827 6862 11484 7575 9296 382 981 7510 4159 6526 12072 12172 6784 9342 4325 11765 273 641 4737 10798 3895 11899 4364 6507 7903 5230 9792 6821 7303 8646 8933 5999 12010 1650 11717 6703 7972 7105 10011 1875 3133 8526 11228 1615 2601 11922 6194 12321 9857 10614 9411 11940 609 9210 1027 6106 11630 4195 9915 4703 5054 5212 5849 6739 9110 11985 1335 7520 10476 2432 11404 1415 3093 2717 10450 6314 12534 5240 11928 1933 7757 4335 8512 11472 4188 12142 6231 6990 7598 7904 491 7077 7257 9374 4099 9606 1421 7709 6086 7448 813 7044 9332 9202 9392 7503 8940 12767 3762 12664 856 10229 1074 5398 12397 1469 11040 7670 12576 5373 7969 6393 8094 11098 12016 5763 6340 9669 4516 7890 10758 11610 3173 10914 1336 8467 10854 12709 2845 10744 11374 4562 11193 791 11626 1435 7241 2849 4918 182 1123 4509 8393 12385 9556 11910 12500 1340 2144 11552 1239 7895 7982 10697 11485 471 10492 4358 9573 6614 10974 3281 11188 11522 6395 7007 1828 8903 6685 7998 8708 7015 7659 7227 12223 4470 4699 7238 10228 484 2910 8799 4652 11344 7601 7862 5085 12187 5014 9337 5464 7590 12058 7246 9878 3646 7390 2315 10479 2238 9134 8477 9880 4883 9009 30 3642 11802 1161 11958 783 2458 6262 7407 2536 5208 4867 5390 5759 1919 5711 4465 11070 6566 8215 677 977 4768 12114 990 8267 7004 10291 9494 11022 11486 976 8643 10049 10598 4843 9473 4564 10359 12459 12711 1653 5881 4727 5283 2663 8502 3175 3845 5956 8294 1342 9639 2571 10074 274 1088 8723 1211 5623 4459 10227 2299 7780 7872 11955 3 4213 1791 8944 5091 10128 1214 2070 12553 10052 11758 3204 12349 3720 10883 10135 10834 1922 2920 7380 11951 11967 12216 1964 7455 10179 10364 12333 10304 11544 9335 10342 2895 3128 10511 1661 2155 1578 6793 2260 9356 9451 4723 10471 7660 11667 7318 11704 2313 5867 11988 712 6901 2749 7833 3481 9043 4887 7987 10556 11161 1156 4722 472 3237 3634 4460 8185 592 5781 8939 9501 4059 4874 428 10721 5251 10299 8571 12265 9077 10725 2154 6588 8070 8379 7832 11106 
245 
370 
374 12931 12978 
411 13552 1584 13265 9170 10036 13506 2573 4022 13227 9519 13020 13230 
502 
521 13081 6097 12879 13187 6654 13481 
967 4436 654 2480 7634 498 982 2533 7820 3435 6184 2045 4121 9664 7305 9477 7856 7899 277 671 6474 10949 5162 8363 2891 3475 4113 2670 6052 5128 10541 5491 9777 711 9902 898 5624 8866 6616 10570 1059 1505 5610 3761 12343 4250 4280 7855 2499 5462 5534 7054 8626 7622 9012 969 5267 5585 7339 7482 9977 11326 12793 5026 11284 5308 6135 3867 7814 3103 3355 6258 9430 9969 1070 6149 10644 1325 7120 3485 5330 6758 5354 12698 815 10030 1927 2218 7152 2340 4836 6183 1594 9133 2478 9367 4496 5546 9806 2616 4563 5983 8879 1459 5618 688 7226 8561 9094 1829 6461 8460 12163 3717 6597 12531 5614 5646 12059 7604 11582 8594 9599 393 1372 518 7409 7753 3946 4169 7413 9056 4010 12240 1329 6219 3508 9733 10418 11732 1438 12391 161 8073 8926 7740 9173 1652 10452 647 5395 12029 4665 9266 440 6427 11477 99 4670 4587 5053 11072 8569 11475 902 6016 35 5696 6940 736 3364 2389 10311 3643 5411 3749 6322 12752 6960 7307 7588 12717 2559 7222 4024 9588 4068 12741 4194 7345 2966 5006 2902 11397 12998 4987 10626 6681 9763 11559 11902 3777 12703 6360 12155 6222 9257 2595 10408 11224 7727 10537 9190 10711 4743 7675 6305 7734 7821 9256 4547 5326 9370 9940 2145 9524 11470 12953 258 7288 1842 6525 4236 10996 681 2860 9955 6294 12480 1507 10665 12982 3178 5582 10993 1072 6628 510 860 827 4122 12657 6391 8599 989 7996 8801 9029 91 9186 9577 710 5515 1496 2762 7363 12689 847 9970 12628 4198 7728 9317 10378 4684 8600 9388 12205 272 10586 11338 2346 5071 4264 9007 10882 12816 267 1699 4922 5632 8394 9046 2675 4371 11752 12156 128 1910 1836 2223 7117 10013 11421 1812 5942 11918 3035 4774 3906 9364 7693 9605 1604 11901 1146 4273 1187 5967 2831 11948 7144 13520 422 5016 11024 12238 13374 5540 8202 7427 11140 1582 10607 4286 13489 6229 8450 8506 2671 12665 2010 5280 2405 7815 3899 7191 333 5100 3047 8692 9581 12445 4281 12587 5469 9912 6428 6920 2580 5638 364 4385 8544 10729 4941 10640 4518 10302 1360 3739 5334 10735 4788 12241 7161 11471 3460 4578 8632 1464 5279 7291 11619 7432 11708 2857 11181 12109 1551 5580 3706 3875 10887 3886 7521 808 10869 2689 6464 7690 7682 11294 4857 8223 8422 11803 2188 11571 5246 6884 10830 11335 291 595 910 3742 6564 11962 
865 3333 1030 4331 7403 9164 4233 8975 4979 10717 11964 4594 8811 9456 10760 473 2687 4550 5517 7391 1869 6297 6764 12054 443 875 3825 10939 4712 10215 896 8773 3203 12220 3414 7534 1840 7571 11450 13441 11074 11442 3049 12609 8474 12239 11809 12591 1606 3412 1895 6403 1451 3841 4698 5906 5134 9146 4350 10597 11740 4328 4485 10876 5337 11594 1723 8653 9813 5933 13163 4020 6863 6235 11189 5652 8880 2065 11380 12312 1596 9410 5603 6881 7618 1945 3789 7703 8300 8576 8812 3553 10016 5803 7846 7646 11650 7784 8457 2507 7159 9865 7266 9329 5416 7696 7797 9119 3505 5396 5980 6858 1481 3662 7480 481 9539 4167 8227 5011 8796 1885 11194 8195 11306 13537 10172 12123 13225 3791 4384 9293 421 2008 11875 2134 12507 2040 3493 12815 7770 10604 2031 3346 7026 6169 10436 1138 11597 4585 6519 7789 11863 3337 12104 1234 10119 5262 6540 1926 4778 8673 138 6067 614 3596 10514 1394 3140 2882 11643 5716 10762 3975 5912 1711 8679 261 4858 1037 9442 1808 6556 7478 12792 4249 6607 6828 11293 3150 11949 5891 10643 8884 11177 1682 11469 4842 7162 7311 8965 5715 6213 12460 10455 11927 92 1792 7860 12242 7871 12346 8245 11937 3375 4473 13245 961 8391 5676 10793 4784 9427 1132 3069 6657 12757 1602 3571 2210 3168 4432 12835 1260 1345 9901 2906 11174 4267 5097 1292 2678 6208 9139 10647 580 1765 10294 2524 2720 5544 7365 6433 8786 553 6768 1901 2899 4439 8323 5671 7165 7941 1930 3126 7579 8342 12446 1026 1543 4996 1370 4345 11550 8105 8882 3245 11170 7512 8468 7106 11972 573 7113 9771 1654 7272 5106 11511 4038 11688 9355 11153 2281 3290 8131 2456 6486 6481 10214 1636 5705 9935 2332 12348 1300 4895 3965 10397 4761 5616 217 9691 3386 8216 3404 11661 3783 7599 4676 11925 6131 9578 11420 155 10290 6762 8937 1641 10805 4051 10924 169 6518 5141 11422 3554 4525 5832 5119 12867 4798 5496 6951 9594 11858 13534 3603 6144 8132 13008 
889 
289 10484 6096 12731 936 8340 1517 3950 452 545 776 7410 9983 4389 7702 1418 10103 760 947 8746 9408 2642 12597 1057 11734 2358 13212 1393 10383 3999 12014 1056 7278 9305 12409 6232 11393 6195 11263 3486 6722 12862 1948 8237 1141 2829 5675 6598 12092 9062 10950 11627 959 10946 3487 9136 5003 10421 8762 9805 4690 4885 7720 7965 8612 5130 8818 588 7118 3921 8137 13129 6472 13111 13274 9239 13448 4622 13147 9434 12334 1430 2357 12437 2187 9436 2752 8510 7421 7591 3434 4423 10130 2936 3208 4734 6594 3856 8359 8304 10102 10156 36 3945 9586 9972 7372 11870 1468 4453 3006 12646 2543 6334 7269 10176 292 9694 968 5826 71 103 1445 2933 4574 6141 4669 9804 9886 11913 5913 11383 3919 10289 3021 8261 9171 9833 2549 3971 8684 3849 8979 207 441 2651 10259 3681 5680 3415 4066 917 8930 5847 9540 10241 12423 6523 8418 804 8598 1453 3251 9083 4757 8085 1118 9354 2003 10508 82 12131 1222 5186 8624 1569 2063 3698 6932 975 9129 4149 9376 1280 7755 2079 7912 2695 4797 7555 3736 12394 2731 5678 11482 782 6049 7879 11647 2476 12253 746 11402 2861 5321 9213 6778 12082 7087 7891 1790 4993 5344 8191 10097 12367 5739 6567 1896 8459 11447 12217 11078 12720 
1130 13013 13453 9429 13286 
1197 13018 13242 
1382 12825 13048 
25 4713 1377 6228 4912 11565 1012 12512 2128 5005 12146 4408 4814 9568 10777 1715 4381 11025 57 11713 7454 7556 12651 226 4595 3317 7501 8074 1064 8821 3193 9206 1152 9386 10012 11815 1399 4300 559 9328 2324 12176 1633 6888 1429 2185 4184 5670 4718 11399 11318 11889 2379 5626 6905 10114 9689 11957 5864 7951 719 7395 12258 3807 11658 5336 6367 862 6966 8269 9921 5353 10230 1358 2519 10218 12408 1221 7822 11540 6035 6980 7163 12028 8877 12375 4861 12396 3363 5758 12169 4650 7973 1537 3131 10502 4901 5385 1319 9973 1632 3467 505 2383 1727 6579 9195 3348 6127 1783 8977 2250 6515 1320 7881 12474 2039 6534 10676 6903 7694 5720 12267 2883 8699 4888 7402 265 2672 9948 4904 5897 11034 12203 1511 2161 5701 5250 6968 3701 5573 5545 6930 4519 5824 3583 6953 1237 4612 6056 6336 10193 11861 638 1677 12081 9785 10633 54 10951 7418 11476 4103 4330 3580 8027 803 6992 9175 8743 12449 4397 5963 1431 8289 5459 8932 9350 11268 385 6915 12196 3365 7045 6732 11060 3880 10699 2243 9980 6435 6843 11307 998 5073 10363 7737 11396 1865 4308 4847 7724 11419 12316 4878 7093 2049 6363 3482 8844 8258 9065 12160 7389 8303 1158 7153 9853 10485 3074 5814 3090 3891 13236 48 4975 196 8745 2232 3327 787 6668 2201 4109 7841 12671 13239 1082 4157 10740 2568 8582 1458 8226 5322 11860 11896 335 5040 11895 7150 9992 4407 9961 794 5551 10226 6372 7609 5114 6550 717 4181 6489 6324 10667 9149 10427 5575 7319 2828 9420 11124 3226 6891 9709 7993 8842 2006 2262 7461 4016 4076 1243 2924 3151 10670 9672 9917 2900 3032 6808 4174 4803 3094 12204 7138 10266 4298 4590 164 4611 11943 106 5778 12024 4049 7079 7362 1137 1474 1018 3298 941 2810 1227 7947 3421 3723 10360 3760 10372 298 6251 11113 6263 6698 7027 7799 11876 12332 4606 7639 4837 12277 3345 3722 5228 8194 8698 7850 12898 13510 11095 11775 1871 3619 8629 5730 9032 6190 7617 141 2135 9277 2648 7221 1315 3033 1251 6432 7352 11805 349 8344 5686 9692 1441 9943 4241 11702 1923 11935 4697 9241 12678 9142 12799 3857 9884 7416 10893 6805 11813 7085 12027 2146 7204 7647 8556 8090 12246 1246 12413 1253 7859 3700 9114 10315 8271 9379 11355 9123 13421 1341 2116 7220 5694 9378 10728 10995 11600 1402 3368 3183 3998 2413 6512 667 7514 9493 13219 3817 5769 2606 8060 581 1231 4429 4592 7408 6171 8897 5122 9289 3916 12461 12551 1105 9349 3633 11093 4906 9926 3233 5113 11956 18 5343 9673 10292 11851 2713 9665 5873 12168 223 10324 2664 5727 6358 2677 4027 5979 6347 7474 10528 6315 9255 10441 466 10776 3471 7206 3630 3985 10520 5339 11259 5087 5860 10899 10396 13337 3402 11911 7909 12884 13399 1139 8730 12887 659 8055 13093 
1523 
1647 13076 13100 7651 13276 
1683 13287 13526 
1851 
477 3013 3925 12707 3850 9836 11281 11539 2467 9775 8783 9795 12236 12509 734 1900 6984 9148 3750 6584 937 7527 8146 8249 9936 1442 5102 8067 3241 6979 4645 8196 9625 504 7446 2650 6961 11904 3753 4247 2768 4073 9896 2107 6164 37 11800 2629 4172 2026 5084 7542 12263 1789 7963 1801 8134 3186 7825 1184 9608 3988 4852 7245 12195 4104 11976 3961 9278 3123 9783 10411 5918 9475 10560 850 6792 8751 1053 4961 3778 6715 7360 8470 3443 10695 2322 5414 3079 4873 5319 8839 11406 4686 5889 7515 10147 211 8443 652 10356 12629 4989 6816 1899 10207 3160 7582 4321 6359 6692 8949 6904 7423 10177 12306 1623 4827 5901 10727 3590 7612 2901 5697 9425 10878 11462 1267 4535 1640 8925 673 6615 11103 492 10274 1252 1960 3232 9990 10470 2908 6679 3075 5156 7126 3570 4568 7198 6522 10913 11722 3852 9786 7937 9431 1598 8702 3383 4811 1154 12457 1108 1612 7420 348 8787 832 1949 4294 4625 7719 6296 12271 1954 6660 6669 8885 8350 11290 77 379 1016 4112 1631 5858 234 10451 488 10797 3605 6774 4352 5268 3156 5840 2643 9681 482 3574 3674 757 1299 1826 2425 1443 5359 4994 10212 4204 11330 11346 2682 3878 9226 10184 12055 5532 5548 11533 9845 11020 5554 9640 2662 9819 9960 10886 3169 12329 1740 6995 11872 2224 2469 5051 9028 9217 218 1353 3045 4813 12699 8558 11382 534 11777 5939 9322 2353 5177 12262 4391 10367 12798 1955 10959 378 9738 1210 8733 1265 6020 4862 9543 6520 9591 10132 1121 10660 1998 6664 5842 11824 1938 10008 6143 9227 180 10515 256 9301 3096 11699 11912 723 3847 4576 10454 11035 2844 3714 5494 3155 7195 7664 8463 10005 2622 7387 3153 9449 11247 4570 5145 4900 5486 8536 10741 11596 11850 2197 3670 4851 8678 10181 
1974 13065 13223 
2282 13201 
2515 
2541 13032 13180 
2634 
2761 
2876 13140 13249 
1627 2979 12890 
3108 
3115 12836 13496 
3216 
3304 13303 13416 
3501 
3535 5310 10001 
3565 12909 12979 
462 7009 1911 4190 4965 3686 4641 8922 9070 8051 9919 2199 10048 5916 8316 2416 3059 3444 7810 11180 1986 11516 12692 4880 8272 13186 1800 11532 9304 12200 906 3179 13430 2457 6198 8661 4819 11351 1838 7910 9260 656 11820 4833 7417 3842 12298 724 1419 3373 9326 12610 1958 9470 2589 7701 2090 7315 3273 4141 4530 13232 2950 13402 2172 4373 8428 8941 8978 2213 10821 11578 11924 363 4692 5190 9610 2158 11027 2014 4130 5748 6667 10706 311 7715 3422 7653 2502 2915 1373 12529 1117 7190 7999 925 8910 12751 5452 8141 4844 7793 2212 4075 1452 7094 6371 10628 3407 11810 12578 4839 9404 11412 12627 983 7125 8111 3472 5996 336 7475 3088 6146 7686 8001 3311 9280 2884 9643 2275 2409 1988 3037 9036 10646 11343 2042 3238 8087 617 11575 11770 920 12269 877 6312 3883 11509 3824 12565 4930 10714 5717 9774 3339 3649 668 749 8013 11556 12458 586 4072 957 8973 8101 8852 6633 8609 1660 2220 4762 6970 8953 1066 1076 1529 5520 1983 5159 4464 12475 6651 9080 4738 5327 40 3437 8265 2272 6285 9551 11480 1425 10976 5195 6405 1087 9663 10617 2566 11773 2076 6413 6777 9445 2075 2649 4787 4967 8171 11526 11664 8588 12309 3246 9558 4180 10739 1401 7340 11456 3326 4631 4336 7108 6952 8585 6542 11636 8788 8869 1564 3591 12545 3804 11785 7098 9398 168 777 6963 5305 9026 7276 9553 7157 10751 7194 11410 4291 6233 9537 10464 12314 233 5756 6592 12421 874 5241 11348 46 1696 4933 10948 62 10325 12255 583 11781 679 4907 6217 8819 11163 1844 12065 2527 6763 6424 6429 3654 7154 3548 3997 5749 2025 2540 5092 9380 11814 12122 2608 11796 4456 7956 12753 2572 10573 9995 11969 10391 10863 5765 8290 10856 8959 13042 1068 6335 11400 12021 846 1155 6266 7725 9166 6885 8369 9736 12141 3065 11834 12015 12175 7280 9201 12740 11085 11118 324 1526 4954 509 9670 2198 3970 9898 10000 10146 1473 9272 9384 11239 11543 1508 1675 8135 10672 2854 8832 6153 9061 5831 6373 1104 6815 5115 10341 11418 2711 7185 2038 4111 9803 12030 6929 7070 9034 4001 4081 10447 4705 6261 11254 6583 12483 8045 8190 1518 4643 12679 2028 6167 10890 5817 6384 3931 12328 9063 11369 10881 10930 1728 10319 7110 10613 2338 3036 9601 3039 5253 1816 11084 305 9889 12428 12544 5034 6919 6935 9758 563 9648 1656 8608 4064 9135 11973 7819 11349 945 12634 102 1952 11595 2690 8864 11250 2490 9008 2817 7428 2847 6038 4928 10087 10535 11297 5066 8264 6216 10224 3206 8901 5368 11980 2078 12018 5938 12341 4802 5500 158 6046 616 1301 6368 8120 3135 6446 6551 7824 3910 12008 5393 10269 7181 11833 7419 9452 6239 6385 6280 8917 9674 10935 6041 6842 7811 10432 6388 7522 6090 9019 
3752 
3766 13258 13470 
3392 4891 554 11502 4680 10453 11761 361 7543 12525 2015 6875 11131 3297 5197 8076 11324 2988 12908 6946 10219 10595 11387 12374 2271 11615 4136 12522 3154 8656 1917 1935 4186 1321 10190 10789 3264 6240 3544 10054 6206 8500 1554 11238 237 7018 7140 2500 6877 2056 10407 3207 4032 7342 880 7234 10404 7630 9560 4271 10009 12089 12369 5743 11159 12903 3755 6400 13196 4017 8644 13283 662 6495 1047 4487 6168 2547 10098 3139 4977 6279 10530 1759 12251 3104 6934 4970 7459 8881 9115 809 5356 1312 3292 7885 655 1872 9967 6199 10113 1758 3773 7343 946 8603 11043 9769 13497 8250 12841 10405 12968 302 4642 971 13014 2363 9725 5550 8121 10936 11473 3350 4790 7774 10921 8945 11265 228 8139 10255 2741 8360 9918 10287 2455 2803 3277 7088 1908 3568 9994 8144 8239 3920 8755 2550 11767 5692 7735 2702 4610 10516 263 8573 2562 5607 2057 4260 6418 1512 1539 6350 11149 8484 12101 686 10662 1327 10104 68 4479 2754 10077 6325 10990 934 2676 13454 1754 7361 3417 8988 2000 4132 5745 3868 6537 2660 6352 3665 8373 9082 6677 12356 2402 2816 4428 10380 836 4729 1646 9118 3249 5357 3691 8084 4431 6638 10841 4056 6804 2514 9282 9288 7470 8519 3650 11618 801 6442 6449 11642 2668 9600 752 8050 2575 6541 4223 7176 1002 5167 11331 2086 4854 9458 11286 13206 2046 2892 4440 5876 639 9953 12046 8695 12373 1817 12840 10264 13143 818 10658 5131 6665 84 5985 1841 11991 10124 12688 8956 11894 2764 7494 5036 5199 11051 10448 12412 1410 11648 5093 5555 7353 8232 2485 9996 12681 5926 12436 716 6077 9098 9892 6459 11295 7249 8861 2539 11292 2798 7251 3440 5185 6161 7041 6337 6829 5328 7533 5447 8639 6981 8893 221 10555 2058 11897 1528 2945 2257 5808 8170 5470 8162 8955 10209 10281 613 680 12322 3278 4623 184 730 2343 6181 10245 2960 12539 4082 9717 7137 9490 12047 12050 19 8622 2080 9302 7578 9635 1621 3041 5302 7132 8902 9916 3240 8625 4162 7020 11568 12235 3390 6707 12299 3234 10651 3798 10382 8964 10932 177 4138 8254 1605 2683 7958 4160 5685 8145 8383 9438 11944 753 9971 10757 6559 10486 268 7121 7248 10677 7404 7752 8550 9358 2951 13222 10483 13452 113 11148 11155 1171 9614 2364 6455 3932 13015 672 5530 8822 845 11542 1831 12860 5426 11808 5816 10236 7208 12877 
3958 
770 8247 1788 3296 3073 3534 11071 2100 10116 248 8850 9706 830 6088 6330 11771 1600 1956 3020 9675 1041 8775 3473 7160 8390 12668 9117 13253 50 6006 13327 5890 8358 12424 1781 9861 684 9183 11395 13555 3068 8200 9776 3429 4832 10896 623 1174 1226 9459 4971 5107 7994 12804 1768 10965 38 45 823 4892 295 9631 590 1021 1525 6998 12624 11828 12481 3027 13213 4946 12875 15 8392 2034 4451 12997 5804 8772 6460 6782 13072 7336 7714 9683 11433 9979 11130 11984 1348 3024 6072 9550 3871 3963 11454 12477 13038 1143 1247 7289 429 2928 3767 5556 4425 5719 8524 9534 2285 5331 6139 576 7293 1290 2975 4152 9713 715 882 3930 7852 6636 7980 789 7331 3977 9517 11934 12108 7667 10808 8189 10115 6484 12116 1538 9653 12472 3556 3784 3984 5688 7628 9051 6988 11465 6402 8736 4489 11094 4317 5273 11953 9571 12353 2935 5962 3555 4395 5381 5846 5377 5709 7247 10720 12631 1819 11733 3111 9086 1515 3677 5751 8035 1033 12232 9138 11592 1499 8894 8671 8837 1864 5961 7023 8584 1006 12590 2361 3854 12418 527 4916 8990 1609 7540 12569 5232 6120 3846 5440 4708 6918 8193 4945 9394 1558 6130 6957 8551 2462 12547 4501 7873 5605 8713 3622 7021 9318 9423 322 5533 6853 11437 7857 8048 12167 2982 10654 388 10875 4724 5510 6812 7940 10549 1093 9946 8065 9385 3171 7358 694 3455 5138 5844 7235 7887 1296 1989 10785 2267 9074 4619 9924 432 5882 142 3379 3711 6554 6826 2209 8677 12230 26 7439 3385 6202 10468 10580 10832 1533 11270 4079 10901 
4151 6159 147 2531 7116 251 2120 8198 11719 9104 12658 13023 5457 9513 1693 5463 3003 5245 7209 13281 644 4449 232 10656 11541 1067 4536 3418 5965 5299 7893 1153 7529 200 3008 1144 3944 9627 601 4087 8204 8899 3256 7172 12326 4908 7771 1550 9187 7932 11242 2579 8380 511 12666 4964 7233 7939 1760 10918 2704 5731 12494 2732 9200 3184 7596 1128 3794 6658 4572 8429 2998 4266 2289 5923 11262 236 11282 3735 10422 12340 550 8031 8495 10196 11623 4117 4569 1472 9874 4503 11116 6029 10108 6738 11102 5543 5588 11474 12810 894 5924 12773 6854 8089 1456 11687 3606 4383 9747 8531 9870 4097 9527 12588 4863 10698 7894 10355 10825 11439 12192 12371 1384 6813 5774 7464 1272 2420 2708 6288 7440 3219 9613 12248 13535 6103 12302 1498 5815 9900 8687 10499 7536 12582 2940 4461 6571 8768 13389 2474 10323 3205 6246 2133 7099 871 1004 8596 1078 2062 7966 11202 1495 4972 5783 6362 6890 10596 7976 12530 192 6603 568 6655 13054 2805 3563 4147 5986 1365 9383 3981 3996 306 6976 7060 479 8491 1991 7902 11705 1736 11327 7840 11019 3113 10046 7635 10439 2873 11050 185 193 1316 1367 2823 3812 9372 12244 2180 9695 2036 3332 6254 6211 12376 3295 9440 487 4749 1866 2699 1262 4129 10548 3388 10171 12037 9307 9331 10532 11135 878 8714 279 7896 5790 5861 5086 9291 5595 11560 2931 4934 8473 5220 6160 
133 6225 4902 6338 9502 3861 10189 661 9624 2858 2914 12685 1286 4091 4092 4777 4935 8570 5456 8044 2937 6100 1007 7080 7193 10141 663 2301 10823 3121 6226 4191 5673 2759 7964 8283 852 7124 3051 5270 3733 6475 8024 13000 4033 9067 7173 13358 31 1352 4120 9068 5104 13492 1426 6817 3712 5427 2641 4982 465 13329 12056 13150 12130 13340 610 1560 1051 9628 12801 4923 9014 3479 10465 9093 10213 13539 1562 13304 4488 7924 6177 9327 1565 4889 12228 1273 1470 4968 10736 8904 12934 4571 13311 7938 11128 6205 6906 9309 10263 12733 3366 6374 4512 10945 3785 6027 4593 10343 10536 10475 11117 10859 10877 194 5292 6416 12510 332 3279 3116 9604 6835 8079 2602 8362 9265 9671 480 9303 6730 10240 11995 12532 9999 12112 5761 12650 600 5775 1297 10743 8458 9793 1637 7722 7775 7650 10737 547 3814 2143 7038 1242 3253 5061 5399 7304 1331 6772 4716 7086 597 4770 5434 11358 953 7558 6019 9847 4810 5191 4966 7592 12600 8233 9766 1376 11711 8789 8871 9101 10278 4942 7460 8088 9690 12190 219 4679 4086 5954 4492 11694 1583 8715 9242 4026 9268 10057 406 10542 3870 5444 3077 7405 8433 330 5394 1502 10855 3756 8165 6357 11013 6728 8712 886 11401 1859 4012 1363 3313 4126 4303 1780 4327 5080 9855 5081 9854 4396 10467 1194 10571 1424 1674 7143 12769 4179 6944 5896 8212 2887 4293 8623 1905 4599 2496 7570 3667 7557 8319 2723 8835 2142 7356 11893 790 8515 3628 8118 8388 9127 5932 9489 2866 3547 2542 10704 1073 8950 1255 3157 8509 10020 2066 8284 3673 11868 1492 7485 437 2758 6451 11836 4131 7643 9006 9487 11301 12660 2800 7207 1241 6123 10730 12447 3011 7228 8764 2999 7076 4710 7749 997 7853 12514 2055 3420 5971 7730 8302 8660 1671 2077 10308 1827 12060 8650 9760 1818 5027 7388 9049 10942 4583 9654 10330 3147 12504 869 6179 320 7834 11121 11521 626 4881 1395 7186 2946 12625 1856 10437 2308 5684 6437 7711 8155 7809 11783 2953 6524 5558 8581 3001 8732 561 1420 5151 6851 5290 12084 4070 11561 11673 6037 6093 10022 4693 6898 7851 1971 2059 10064 10961 926 12127 1434 5637 7302 5272 6331 1172 8028 8440 8913 11793 594 1106 11303 1103 6158 8851 6830 10028 3939 4011 5779 9565 11030 6880 10503 5274 6278 2698 6913 11504 
3757 13352 4150 13409 9700 13541 1 807 12969 179 13115 8633 13365 
4239 13055 13335 
706 1803 3329 5227 1867 2471 12626 1997 8026 10068 1164 2312 2266 2347 3287 5940 343 799 833 4466 10007 2852 3078 6085 7046 9228 10675 2117 2200 2864 5773 208 2941 6746 8022 12389 1178 9685 11005 9426 12818 12002 12649 3465 6543 4379 6094 8365 8601 7758 8004 8752 11053 13159 199 323 6621 8868 566 4517 2159 12770 13057 5857 8049 6922 12392 908 11227 1944 5579 4962 8514 6684 9941 4393 10223 8658 10623 11097 1208 11588 12118 386 5163 887 7488 11590 1268 12535 2934 12714 4243 11061 5602 12287 6959 8794 8527 12704 3507 12438 1044 5498 4646 11015 5893 9216 2355 8225 10376 12465 6974 7869 8758 12680 1797 8847 9812 751 2666 5945 8878 2728 6341 8924 12538 10686 11090 157 2345 3401 3546 7058 9748 3986 9340 7240 11535 6796 11564 12621 362 12444 701 2705 8617 5219 12337 2804 8293 12395 4711 8858 11572 11696 4041 8381 7989 8483 8545 10309 10691 6316 10931 1592 3938 4789 6409 7290 1386 5665 6545 7759 12586 304 9140 12928 7435 11198 9163 11551 5052 10126 3503 13040 478 9828 2922 11389 2344 7414 2744 4801 8627 9655 4025 8494 6855 10738 5374 8862 737 4386 2818 5109 5878 9106 10987 636 9796 4815 9000 1369 7335 3962 8791 4850 8072 3866 7584 8320 8776 5612 10069 1587 11073 10522 12007 13179 60 1614 7463 10460 11866 4529 8645 8669 11283 6538 11629 12035 3979 8337 13170 8647 11593 10829 10917 11353 12546 7593 13291 919 1976 11045 12071 286 6601 1689 4182 4882 8014 7148 8634 11138 11790 858 2811 4647 11728 653 6546 7665 11021 3564 8771 11064 11384 5674 8931 6802 9518 6611 12207 5951 11914 8958 10434 1873 6157 10117 11457 12643 848 12511 6623 12713 122 8400 7286 8214 11299 5371 7778 4234 7923 11199 10747 11499 2526 8286 4435 7766 11917 1673 12999 
55 6116 1809 11215 4973 10925 612 10446 4927 7217 1110 4342 11620 7874 12036 8535 10082 1924 3663 6931 11463 9400 9976 2295 2791 4600 7627 7745 8697 12330 224 5325 446 2464 4783 11583 5050 5181 2089 9003 2532 6259 197 10796 5382 12719 2011 2893 2987 4127 266 9762 1475 5004 9285 3537 3898 6407 2269 6899 649 2245 3936 3967 2633 9740 739 5699 1311 6810 3594 8652 1318 12053 3341 4402 3112 3624 7751 4058 12364 2437 7472 4093 10125 909 3293 11275 9678 11277 693 10846 11274 1777 5958 130 2084 2868 11127 5132 8779 8397 11690 12247 1191 1288 6718 2323 6112 548 2535 2681 7573 3302 8243 9306 10406 4400 12379 4846 5224 4289 12498 2414 12613 390 6268 10531 12599 2278 4144 2591 4156 7623 2898 3705 9893 4955 6945 2978 9749 3689 3834 11425 1032 6857 1694 5968 6074 6798 3617 5529 12103 10329 12086 1061 11716 5278 9879 1063 6083 5479 8680 9181 6033 12292 254 1870 11105 608 12339 2862 2926 10820 3323 4468 11784 4714 4872 5589 9910 3095 3531 6889 7877 11768 6753 10194 5437 6955 6105 11145 6686 9199 12399 1437 10173 20 7805 407 4318 2166 3770 9773 11721 2027 2680 10350 10025 11726 633 2270 5024 729 8480 3082 5953 9319 39 4621 3007 5492 5524 9211 257 10603 5029 11206 1275 7828 1122 6479 6473 8201 3545 9267 10361 6807 7145 2956 12194 786 8426 2400 10657 12033 8030 9069 9189 4320 6150 2911 3877 8605 2418 4897 9642 10331 5596 10836 2150 5628 5225 12121 3357 3703 4061 5760 3322 7974 8793 1048 11577 1408 6602 3109 8122 1799 5714 7255 11109 4414 9102 445 2367 12327 6126 7199 3826 12234 5488 9734 5712 11525 6034 11271 11347 11423 12715 438 11563 587 3176 3262 11449 10145 11100 11319 7146 12468 5266 10197 12550 1936 3097 5068 8681 3943 7441 5695 7790 7756 12754 3016 11280 2789 7458 10707 703 8039 10158 353 5721 4305 12148 2775 9522 4780 8125 12212 6823 7654 2674 8071 12779 4161 7898 7071 8843 11076 5146 9184 4367 8700 1643 11663 2273 3066 1354 9271 879 7451 2993 4344 8437 10608 2216 2778 6824 9609 5155 7443 9949 6302 12653 2652 3089 9022 11489 10839 12574 2330 5856 8217 10183 11236 56 3908 762 10316 5513 12063 3023 6045 10666 4617 7632 2581 3124 8230 3640 11884 6321 9745 2240 10504 5249 12224 2136 9027 3189 9666 10344 10802 5142 8790 11137 12406 692 9928 10879 4639 12814 2654 11885 402 7312 4824 11760 5062 7141 10938 2325 2395 10972 10078 10610 
2053 4193 83 2229 10300 4240 4254 2088 6215 3774 5135 5170 6059 1681 4526 10462 2739 10742 5835 12742 5490 12043 4390 5536 5314 11527 7279 8846 3957 11654 13310 6724 8019 6708 7721 7723 12936 1603 2488 11376 4682 9128 685 11880 1023 7323 1876 2867 2288 2391 5293 6779 5801 6928 5659 9636 11441 6026 8593 4637 11670 1079 11859 11332 11946 2195 10238 2685 12526 2018 5746 9188 8706 12272 3330 8439 2684 11528 8804 12493 3532 4497 4148 8580 9468 341 3745 3657 3669 4426 8208 9414 965 2872 9659 6223 9875 408 2254 6593 8895 805 8970 10494 12641 317 8163 11686 3937 4809 11788 2350 11312 5666 6457 1857 12370 2516 6646 517 7681 12097 252 2152 5644 11257 578 8727 2397 6756 10888 13166 13189 1126 3129 4341 9872 220 5593 455 2738 2020 2303 3909 9143 1667 10524 10817 3110 5863 5013 10934 3031 5768 7426 8174 8444 11225 960 2153 7739 9096 13161 2563 10947 4101 6068 9800 10653 2748 12270 5184 8331 9058 156 4731 11120 3369 7844 2349 5247 4756 6754 6912 7858 10206 9060 9842 5645 10107 10112 10755 7984 12005 873 3120 1943 4876 1034 4758 5955 10903 5315 7155 8205 11042 2263 3267 6468 5798 11862 3028 4960 11 12728 7678 7864 10314 503 5978 2724 2885 12776 806 3940 1050 2673 3536 11789 1928 3692 3685 7946 5934 7511 691 10091 3070 6243 2615 6426 12405 966 2351 6799 11631 5361 7089 938 5710 11340 10275 12402 10282 10544 11763 11336 12211 635 11606 4624 10040 11766 2869 7219 4476 10889 12622 134 4554 1548 6689 9443 10874 11999 1000 8423 10188 12777 2593 3820 4329 3453 13215 2703 6630 4667 6307 171 8807 1017 6637 8052 11832 6364 12745 1392 11679 4353 6759 10781 1471 5099 7308 81 9752 2802 5512 10880 11581 9859 13106 13398 431 10578 13479 3488 6864 5223 6910 3500 13336 4090 13114 11065 13141 2859 6132 3519 3694 9906 8453 9767 2434 5059 12219 3352 4314 3626 10018 12604 5312 11068 913 5937 3616 6356 8991 9417 1366 7225 11727 7313 8938 2939 10006 5143 10963 6476 11804 8248 8620 7914 10253 4244 8747 9165 6747 8888 1557 3061 611 4368 7626 12944 11898 12513 2230 6948 5744 8806 9182 6573 9330 10927 1729 6493 6022 8797 6113 12506 1688 13564 996 6585 1772 12819 2304 12233 1463 1655 1706 3300 3340 5702 3800 11289 2265 3641 9348 9839 660 4763 7870 6908 9108 8351 10085 10851 1898 4472 11087 12259 2727 11101 857 2013 1669 3572 9361 10545 2179 5581 10840 1635 7277 3387 9826 1704 11942 1784 3524 7981 9290 2824 12697 4688 5309 3710 9224 2292 6311 3432 8638 2101 6245 9341 11168 1405 5700 6137 8025 8435 5289 8481 10260 10271 12492 315 6304 4909 6488 4675 10833 8368 12617 8597 10788 3354 10868 3872 6631 8683 3378 10268 1349 2833 2701 10786 2820 8036 2836 9925 314 7748 4080 4252 1712 7469 2341 9765 1383 4879 105 12213 
5017 
5063 12882 13293 
5094 
29 9587 2126 11692 2919 7991 9031 9243 10867 3573 3758 8637 4215 10962 13289 4372 12338 6260 11339 974 2022 3911 8528 10910 11624 7787 7927 10684 11668 4420 10828 3145 6201 8346 9810 5015 8485 489 5993 2181 7489 2938 4263 6578 8385 4301 9630 12611 6 2923 3312 2786 8197 5105 5920 4441 12962 13459 6042 6670 12303 9583 10160 47 2838 2997 368 9390 9790 1333 10630 11703 1413 13123 12077 12570 2094 3887 4733 5682 7052 3964 8421 8464 9807 1400 10096 13515 4687 10906 5089 8546 899 12479 493 12080 2697 3227 4584 11826 2441 12729 1848 5362 1585 7252 4504 11746 5112 11657 6355 7798 2763 11669 11812 2709 6907 6039 6818 4792 8892 1795 12784 7034 9963 9907 10204 10705 3164 8827 3806 4448 1045 4187 764 1690 7127 12061 3196 9158 9817 1077 6504 3242 10063 6444 10233 12771 12809 1782 3708 12813 5439 9526 1245 9040 3833 5766 10202 12215 7602 12285 5976 9269 8962 12648 416 10257 4146 8417 1666 2837 5828 4984 7705 2626 6420 3561 9191 12158 1428 2184 7986 11291 720 12434 6185 10671 8778 10715 3048 7926 12508 5997 6521 3319 6134 6154 7216 2300 9485 12384 8505 12686 3612 8128 7803 7883 6117 12208 713 7950 9931 11216 4826 7997 11432 859 9554 9097 9947 2231 3730 1757 10027 1858 5365 2964 4210 6182 7375 7310 10251 11008 11989 1825 3780 4060 12026 8080 10353 4074 8238 3805 4981 5421 10337 3197 8731 310 6982 9707 1332 3064 5404 8841 7329 9721 11004 11176 8260 11646 3765 11748 12543 326 3149 3901 4039 4514 5148 6110 8957 2276 9212 10284 4689 9779 5522 6557 1937 2064 3034 1090 3517 78 7625 10835 2246 4419 4467 9091 4794 6716 9626 3142 4044 3358 6353 469 9535 242 6091 3410 7049 186 296 6378 7957 10280 6265 7033 8728 11178 101 7366 8770 12019 817 2356 4304 4276 12807 11251 12150 13108 13182 8825 13004 3993 5375 7090 4956 7462 13019 12177 13522 1350 6845 4332 7645 5370 8406 6859 6989 12439 13556 1774 10161 5994 11601 501 12549 1162 5640 10301 13322 10414 12414 537 5629 1306 8012 2012 12977 2796 8674 11794 3989 6092 6329 12137 4715 5600 4095 7484 4636 13558 2594 10884 2706 9739 3874 12981 2148 6303 12185 7072 7262 11801 6073 12598 6806 12727 9623 13477 1385 13056 5202 12755 4123 10749 7539 12886 5970 9920 187 10973 1608 3802 11110 9722 10978 11662 3258 5806 10702 11083 9482 11931 6956 12126 6401 7192 11822 2600 8169 1236 8549 4796 12393 1293 8305 10529 12667 2747 8356 3942 4630 11243 3483 6878 7309 8759 3732 9299 991 11288 3099 4110 1793 2092 1877 4678 11483 373 377 5606 2582 3740 5792 12199 4229 6256 6453 7603 1659 6653 3671 6200 11185 8314 9444 6492 6775 4365 6613 5651 9781 6075 8716 10909 7868 10099 709 4392 4849 6869 7657 11501 11616 11617 5620 11010 11574 1713 9732 1658 1779 5002 2113 7014 10088 5265 10050 5660 11055 3106 8663 8845 1467 7731 9823 10084 10581 12149 796 3235 2522 2770 2870 4170 5875 454 9555 1967 2795 5323 331 5388 3835 12684 897 11500 6327 10298 1014 8378 9336 3754 4259 4766 5845 10599 9312 9483 9499 5677 10852 4822 7092 10489 12523 281 866 1157 3063 4094 4681 2553 7684 1391 8906 9476 1957 12336 12772 5384 5969 2226 8224 5698 10090 514 1215 12416 6054 9179 7481 8106 9882 3683 4911 8292 979 4626 7700 3786 8574 9529 10980 11443 12178 1148 9196 9986 12229 5466 6004 12129 7073 9054 10071 5033 10787 7897 11778 
1115 3210 4185 8446 1980 6471 4216 7685 300 1414 1412 2637 8729 9156 4925 5789 7322 11234 1934 11676 9295 12794 7568 8266 5796 9283 6897 10346 1249 10021 11491 3860 10773 8093 11067 11211 6552 9860 742 1285 2205 9789 1304 5737 2970 10321 4014 10352 4696 6801 7354 5617 8631 9868 12484 1657 10267 6057 7364 8357 1166 7507 10648 12640 8898 9615 6001 9089 3597 12362 4394 4845 3904 4608 5663 1449 11273 1764 5147 2888 5124 11546 5271 9697 2320 11002 11157 23 2827 494 8563 8668 3250 10051 11755 210 4406 13088 4323 6024 5839 6119 10423 2487 11829 5690 7171 825 7836 11187 395 1619 8564 10803 10862 12985 2371 7830 3291 6466 5012 5672 7848 8164 10140 11044 120 3370 414 4415 9883 7028 7742 9887 10201 2051 2753 1015 10902 11272 3255 4760 4359 6900 4841 8184 11219 327 7397 178 10026 9612 10892 3782 3815 12357 2130 8257 3748 5474 10806 1480 5294 6080 8479 356 7738 8042 8095 1880 8664 230 2297 8722 2521 7750 7838 2381 5055 3308 12637 4284 4666 6095 7243 933 11350 5082 7900 11816 700 2386 12404 2486 10129 5039 6066 1769 10994 371 1334 1752 12780 2481 5527 2280 4775 307 618 2206 9603 7917 12012 539 3343 1444 6509 2114 11515 2907 12448 5307 7499 7661 8329 9930 1724 6236 7979 3772 8253 542 3009 12260 6207 8442 10689 12093 5442 5767 58 7347 6102 6619 4741 11587 425 2461 4192 6124 740 1200 1716 8419 2035 9001 665 9645 10459 1921 2294 5288 3903 4615 2244 4958 3695 9914 1097 3848 2996 5930 6702 11141 2730 9500 1745 2362 6596 4220 5788 10513 1159 2879 7066 9185 1099 7224 3969 7300 4953 11874 11018 12639 8504 12516 
5316 
5467 12824 10819 12851 
5483 13254 13319 
627 11847 6025 9932 7017 12403 704 8321 2001 9682 2967 7531 1806 8029 5723 7497 10419 12645 2183 8724 2954 12311 1639 4278 4490 4893 3314 6933 4765 11782 3959 10627 6996 12420 2551 4614 5281 5561 520 8018 824 6926 678 5160 1679 4201 9660 10478 630 6060 2558 4313 5402 6591 11591 928 10273 8015 10952 814 4640 4671 11210 6172 10774 13104 2757 5519 5947 10155 1559 8179 1314 9018 3726 8103 9478 12133 1147 8874 4674 8808 11823 2497 6513 8017 7131 9324 11261 12603 3525 7504 7505 12300 3721 4030 1277 4747 11997 8341 9974 12041 11445 12296 442 12325 1484 12452 8119 10827 12476 903 3138 8452 1476 3259 4817 9728 6271 8456 12359 5153 11586 1519 9993 4830 12020 6811 10174 3693 5397 11213 735 9218 4776 10631 1994 6147 10086 2545 4894 4685 6648 7283 11715 2203 7535 2370 7806 11125 4582 10587 629 2410 10505 6563 10611 3684 12560 6647 7350 536 10775 11416 2048 8487 7547 9369 3682 5169 423 9066 2719 13325 6549 8098 8792 2597 9552 13364 12478 12655 1102 3400 6111 5633 10533 5914 7743 9221 11197 7663 10904 950 4634 6319 10563 2284 6587 7011 7333 1532 10873 2809 3490 249 5391 7648 5476 5747 1180 9219 2631 10262 2784 10732 2404 5449 1362 6645 841 5568 9231 366 5205 6289 9801 167 7263 4202 8611 8496 9895 12744 3549 6252 3260 11196 4277 9333 10148 12100 9209 11133 9984 10634 10374 12372 8116 10317 2394 2812 9750 2659 5419 7032 17 2242 3271 11920 12473 6244 6497 8936 11536 13118 3454 7677 7726 7995 11241 145 1398 470 9471 11142 1205 6750 1381 11000 1629 7316 2470 10244 2530 3567 4580 10336 5884 12147 2751 6790 10094 12710 10265 10525 2794 12276 299 3560 10347 12722 12315 12790 637 3480 4769 5928 541 12930 4378 6485 10252 12955 
5973 
5977 12948 13426 
6267 13512 13550 
3941 12915 12973 6308 13116 7111 12983 
1203 3344 7577 9081 11680 468 2962 8767 4719 5031 8816 8896 9651 2236 10566 4983 7718 13472 6711 6975 10357 8824 10584 6626 7091 4702 12943 3269 13063 486 2302 2544 5887 11873 5507 11954 5116 12044 312 2636 444 2433 3994 6536 9339 3086 11226 3268 5165 9465 11950 6967 7961 4471 4523 1096 8575 9597 12596 6192 8829 7237 10845 4035 5935 7294 4218 10824 1544 7975 5647 8537 10810 3709 6800 5428 6404 7297 4834 8840 3635 7104 283 6640 12803 1916 6506 6431 9236 3389 3484 5176 11553 593 6270 9320 6013 6408 4410 7296 2255 9564 139 3215 11838 11886 12313 5502 7942 11191 6954 7429 3180 10960 5018 7990 12382 8606 11136 2917 6609 12305 12647 5631 9726 7907 10986 6694 8823 9798 9897 8996 11644 73 911 4751 1576 10694 1479 2189 1687 7509 970 3632 816 7260 12738 6062 7422 1465 10713 3990 13406 5118 10333 6861 7655 5258 10652 569 7691 4561 9263 7906 12724 426 10985 1821 5946 11455 2921 3527 1763 3601 5959 10449 5030 5461 8438 689 5653 9412 11309 3495 7133 11302 10070 11058 11408 1181 11799 2570 11845 3376 8604 5065 8748 4835 8186 9073 4567 13343 2528 5907 8503 6227 10635 7487 11831 7585 8053 9401 12669 733 2261 2447 9712 5553 11386 980 4295 9057 2722 2994 4914 1845 13021 140 6568 2412 6510 10243 11066 2318 11184 1337 11107 3991 9177 1176 5287 10339 2382 9463 512 6783 1820 6866 1483 3409 4098 8757 1168 9422 2372 3809 7373 13446 5514 11230 1814 11132 11171 12615 11970 13030 
6410 13216 
6535 
6575 12917 13154 
6604 9561 11729 6687 13089 13407 8814 12957 13027 
721 12317 6973 9345 2726 5495 7182 7960 1462 5866 12795 788 7553 3836 8268 2333 2801 4717 6055 13390 2406 2894 7438 3411 9103 2388 12548 1549 9215 12788 3248 7672 3085 4265 9454 12942 1756 4602 9112 10261 3018 13521 2337 11207 3803 4034 8490 8820 14 4209 9562 7213 9393 5531 9486 10222 12273 12856 3438 3459 10153 3956 7398 11169 1269 7268 10139 1618 2319 780 2463 884 2268 1380 12450 2932 8641 9249 2592 9041 5083 6612 7866 11123 1947 10101 8497 11979 1364 2520 8725 13151 579 10734 6440 12254 5503 6572 2138 7631 1678 2839 7201 11322 1742 2429 6733 10853 6071 7716 7010 9811 10335 1546 3398 1010 6109 9512 2825 3511 11695 1183 6924 2609 7624 11001 11941 12290 2793 11666 12064 463 12162 819 5489 1361 3335 3491 2746 5707 2971 7379 3566 10905 392 5317 11947 2399 12102 3181 3978 6553 7849 10984 4648 8562 11364 12766 4694 7732 4036 12471 2147 3170 4437 6721 6499 10576 6151 8275 3797 8047 8412 8492 4664 8954 9754 12360 3336 11186 231 1630 3361 359 6781 7762 8401 16 6300 2548 12702 1263 1570 1981 2498 1514 5957 7452 124 1516 11869 5211 6224 11352 7683 10554 9850 9922 4153 12528 4804 11697 213 10661 3198 8206 756 5742 6710 12661 137 4343 12280 4288 9904 4360 8967 9157 13192 76 2093 9507 12963 1250 4028 4917 5528 5782 6909 8280 7764 10565 6287 9225 781 3084 4746 5420 11026 12756 5852 7115 4380 6383 1776 7019 5436 6439 195 4071 3195 10871 2217 8104 8432 13369 5944 12638 6218 11114 7949 9667 1165 13314 530 12057 4042 11960 2620 4242 367 1536 4433 9447 10110 13207 2737 4997 12524 10487 10971 3052 4527 10106 11370 513 5075 5161 9952 12644 1962 5430 1261 1993 2912 11840 1409 6656 861 2942 1291 10387 1140 1186 12032 2578 5311 4537 11122 2354 2669 6284 6590 2848 9495 8927 13363 8148 11678 2359 7334 744 9711 8315 11246 9152 9620 12144 2110 5819 1540 10645 7400 12674 12833 4046 4499 4759 8410 189 4226 11807 3044 7517 10792 2256 3056 3592 235 4691 8099 11037 5750 9347 4043 11453 3257 9757 4513 6827 3759 7733 2274 3533 2640 4083 6361 13148 6210 8414 8334 12038 12583 12584 3764 9044 9178 1589 5222 5621 5885 6021 8548 669 5841 2023 2968 11612 1739 7741 8409 844 10443 7298 12117 
6776 
876 13097 6786 13471 13501 
72 13333 6839 13067 13379 
7062 
1276 13356 5902 10659 9797 10067 11409 2929 3526 3676 6847 10482 11033 6870 8934 10800 4507 12579 5415 9275 3117 10093 6500 7075 4455 10307 4588 7394 8577 8686 3276 8568 4319 4720 6740 8168 9105 294 11652 61 6872 8187 12078 13288 2656 11718 4312 4452 5038 6983 10975 13344 6533 12949 12951 170 7271 1133 13500 13561 1717 13547 675 7843 204 10848 4545 12261 1794 7581 1995 5733 4285 6282 10488 10712 5417 8834 10579 5802 6477 1374 12730 5355 10550 1767 10577 13543 3426 4282 309 5044 3224 10123 4207 8590 1062 5077 8097 11488 800 10239 12429 2047 3221 1568 3377 13351 7614 10700 1879 5681 1929 6734 9208 12398 3152 4480 5810 8081 3218 10928 3929 8011 3430 9846 6634 11848 88 12683 1925 9958 2221 7769 3882 3918 11452 9514 12984 3585 10073 5949 12785 2365 10326 448 9704 2460 8718 4227 7812 8324 10121 5164 13278 8309 9658 13285 888 6053 12083 9193 11739 13412 1173 2896 3452 13372 
7411 
7476 13199 13429 
7490 12839 13195 
7552 
7576 
7641 
7642 12933 13507 
7656 
7707 13174 13444 
1893 9572 3808 10277 986 2264 4929 3829 10445 6530 9621 3953 10688 1545 11424 506 10582 3174 6051 9755 13066 1089 12486 3275 10585 10655 3830 11112 3122 8279 4107 10169 12003 6751 9314 5187 8976 3325 9596 3540 6882 7074 8221 1854 7518 9687 755 1987 4154 9344 2832 5412 8376 7265 11233 4618 7424 8929 11405 9395 12079 1080 5859 2586 6114 8462 9968 13221 132 6450 7794 11378 1258 2024 5136 7729 10538 1665 6292 13095 2032 6155 9585 10031 3261 9719 2813 7538 3973 10933 5800 6986 6255 7292 70 10685 1714 6742 2909 8161 3071 10750 4781 5526 1755 5627 6121 4005 6744 2095 2424 6994 12125 6610 7945 872 3664 4551 10163 11744 1610 7317 1862 8220 771 10306 11407 12096 12768 7792 8774 10089 11580 2605 8675 4315 7930 1999 2202 7763 3349 8395 5516 8109 8867 10543 4322 9325 1466 11036 13420 3610 4302 11311 7823 9730 243 2965 354 915 9396 1116 12284 1008 2194 2290 6193 11428 3621 13415 10763 13039 3199 12866 1169 9064 3647 7002 8147 9154 2479 13133 3462 9544 12191 795 11764 8740 11398 620 683 6186 12521 549 7425 12186 129 5001 9536 1427 5213 244 7258 11878 3914 8707 6306 6822 2943 7168 4164 8516 10609 5757 5995 10498 7244 10017 12009 12736 10232 13091 10059 11222 4348 6197 13530 1881 2617 2835 8856 1894 5886 4140 6868 9680 10572 1556 8298 4988 6326 33 8322 10602 900 2995 1883 6599 4196 7267 7371 9375 4324 8152 1975 3885 10782 7102 12812 5975 8173 8404 12469 3294 8543 11634 11712 7695 8416 11372 10369 12182 515 10402 3222 6867 5771 7985 10526 6323 6704 8753 4528 6788 11903 8971 9504 8182 10864 5583 8750 8142 9037 1902 11685 6709 8802 11385 4812 5472 6344 9731 4208 4605 942 10425 11166 4493 12760 759 5256 3098 7563 11701 11909 747 7149 5974 6511 1038 3143 9261 2826 12197 6690 11932 12853 1440 3707 9100 3954 10249 11598 183 4100 9590 640 12183 2082 4369 3282 8817 8833 9274 12161 2560 4287 3374 8592 10258 11983 
5203 13034 7863 13508 12568 12965 13277 
7477 9548 10849 3520 7619 1504 9944 2165 3983 9246 6606 8063 772 6625 2442 8114 1406 8782 619 978 2781 6156 6310 4491 8241 10795 2646 10234 12124 3746 12656 6632 9457 3763 4434 5604 5648 8056 8705 3881 11315 4048 4649 495 557 12705 8848 8859 6958 9778 802 3506 12787 8826 8984 9159 1771 6272 5687 9634 1339 1482 4544 949 8813 7 7042 5422 10696 127 714 4177 4105 5786 1036 4793 702 1553 2743 2842 4270 9480 4947 8742 1953 7754 3101 6841 4447 12090 7772 10710 2877 4771 5894 5025 12775 1084 2348 417 2393 4326 1461 2564 4403 10594 11698 1601 1882 2607 4856 602 9547 12134 12417 955 12557 6165 8355 9727 10620 698 1042 6394 4427 6950 10029 8828 10371 11776 97 5095 5 3239 90 1710 5770 4084 11478 7916 11923 5608 7782 1100 4651 3393 8126 5243 6487 4556 4736 12662 1843 4948 7114 6876 8005 12765 6434 6844 9116 11637 7967 8219 3678 11700 49 829 5406 7135 288 4206 9863 1599 2214 4178 12153 2779 8466 389 11201 1071 3865 3727 4502 11062 643 4581 1490 8557 12045 1317 3661 3644 6937 6018 8942 11651 4023 4521 8256 13357 9254 9389 1773 12174 3334 5668 4375 6425 8721 10377 1125 12001 1563 2068 7574 6701 11841 2947 7595 11492 1223 13324 1804 11635 3474 11864 7030 7471 7270 11264 2396 11779 699 2190 10242 8006 13264 1522 8907 6785 9852 12782 1644 7382 13474 66 7338 9753 10590 114 5056 10168 1160 3301 2948 11371 822 9230 1510 2321 3217 6874 2989 3813 6417 7051 7384 1778 6911 8865 4828 10198 2790 11538 3192 12495 9469 12243 12592 3315 10288 69 531 3316 582 1751 10496 1447 1575 4205 3796 9607 12614 497 2561 7450 10761 5718 7813 9059 328 3584 7055 12031 6392 12281 8262 12410 994 10636 4558 9446 3947 11310 1219 4838 8987 562 3469 8701 10838 2171 5655 10037 5641 10354 11731 4374 4418 4458 7147 1966 11852 528 2306 11907 4445 6248 9121 12181 4540 6680 4620 6662 9987 741 6176 4057 4230 5639 9531 2329 9048 4175 6748 5578 11677 4986 8371 3869 5338 6375 10900 338 3541 11513 9351 10521 284 1359 9520 241 9632 9818 5664 6343 1863 1963 7944 
8043 
8107 12868 13261 
8234 13047 13368 
8235 
8263 
8277 
8291 
8335 
8343 
8364 
3005 7600 10568 13211 3522 8855 4484 5650 6173 6458 12832 811 7320 842 11179 2576 8236 13024 1888 2865 7346 1113 5509 5291 8994 12022 2 10133 5236 10562 2081 2494 1330 8769 11562 12407 6766 8737 10517 4559 4709 892 6705 12099 8069 8310 1611 3185 8332 350 4382 526 8760 6406 10318 10469 12778 1965 12087 4065 6700 2755 7934 2769 5563 1351 1886 3892 5703 8688 9633 10111 4752 4868 1228 10979 11517 12291 10 5259 3492 10915 1968 10518 1978 3338 4248 944 2112 834 2483 9656 10624 345 10547 2638 3306 7704 9145 5020 7142 2679 9705 5285 6286 9214 10491 8920 11448 3252 7544 474 6659 9352 12635 3637 3980 7377 8211 4532 12735 7254 8287 6650 12368 6850 12564 6162 11981 8465 9343 275 9768 6175 12111 3213 12540 1287 8547 4785 4840 7920 7012 10668 7908 10056 11607 3838 11514 212 7230 9020 2074 6860 8175 8389 9113 2584 11088 1109 10389 2788 4806 8815 7447 10410 1230 3320 2286 8966 9876 3558 8693 10997 11674 2052 4377 4498 5133 352 7935 10779 7095 11645 606 6351 11508 6058 6064 12563 3715 9223 10907 6298 10967 4 6962 222 8863 785 4015 9982 10466 3166 8328 13395 3702 3788 1114 8424 11308 12138 1509 6366 7921 10759 11714 1127 5269 8308 11461 4657 5301 6794 9566 9756 12358 6565 12048 6720 9334 11195 8919 11720 13112 4118 10754 12838 3905 12837 4998 5506 12896 
8615 13105 13238 
6706 8618 
8640 13051 
8800 
9047 13183 13275 
9055 
9197 
3274 5363 10641 8886 11089 7633 9174 3212 8493 4438 4534 2248 6719 6936 12675 2473 7597 2653 5611 8691 4158 10561 3741 5351 7710 1577 2529 8761 9772 1741 8916 9503 9516 10033 5320 11724 8914 11736 4779 8251 12817 1830 4258 2477 8451 174 11086 6569 7537 5809 6544 10058 1282 5504 8431 430 11846 5597 9286 10621 3724 9569 3463 12231 6389 10373 198 11900 75 5966 3844 4976 6892 9248 191 4053 9867 695 8150 9481 3658 5110 458 2072 5008 3897 9153 9962 5879 10235 11444 4483 10385 1705 3464 4940 5477 3828 5117 9864 433 923 9357 5200 12347 750 10622 1043 11691 5154 11584 1686 1868 2132 12218 1324 10650 1942 10558 316 3362 4591 4256 7037 3951 5929 107 8041 12264 5880 6712 4855 9258 1309 8719 10870 3254 5108 4135 5206 11750 12171 7048 10348 9629 10362 11693 1985 11144 8407 9933 761 11368 8952 9079 9844 10765 1730 10075 8307 12820 546 1163 6675 9479 3595 8889 10398 1150 6548 1889 11390 6713 12805 758 5643 8726 11438 2419 3614 4008 5693 2137 11361 4124 11209 11414 4974 9638 6736 10152 8785 11362 4816 4949 9419 11329 483 1193 4921 1726 3987 262 1913 3163 10162 9676 11881 622 5324 1616 4168 1832 8158 9505 2840 4340 2377 8066 12743 337 7802 8667 1278 3136 1547 11373 2958 9759 3576 10381 12062 4848 6765 9281 9905 11821 5521 9978 401 9016 5523 10118 2588 6007 9222 4457 7134 7587 10170 11151 7456 7915 9308 12225 10857 12581 956 963 10983 1019 3832 5921 8532 6942 9820 7483 10495 1555 5380 9099 2228 11754 4309 6242 6663 10501 10507 11278 5120 12783 5226 5987 2050 10753 4542 7551 7615 8486 303 8694 259 535 12750 5252 9885 1552 5441 2577 12443 2503 5883 11392 12113 3608 12515 7158 8092 8430 10047 4609 4632 7708 4106 5069 5101 12806 5189 5634 4166 6122 11466 8140 11939 10663 12085 3038 3457 10120 3818 12427 5218 12580 3324 9720 993 9888 12132 2468 7097 346 391 4951 7607 1738 8539 3359 11494 642 12533 1676 5129 2119 5042 6678 9013 3220 7901 6089 7200 5833 6309 8986 2647 6767 8441 12496 3194 3675 3888 3924 4980 6791 7059 11818 1022 7050 1455 8831 1225 2772 7223 2491 11867 12278 1680 7069 5525 6581 5576 6649 5152 8007 98 8033 7970 8255 2041 9365 2871 3303 104 8476 12954 1257 6008 11032 11558 6682 7922 8218 8523 1307 5049 10493 6914 10588 1890 5917 1477 11300 6893 8159 4274 11791 
9273 
1270 7827 5451 7196 2807 12419 1750 4818 3810 9541 9891 8166 10723 585 6104 2984 5622 6696 467 3638 7788 5542 10966 5090 11871 3853 6833 4943 11245 1734 12042 4388 4552 240 6661 738 3543 6693 10023 5041 8711 10746 449 3618 9506 11240 4257 12435 4245 6729 4808 4950 3030 5794 7453 10186 12320 1488 2334 5539 6773 2439 6991 12453 5048 12366 4142 12607 765 5076 5424 1737 11759 3087 9071 9124 8553 11342 1281 1695 2251 1534 5032 9890 143 1326 5991 6313 2465 11229 3046 3272 3141 4748 7948 8872 5591 7689 3161 9284 2569 8348 9150 11992 519 607 6644 2043 8203 8586 12501 11031 12620 5303 12541 7668 11798 8587 9151 9837 8377 10426 3792 9092 108 5755 372 5557 3424 8306 12266 1823 10221 2552 5738 3672 10731 2016 12189 7492 10062 812 9743 6454 7040 8112 13354 1388 9011 2204 5807 8199 9589 9989 12901 6927 9832 13193 1052 3309 5433 7943 7174 12821 3092 10127 11253 12023 13044 9780 11092 8682 10393 7692 11146 5139 12499 6015 12323 10430 11518 7580 10693 3498 5475 2513 12400 912 8963 9198 575 11883 12433 10866 13053 1700 1931 4586 11512 8178 12017 136 3952 12115 2830 11549 9039 11341 419 7357 10237 10600 12808 74 11009 1259 4707 9004 334 11266 11742 632 3119 3864 11426 5438 8096 2160 5455 9373 4306 6048 10061 10272 2398 3042 28 11267 868 3284 123 8156 6276 10345 5425 10417 6063 6688 2098 9650 2104 10149 246 10035 9646 12342 9542 11091 3310 7561 8654 4495 12464 285 11628 3587 8690 2009 2538 3615 3625 7761 8781 10442 5571 9377 9484 12075 577 10606 8288 10895 8240 11507 2099 9453 2534 2980 9956 2219 5023 1775 7508 8981 11915 5547 11681 4573 8472 1020 3076 12455 1323 3873 3403 11182 3776 5060 3441 4413 5300 7061 
9938 12878 
10055 13450 
1720 10814 1664 8375 313 6196 9668 10461 1145 8809 11537 2986 6188 3371 10285 9316 13400 5577 12145 13455 2918 7884 3244 11675 1120 13244 5656 11316 6423 6834 271 11751 11772 65 1970 2163 5505 2992 9593 3159 3380 6964 7954 7842 9582 10772 12690 940 11154 4829 8554 3144 6723 5843 7151 8754 11104 1541 3775 4002 4007 1135 12488 3148 6166 1432 4334 1218 13003 3917 4416 10920 4283 4549 5909 1918 7433 2083 9366 5047 12166 2227 12696 1446 3528 5587 6419 743 12365 1238 9235 8741 11519 5010 11762 6257 11987 7383 11706 5021 10767 2661 4009 11108 676 9498 2890 12344 4926 5635 3718 8003 2797 6412 10440 8010 11660 4546 7006 4952 5724 4338 6128 6494 1815 12363 1580 10109 6887 11388 6221 8445 485 2283 6809 2991 5908 12193 7699 12561 117 8534 9010 5850 12387 4155 5910 7170 11545 2408 8259 995 10612 2567 6780 3581 7005 10957 2808 8032 4347 8207 12025 9406 9696 8183 9310 3419 12456 5372 11555 2392 12616 775 13312 13353 4823 8853 3428 12390 13326 849 2712 4807 8176 1701 3012 2374 11819 7831 10401 792 11192 2556 4019 159 8349 6820 12633 3823 13290 4508 7321 4853 9838 8000 8685 3923 4045 5829 6582 12937 2373 2696 3228 6237 11756 9024 12180 6000 7781 8651 12991 1847 3188 12252 3162 8591 725 7437 2436 5346 10527 11493 5851 11971 6129 8471 831 11640 3582 10045 10477 11599 8689 11926 2335 3679 8270 3114 3588 11837 2426 3439 4683 6714 329 6081 4939 6386 2149 10456 10433 12849 2472 3620 13563 3768 4040 6997 6570 6743 3081 11269 3182 10142 3289 3876 4133 8021 5126 9957 4237 4251 1131 2981 9862 4821 6490 9533 11723 12571 12796 
10182 
10192 
439 13431 10327 13403 13554 
10395 13197 13380 
10510 12975 13107 
10574 13185 
5174 10187 3002 8993 12589 181 8057 1058 11573 160 4296 1491 2972 3889 6943 6769 12485 2030 4735 10379 11244 544 11811 5260 11966 7431 7933 2897 9985 1634 6009 2069 7658 10458 12601 2258 7983 1347 7282 4938 8296 10042 4754 5972 6415 1005 8415 10937 11150 12289 2773 9488 5043 11139 7516 7936 8704 4663 11641 4361 6832 8665 5178 7496 881 9433 6837 11952 7613 9637 10940 11576 394 4875 7442 1651 3057 9831 85 6676 8900 1151 8102 1524 1684 6483 1009 12105 321 11639 397 10076 1732 8533 12725 2029 4442 5780 9835 2505 12091 7971 12536 6498 11237 769 1501 4805 4932 5235 6849 1031 4362 10191 10701 2554 6949 5725 11279 2760 12308 11429 11936 2880 6456 2108 2959 6170 2352 2819 4506 645 9075 3801 5231 12520 5950 11974 5630 10320 12422 651 2298 5822 7306 12401 1198 8935 2060 3466 3146 6381 1668 2129 3231 4673 5435 11753 1813 12482 5127 10506 7218 11605 3394 5180 6752 10799 12164 839 12250 9461 11506 148 10368 6470 7977 3022 3384 12764 8167 10674 985 11730 8276 9167 4346 8766 5000 8177 8285 3631 11725 4292 7355 10726 2635 5418 6273 6987 9078 10615 250 10305 3530 12630 4653 11671 5812 9441 3851 4553 7676 7892 9072 10809 11305 1049 8980 6189 7796 1811 9087 570 3974 2985 3043 4515 3202 7299 1807 12431 202 1403 1094 2555 5919 4443 5446 434 3118 4272 8589 11638 9679 12706 
10664 
10690 
10764 
10843 
10865 
10872 
10968 13514 10958 13375 11510 12823 13503 9002 13502 
11014 13338 13518 
11205 
11256 
11487 
11683 
456 9362 615 7273 9939 6163 9131 1959 9715 10351 59 11891 2233 9959 2776 4006 8985 5137 12585 6757 8461 32 8181 589 8780 5713 6354 1884 5837 7594 4800 10180 2492 6735 2955 7545 203 7236 3787 4171 3696 7804 13101 1170 2565 13050 9125 11255 2598 10801 3214 11710 4899 13473 6770 11435 11835 3321 8273 9510 13126 1029 1493 4261 5566 2691 4744 12676 3055 8278 12527 2196 3396 5349 3538 6275 6617 10916 1567 10989 3731 4333 1494 4411 9945 2157 5795 2904 10474 5836 6087 4404 11214 10922 11621 1295 7747 687 932 1721 5735 215 5821 8948 12159 2446 5776 5348 5874 893 4454 8046 8153 8614 1294 12066 3744 8372 301 1478 12505 4197 9851 1500 2305 365 3307 4915 5708 6376 6447 8160 2376 5613 1561 5070 1663 5982 5471 7800 9313 9397 4531 7082 7541 9132 
111 2927 190 9724 907 2380 2512 5825 96 2878 342 10519 1283 1702 9574 2905 9204 10375 12165 697 6293 7374 11919 2085 4825 7506 9407 2611 8635 1095 12245 1920 7210 9238 63 3397 835 8983 870 5732 9162 12623 4672 12426 10771 11156 4524 8875 5378 8905 9746 11505 5473 10388 2466 9409 4031 7548 9791 119 1199 9950 2874 5549 9718 922 9371 10144 12491 1271 12295 115 10472 2537 4750 2054 11741 867 4742 13031 1977 8408 1179 2007 9270 10616 8923 11481 9649 10444 11990 7888 9827 11490 1092 9294 1897 5482 7717 339 6390 4575 7169 10680 2164 8037 144 3285 5704 1202 5201 538 12734 1175 2369 355 8333 3177 10481 12786 8709 11158 7295 11075 891 9144 4013 8353 2886 4919 1487 12970 7047 9662 1196 9787 8469 13301 4029 5820 12440 1834 5257 5009 6377 4560 7929 2140 3769 1188 2700 3130 11081 5535 8117 3230 4767 9323 12811 1356 8367 7569 11806 10211 11077 1407 3840 7777 3431 6652 424 11665 5296 10205 6503 7325 10004 209 10279 2309 3639 4538 2310 2501 2336 3413 8520 5726 12454 890 8387 1839 2665 7466 4398 9460 149 2742 6825 1457 2856 3747 4543 6787 12732 2168 7473 7486 1112 8921 6695 7698 5254 10151 13511 7239 11059 12518 5772 8765 3405 6555 8648 9405 308 9172 3837 5565 1891 4228 10681 11258 2407 6230 1628 1802 5989 2484 5111 1244 5508 5468 10625 2125 9353 571 7285 7367 10435 460 3542 5166 8301 8928 1396 6005 7370 11827 
11888 13377 13551 
690 4401 1969 3447 5654 10591 5838 7586 4613 8038 1119 2253 11497 1824 2546 8282 2944 3843 5480 5818 11787 1887 6452 7081 2853 12451 3613 12467 3445 5237 4931 9126 11379 2017 2846 89 10480 11208 5797 9616 11046 152 2693 731 1216 5409 3004 12537 2444 12202 4660 6965 11916 3058 10079 3995 10534 6342 9403 828 8427 1142 10719 1586 5149 7337 793 1450 3687 8857 3515 3600 5787 12673 3100 5865 351 7736 7882 405 10334 415 1454 2961 4654 5590 3781 9122 9716 10716 5210 11609 5898 7399 1649 6605 5123 8231 1855 9703 6795 11908 12151 53 7187 931 7638 8890 162 5284 4115 5144 10066 10394 5072 11381 153 7880 10164 10860 707 2131 2603 11052 5679 11235 2174 9686 6115 9622 10254 11460 293 11978 2767 11757 6491 9751 4745 9005 1207 6299 9729 8008 10490 7284 10564 1025 12094 457 11204 2821 8642 696 7349 8054 10080 11099 6620 9437 10303 11498 1305 12140 1581 11554 2977 7546 9050 4108 7167 7457 4860 9584 621 3831 4627 7242 11625 239 1620 4475 6923 7003 9192 1039 1531 1796 5741 7911 2193 6346 7706 8413 2111 10822 9038 12152 3351 3518 5035 10992 229 8075 1906 10919 1860 11218 41 10523 12324 12354 436 4884 4037 10929 6414 7767 6328 12184 13294 2259 12310 1149 6717 8124 883 9387 3859 12995 1129 2614 1212 8396 767 7636 3879 6639 6178 6274 3579 3743 9929 1731 11436 4224 9708 972 11959 2618 7687 11945 12700 12774 64 9439 2237 7532 8595 12110 44 3704 3645 4555 4990 11520 12076 2714 11434 7136 10019 12107 1520 4290 6467 3504 12682 4604 7928 8602 8281 13132 318 13134 1670 5862 12490 6580 11557 2450 8696 3982 8040 2123 7962 9808 10791 1725 4225 10679 7776 11056 2115 5221 4114 6379 5423 9233 4116 10296 11200 11797 5478 12594 2692 9699 784 6396 11365 2438 11165 7445 8082 5948 8666 3821 6938 7202 11839 1204 7406 4067 7955 10991 2780 5658 5903 9546 9251 10095 4963 9698 13251 4898 10941 4871 10813 12088 5364 5762 6028 7495 10847 10756 12747 4018 4478 9788 7968 8912 1787 8295 2173 5823 10195 2037 8525 3191 12039 5754 6941 722 9435 7785 8312 4376 5058 5485 6014 3819 9180 5569 9042 11357 1101 4307 6840 8482 8915 118 7341 10605 410 1746 10885 10969 1950 4820 2766 6264 8108 1217 2787 10392 2983 10642 9611 10778 6547 8518 151 5306 11252 2118 5234 9160 9381 6436 8805 8061 9829 9841 447 9618 3793 8313 8756 9033 12173 12726 929 3510 5045 11566 854 5683 4959 5194 4047 12067 682 5636 8023 3433 6332 206 9843 2799 4786 10283 10982 6683 10718 5157 7918 8068 8744 9448 
12226 
12294 
12351 13043 13130 
126 2624 1747 11653 657 1355 10557 631 4474 1177 2625 2806 2252 2511 3347 3863 3699 10850 42 1735 8717 10100 11929 1907 6180 2632 8530 9848 1622 4659 6070 1861 4859 4405 12497 524 7381 11248 2952 9315 8860 12170 948 3283 4565 253 1874 1389 8659 10167 1972 9141 4995 8555 6036 11160 11656 12154 529 1436 4279 10072 523 8636 4658 6846 2127 5193 2445 9203 4969 8454 1770 6291 10199 5007 12411 918 9234 8508 13131 1086 12723 4831 12143 1298 5448 4268 7024 7905 9657 11743 7175 8849 12106 260 10826 4275 8449 4189 10629 3209 11603 9264 12297 12593 3609 9911 1322 4985 2740 4944 7351 12319 8062 8657 9677 6749 13394 3627 5413 7184 11003 5736 6295 6125 11082 2599 11167 4222 7179 10954 13086 9496 13164 1973 1992 13423 1648 3902 3839 7549 12442 1190 8366 67 8434 2317 6082 150 7680 2688 9602 5661 8763 10105 826 10891 3072 13433 1284 12489 930 5196 7164 8386 2087 7992 11856 4773 11524 4128 5204 6040 10185 10943 11080 6902 9894 5853 11079 5387 10733 280 768 12797 7760 9346 5870 7688 2096 9259 93 3489 10703 3015 3972 1003 4557 2139 6999 10912 6445 11249 1371 8507 5592 9229 10998 820 2734 10178 2368 3243 4054 4864 2815 3933 3890 4541 1853 4063 6204 12157 4755 7744 4356 8403 5584 7913 4924 6532 2667 9641 952 12670 745 1011 10220 3966 4890 3425 4444 3955 7031 2574 6558 11737 1733 10041 11285 1489 9130 1338 7250 7348 11363 175 8777 7528 11792 1946 10790 8887 10546 5088 5233 9737 1595 12558 4753 8619 7396 11977 1344 3019 1201 9881 5183 7554 2208 11047 5586 8338 10014 10923 264 5567 9877 10831 10313 10752 8475 12470 3223 5598 5793 7491 11982 3894 8720 4662 8325 6755 10217 10692 10837 201 5401 5981 6140 255 9723 2191 6852 418 2619 3651 718 11611 2750 6797 1698 6320 166 12761 2850 8552 5037 7801 1744 9964 3265 4500 4721 7393 3025 5244 2005 2067 427 8649 3629 5728 6635 5172 9194 8252 12256 1798 7479 773 12350 7053 10955 7197 9297 496 6283 8382 9176 8188 12432 4644 5642 7649 11994 5811 8672 551 2342 13267 2841 9538 556 12987 516 3855 3960 4200 4078 7621 4119 6737 5333 6247 728 6771 13218 2493 8318 12519 6238 10428 4695 12762 
6369 10081 895 3656 21 11038 11111 1590 6023 5559 10409 282 10065 2729 4366 11337 5209 11965 973 8891 9688 2384 2430 964 2963 3659 6250 7211 3010 9240 4913 10678 508 4357 125 12602 5019 8274 3551 6399 8630 708 7274 3270 10708 3913 7679 4462 4629 5599 8086 8130 500 1486 10403 3521 12139 3884 12352 1685 11579 9 958 4896 11183 8542 11529 6191 11968 11996 5179 7107 3372 7779 413 7865 8961 10122 4231 11126 5207 5925 8734 12119 2106 7919 1914 9237 11287 5445 8566 6061 6848 2378 9770 12605 79 3448 5460 7326 12214 2423 8110 2855 11260 4782 7215 6043 7401 12098 552 778 4978 464 914 9824 2375 3893 8616 4424 5834 5657 10770 2124 2385 11865 2504 4726 6463 7214 8560 8425 8541 4725 8989 6595 8946 658 8911 10669 10138 11780 885 5242 6622 12716 1232 6925 1766 8522 8133 11830 5691 7109 9432 8 3172 8100 8151 10639 7493 8830 10473 12575 453 6589 2421 6031 5848 8149 6269 6290 381 8222 11360 3737 6896 8579 6624 12179 8246 12335 3318 8918 5570 6978 10944 12257 5276 13235 624 11296 4203 6370 4957 5335 646 11843 7712 8354 9250 12355 1878 2331 11817 13070 939 10043 396 1107 4936 9169 247 4520 6044 12286 4354 5501 9598 375 10970 5799 12781 4877 9761 543 11023 11963 13127 5572 9966 10150 13092 5096 7562 12188 5854 12120 13136 22 3509 12 7786 11172 13202 6608 10166 7332 9821 5405 10412 754 12274 13467 2913 9816 11707 2241 3502 8703 12073 1497 12677 1192 12198 5367 5990 10683 1065 11479 1718 7845 1274 3360 1448 9871 1387 9017 1613 4137 7502 8339 2518 13461 2387 13002 13198 8384 11354 670 2453 8499 3719 11366 270 5408 7205 10083 4772 12555 4143 13058 797 12502 6253 11129 2639 5350 12293 2448 3408 2916 3416 7229 8345 12004 1357 5297 8960 12318 1111 3578 3799 7183 8370 12763 5057 8676 1940 4214 9908 7415 9511 5497 7103 3356 10812 11882 2851 11162 1903 3516 1748 4199 6642 6760 9472 6136 10818 9076 10366 2004 11855 13228 2957 6349 13439 1302 5229 1001 6969 8374 2073 6448 1378 2745 7281 4865 8710 6514 9491 3611 9840 3017 11321 3067 11853 12221 674 726 4450 9684 1375 5103 5175 2612 9815 10618 12013 1810 7178 4616 8347 10977 2725 2863 11006 13246 13434 2314 7314 5140 9464 3497 6348 86 11892 9942 11334 9702 12074 3697 7783 603 4387 10250 2167 10390 4000 11495 1185 5403 384 5216 3342 8064 7261 9856 3660 8795 12552 1833 3190 821 5915 11786 2508 7130 5453 9899 774 3050 7526 8992 1313 3134 8399 12517 1762 3557 5667 3382 5342 347 1091 3187 7129 2307 4355 1189 5813 3127 6562 7068 1984 8143 340 1753 1761 5383 2506 12049 163 567 2044 1416 6142 2170 3381 1996 11119 943 7566 2451 7056 4311 5400 7122 12759 3907 9450 8662 11394 3652 13383 205 227 1835 3477 5601 9298 1521 10154 475 2287 6152 9107 5369 6803 851 1083 6529 2122 9232 8521 11613 8002 8607 3026 11391 9168 10682 11333 11825 238 10497 6947 10322 3476 10208 1709 6993 10358 6084 6741 5518 8210 9575 7640 11359 5493 12210 3604 5318 11016 11975 1224 4596 4656 6502 8228 1617 7925 3623 7818 6745 7119 2225 9595 420 2422 7083 12608 3305 12425 3328 9693 1719 11604 605 13110 5064 7644 8311 6726 10429 13119 1379 6209 6421 7608 7430 11415 4422 6560 9023 9111 9873 5158 8670 12663 901 2071 2976 4183 1075 2279 8610 766 4579 12279 3734 11190 992 6002 4221 12573 12958 325 12595 4910 9147 4704 10897 3822 6478 7878 1423 8511 10365 12463 1892 9742 1743 10569 6921 11147 
12554 13099 13480 
12556 12871 13226 2630 12865 
1513 7610 1411 3716 1722 10060 3926 5895 154 4598 6629 2327 7101 1439 2326 9580 10637 11993 2021 6317 2756 5537 9822 7886 9988 216 2875 9455 5182 7029 2771 7468 6618 12636 9220 11769 3599 9528 1909 9997 2949 11325 4463 5255 5564 7564 10424 10807 3779 9467 5238 11464 3478 9903 5562 5936 7835 4003 5669 9321 10293 51 10722 1248 7253 5313 5347 10842 954 9570 921 1749 6133 2316 7839 6883 11317 4668 7344 8559 9975 3648 6576 7565 11709 319 10766 2239 4145 9579 11134 94 6561 8129 9521 11413 1081 11049 837 5171 4522 11921 4937 7444 2707 4096 2765 9205 5410 7620 10092 838 10964 1182 10297 8488 10953 4706 10559 1220 4603 1240 4004 7959 11417 4211 9359 1213 1308 6699 2715 7275 11175 574 8655 4134 9701 4566 7035 2843 5877 6234 5927 9954 2482 9814 1785 11431 604 6574 7057 8870 10709 853 10769 387 3738 4661 10858 3688 8738 4905 11057 12136 2596 12567 7324 7392 8327 12227 2694 12652 4655 5615 3514 9253 10894 12051 7525 8209 10137 10911 5922 6673 5594 7867 8501 3053 9244 10295 4477 12466 1591 11608 2186 11842 3165 10981 1346 4212 1503 12960 399 10619 1535 10956 1852 5791 10400 1579 5443 4548 11548 3862 7096 6301 9262 7327 11314 4607 8969 9981 9466 11011 398 565 1209 9424 499 3928 3080 6725 10539 2657 2718 10592 4055 8810 2583 2973 4430 1040 4316 4510 2162 11682 5341 5830 10216 12304 3513 7078 6577 12712 6107 8498 1256 2249 1805 2510 2296 10312 572 3552 6517 7100 11164 135 558 1588 9782 10512 732 10165 358 4903 5777 2774 12331 12718 7177 8854 3461 5360 10131 269 5214 6508 1422 5286 2428 3602 10015 476 10399 4732 8078 9714 8572 9109 3949 6345 904 9735 11007 11534 555 1055 12891 1530 5465 591 4791 7559 9937 5261 12562 3655 12739 
1697 11221 7232 9030 2969 3236 2360 3771 1786 4085 12503 1506 8447 864 5304 7671 650 5217 664 7876 9515 10844 1915 3436 4165 7016 7861 1235 3299 1645 6099 2785 11029 3523 3751 10463 11096 172 11738 11879 109 10745 3406 7376 9090 924 2903 6030 1013 5386 4238 7768 8016 6894 9402 7189 9923 6032 7669 7697 3211 6076 5941 9784 1662 8739 5264 12222 4920 6387 9021 9644 2169 7567 5943 7467 10338 666 4628 7156 779 2440 4069 3132 11938 916 4102 10225 6505 12380 7386 7572 10908 10988 3494 11905 8352 8405 9418 10438 1846 11048 6079 12708 634 11887 1024 12618 1951 8192 8299 1625 6819 5552 7084 4409 7369 3029 11069 4253 5900 4399 5028 5352 5432 11585 1850 5481 9462 9794 146 2628 8613 6482 7606 7330 8154 1266 4601 5450 5753 6516 9247 110 7368 7765 9592 4638 7952 1195 2002 4866 6339 3729 9530 3423 3713 5295 9368 12606 2156 2517 6836 12377 1979 2141 7128 2427 11632 9399 10724 4217 12559 5892 8059 9710 7953 8749 2735 5784 6220 11220 8138 11276 34 5168 3399 7436 1085 4739 7498 2822 8974 7301 10540 5248 9799 5407 11375 3158 6118 461 3054 7039 7889 12128 533 4870 2019 4370 12034 5239 6010 935 1708 8529 7022 10370 522 8982 8947 12345 625 3456 11041 297 3367 6078 6441 9549 1607 5298 7652 10552 9415 11614 843 10416 2557 8538 2109 3589 1390 3200 3790 1310 5389 10328 1990 6501 3266 11622 13 12577 2366 2431 628 8336 2523 2525 9809 5329 5376 8361 173 8995 8999 2610 3900 4589 9413 9509 435 12654 1035 3446 2736 7123 3014 11589 3559 8398 2814 3280 1069 3636 3458 5487 6873 7212 9292 10039 11745 5098 5905 24 6138 6886 4494 10010 8083 8489 5752 12275 12415 5764 12749 8578 11328 9015 11451 3922 9991 10784 3060 4163 5454 6627 8803 10384 7385 11152 2452 3653 9619 6465 9951 7519 11649 12070 3201 7025 7203 7063 11849 3263 12642 116 11468 4677 11633 9913 10349 12283 
12791 
12822 
12826 
11459 13037 13321 4077 12827 
12828 
12829 
12830 
12831 
12842 
12843 
12844 
12845 
12846 
12847 
12848 
12850 
12852 
131 12854 13210 
12855 
7036 12857 13078 
12859 
12542 12861 13513 
12863 
12864 
12869 
12870 
12872 
12873 
12874 
12876 
12880 
12881 
5079 12883 13009 
12885 
12888 
12889 
12892 
12894 
12895 
12897 
1264 12899 13516 
12900 
12902 
12904 
12905 
12906 
12907 
12911 
12912 
12913 
12914 
11933 12858 9137 13083 13475 7166 11659 11684 12916 13529 2590 11143 3816 13022 13345 5952 13270 
12918 
12919 
12920 
12921 
12922 
6586 12923 13392 
12924 
12925 
12926 
12927 
12929 
12932 
12935 
12938 
12939 
12940 
12941 
12945 
12946 
12947 
12950 
12952 
12956 
12959 
12961 
12964 
12967 
10768 12971 13378 
12972 
12974 
12976 
12980 
12986 
12988 
12989 
12990 
12992 
12993 
12994 
12996 
13001 
13005 
13006 
13007 
13010 
13011 
13012 
13016 
13017 
13025 
13026 
8136 12966 12135 13028 
13029 
13033 
13035 
13036 
13041 
13045 
13046 
13049 
5277 13052 13220 
13059 
13060 
13061 
13062 
13064 
13068 
13069 
2177 13071 13168 
13073 
13074 
13075 
6916 13077 13519 
13079 
13080 
13082 
13084 
13085 
6145 13087 13284 
13090 
13094 
13096 
13098 
13102 
13103 
13109 
13113 
13117 
13120 
13121 
9858 13122 13135 
13124 
11602 13125 13231 
13128 
13137 
13138 
13142 
13144 
13145 
5872 13146 13490 12758 13463 
13149 
13152 
13153 
13155 
13156 
13157 
13158 
13160 
13162 
13165 
13167 
13169 
13171 
13172 
13173 
13175 
13176 
13177 
13178 
6212 12834 12910 409 13181 
13184 
13188 
13190 
2443 13191 13401 
13194 
13200 
13203 
13204 
13205 
13208 
13209 
13214 
13217 
13224 
13229 
13233 
13234 
13237 
13240 
13241 
13243 
13247 
13248 
13250 
13252 
13255 
13256 
13257 
13259 
9563 13408 3107 13260 
13262 
6411 13263 13362 
13268 
13269 
13271 
13272 
13273 
13279 
13280 
13282 
13292 
13295 
13296 
13297 
13298 
11496 13299 13313 
13300 
13302 
13305 
13306 
13307 
13308 
13309 
13315 
13316 
13317 
13318 
13320 
13323 
13328 
13330 
13331 
13332 
7673 13334 13523 
13339 
13341 
13342 
13346 
9155 12893 13266 360 1939 13347 13361 
13348 
13349 
13350 
13355 
13359 
13360 
13366 
13367 
13370 
13371 
13373 
13381 
13382 
13384 
13385 
13386 
13387 
13388 
13391 
705 13424 7773 13393 13414 
13396 
13397 
13404 
13405 
13410 
13411 
404 13413 
5619 13417 
13418 
13419 
13422 
13425 
13427 
13428 
13432 
13435 
13436 
13437 
13438 
13440 
13442 
13443 
13445 
13447 
13449 
13451 
13456 
13457 
13458 
13460 
13462 
13464 
13465 
13466 
13468 
13469 
13476 
13478 
13482 
13483 
13484 
13485 
13486 
13487 
13488 
13491 
13493 
13494 
13495 
13498 
13499 
13504 
13505 
13509 
13517 
13524 
13525 
13527 
13528 
13531 
3912 13532 
13533 
13536 
13538 
13540 
13542 
13544 
13545 
987 10038 12288 12301 2121 9998 8873 9661 1460 2925 11440 1573 5734 3896 9084 4421 5662 2390 8448 3577 9802 748 2990 12746 1136 5366 8517 10136 2176 7746 2182 8972 12040 3247 12000 6017 11377 11655 951 6672 11320 11547 12695 1098 5574 4339 5729 6003 7259 8583 8127 11231 4730 11028 2585 6281 540 11857 1254 12095 5067 8402 3353 8784 9095 9252 5785 9338 11998 12572 2103 6879 5609 12462 9085 9825 2328 6674 8009 3795 4999 7795 2339 3575 8513 1574 5689 11961 176 9934 95 1397 1124 4869 4219 4511 7713 11930 7978 9741 12487 2710 11430 2449 6856 4539 7287 7826 6871 9120 2277 11877 4481 12691 4486 10340 1028 9525 5345 8908 5332 9025 12237 1941 5805 2091 4349 380 6939 1642 5998 3102 6398 962 2097 9866 2207 7112 2435 12721 2178 4139 4469 12386 6895 10601 2459 11570 12282 3499 6443 3858 6050 532 3550 5125 6214 5904 8317 1703 7816 1904 5984 6971 5431 7231 12052 6382 7180 5706 7589 7988 12802 10247 10413 1707 10332 11774 3442 5541 6496 7043 11569 412 4764 450 5188 7808 9927 451 2151 9834 10500 214 7000 490 3666 1433 3948 8951 3728 10256 6333 7264 276 596 5215 5150 10175 6600 8242 2716 12612 4297 6985 1837 7817 2655 8058 1206 3395 7662 8172 7854 9428 525 7065 7378 2415 10143 988 999 9744 2889 4728 2627 3725 8478 3105 10420 7188 11232 648 2613 4125 2782 3229 584 1060 4351 7449 7550 6731 12659 4050 12701 3427 5078 10589 2686 5931 3286 8735 344 8567 459 6691 7001 8565 6831 12693 1328 6480 10053 2401 8411 10024 11356 6047 10457 2417 5074 9045 9287 10794 7465 10248 905 6098 6761 5379 7807 87 9508 11523 1566 6643 8297 2621 7611 4310 5869 10551 598 12307 1167 5560 6531 9382 4176 10231 6277 8436 3496 11567 5538 8157 9557 4021 8798 1982 3225 4701 10415 5625 6380 8077 5358 9207 1417 5911 7013 10783 357 5121 1542 8229 798 7434 863 12268 403 6174 2192 9052 12737 4088 9311 11367 1404 10687 376 5899 10632 599 8836 2489 10811 1485 2175 2509 4795 12383 507 4417 11411 5484 13139 6789 13376 9909 13546 
13548 
13549 
13553 
13557 
13559 
13560 
13562 
