0 
4 
131 12854 13210 
11 314 
328 9469 2016 6379 6958 5039 5082 7341 10746 495 4114 7813 4748 10731 3272 10062 6313 9059 143 3672 632 12189 3119 8558 7750 10994 829 2465 1750 11229 3046 9506 1488 3618 1281 6392 4551 5591 6661 11031 1963 8377 6063 9541 9284 12705 118 4651 5243 12243 2779 8810 410 784 2021 2162 3727 12001 1599 8306 1101 5823 7574 12712 1125 2947 10592 11841 2561 7916 5095 11310 417 1751 9607 69 7051 1769 8005 10761 2371 3543 2486 2996 6095 9988 3291 8164 97 12656 4757 9753 12031 5300 7508 74 2009 4707 5032 1100 2251 123 5425 6688 10606 562 9083 3919 5718 6742 2219 10168 557 7891 1534 3315 11681 3141 6693 4445 4779 5578 9727 8711 9634 1882 5025 2730 11201 5504 11141 2743 10140 9121 12181 6466 10023 300 4666 6066 11478 1249 8446 4953 11676 6897 11044 4620 6662 8431 5672 6936 1953 8248 8742 11453 5664 7243 10621 12817 921 1749 2875 2879 4003 531 2552 4306 7492 5255 12774 5936 9321 3301 7081 11266 1119 8126 12266 64 6274 9092 10272 5303 9455 2657 10221 7055 12594 1326 4818 241 7114 978 6632 7338 5056 5330 1849 5547 4048 4066 9457 8705 8859 9632 11513 4986 12410 741 1843 688 5991 11487 3520 10029 4540 6876 9531 12765 738 12419 6394 8848 6156 6729 9048 11742 12281 9646 11759 765 7692 9818 12453 607 4423 449 804 10393 7555 10289 1714 8085 8418 12320 2334 8682 8985 11518 12499 9890 11146 6644 9373 10176 812 5475 12433 889 11342 4142 12400 1999 9719 4781 8220 2605 3914 6610 244 2835 129 7930 8395 10232 1427 5516 1388 4322 10585 3498 9832 12096 3092 6454 6927 8963 12901 1052 7040 8403 3309 3902 13221 5859 7424 6114 8112 13354 3829 8279 4755 8462 9641 2204 7689 5433 8675 4005 7258 3610 8203 8774 9743 4618 10127 1755 6121 1080 8867 9325 13420 1359 9730 13193 5807 10102 6822 11311 575 11883 7174 8199 912 9198 11253 13044 13053 12023 12821 7453 8325 872 9150 1190 12323 2202 8109 5213 13091 201 3810 8763 255 11982 1371 10998 2648 4837 4054 4697 2191 12316 7352 9297 6082 9968 10217 10430 3894 8226 9992 6140 7913 6363 11419 6204 6432 496 2734 5037 556 3933 6805 10837 11871 5451 6999 5622 9065 2756 10426 6696 9738 12699 7491 9570 218 11426 2569 9997 1270 11816 9151 12636 4429 11259 6852 7093 12168 378 3045 9708 4006 8780 1648 9602 8929 11744 2098 2713 3633 12342 93 2667 12486 4308 4924 4906 5137 2513 7943 5087 11093 8720 9926 10520 5661 10692 998 5981 8181 9673 11851 8366 10693 10776 10866 4245 4552 8096 11992 12442 7474 9255 246 3916 6133 5113 9665 5144 10394 10089 10306 2386 10655 3853 4808 10241 10933 3161 5794 12423 9011 10163 11580 1734 3540 3664 6532 11407 7792 10750 9772 10521 132 3030 771 8221 2049 7549 826 3072 5343 7580 6755 12081 12277 1284 12551 1955 9837 5537 12501 10005 10184 1158 1231 5873 2606 6015 534 10441 589 2398 12700 334 8733 6048 8586 9650 11092 11091 12620 2634 11267 11777 12435 6315 9891 10723 11798 2329 7074 7948 8598 10258 10696 7 2813 3261 2439 5627 1453 6986 3584 7292 8976 10590 4315 10130 1118 3006 3881 207 4149 1737 4453 7591 11240 4164 8817 3973 5048 6773 8161 2752 9589 7317 12366 12607 1610 5539 99 1504 8569 1325 4491 3449 9944 1438 4665 1569 5053 3485 8241 9266 341 5338 5604 11724 3669 5687 4057 10748 10795 7879 8782 73 2617 4434 10498 11475 802 3506 8984 3869 8262 12125 7945 9520 4649 8416 1482 9159 5422 5639 8886 11677 
374 12931 12978 
404 13413 
409 13181 6212 12834 12910 
551 
885 
1097 8166 3223 6450 10186 933 4943 700 6833 9273 9723 2807 8348 1880 6343 7900 1003 3839 8722 6283 7788 10966 4388 5584 6569 10648 240 7196 1166 1412 5090 11378 166 11350 1863 3210 8188 7416 12042 4014 8382 773 2815 2970 3651 7322 10352 10790 7794 9737 3541 9089 742 9615 467 4135 12264 12404 1798 10902 1934 2753 2147 8257 1480 8274 6900 10806 5542 6280 12484 1282 7685 10129 1115 6001 12761 472 1911 363 1104 4408 62 5190 7454 1820 4722 6929 3039 7653 11170 7163 8821 945 11400 9034 11410 5781 8185 7190 11085 1117 5711 8852 1564 7157 5066 9670 7106 12114 12258 1529 7556 10224 1152 9601 5253 8264 862 12651 9384 11250 274 8864 9008 616 3175 158 3371 3862 6368 4607 12169 12459 6583 6723 11640 4004 9262 6046 7392 7280 8969 11599 371 4802 5612 9359 10045 11493 4661 12093 740 6207 5922 7029 6490 9466 12136 3114 7979 2294 4019 7499 10911 11011 2068 7595 8466 12516 4958 5055 2583 3928 5341 3779 6701 12045 7886 11492 9467 11464 3648 8587 5401 5598 11245 3478 6057 7565 1563 9975 585 8303 618 6808 7827 12027 5034 8664 7507 7724 5182 9903 1865 2206 3857 7053 10105 1414 6471 8729 7364 9914 9452 10321 3848 8631 11515 2297 9500 2637 9156 4845 8442 1444 3738 2596 12227 1099 6124 387 10021 1921 2114 3592 5788 4185 6801 9860 11874 1210 2244 2521 2771 5288 7253 4668 8559 1656 1752 5313 10722 9135 12246 837 4590 2312 4901 7959 3094 4145 11057 2694 3688 954 12051 4905 9579 10894 1248 5238 7224 10842 102 4603 831 5347 8327 10266 4298 11595 2198 7819 7098 12428 1334 10858 12512 3970 12678 3036 9943 8344 9898 51 7661 2280 3910 5737 5617 5756 6552 5973 11833 12670 6596 12634 7397 7917 3009 3343 7522 12012 359 9692 230 8608 1745 11709 539 6919 12780 1816 9026 8045 11973 7973 12328 1946 3890 3972 4864 10546 11524 718 761 7554 3953 6041 6842 12558 6777 6935 9398 12314 6291 9758 7197 10955 8887 11977 349 10485 2220 3246 5527 3638 7799 586 9537 925 9553 9551 12545 10893 11737 3619 6698 12475 5748 12529 311 4738 8265 9884 2078 3855 11543 298 941 2924 1660 8588 12200 12309 11702 12799 4200 9672 4078 7085 1243 4072 10739 1458 8556 5686 8258 9241 820 11805 
6 13459 489 2923 4448 6042 3048 8197 967 9963 2181 6525 11654 13310 1333 4341 4441 10160 12962 3312 5993 4301 6670 7927 12886 1658 1779 9630 11205 3242 8417 1603 7127 10233 4504 12508 4792 6578 1795 6355 7489 2837 3227 8892 5997 9626 12303 8485 9817 3164 12755 83 493 7252 11657 1126 13123 3129 5112 8019 12080 1413 4687 5666 10238 10524 11826 3774 6223 7899 11812 9664 10462 11669 8727 10300 4526 6724 9872 12043 220 2697 7308 1857 11225 8546 12479 9391 12570 3964 13515 100 2709 5362 7798 8827 278 8421 11298 1848 5659 7052 9191 2246 10972 9091 12729 2397 6756 5645 8331 5184 6068 10888 13166 13189 2563 9800 5744 7981 10947 2388 9096 3267 11120 4034 10755 2349 7678 2389 9393 4731 7739 13161 7716 12513 960 9058 1943 5955 5314 5992 12270 3572 4105 2093 7438 2748 9224 714 4447 10545 1601 8268 12548 1017 6631 7748 4756 6364 6060 12745 9290 10206 1681 5326 6059 1034 2145 7723 4682 12936 5835 9524 10705 165 6593 5490 6430 4584 9097 9636 10203 10906 11033 2020 8444 2587 8034 12077 2480 10204 3475 7634 2786 9907 6940 9583 2685 7339 2838 3983 12748 1585 1638 969 9875 5105 11703 2441 5173 5395 7310 3562 4240 4113 5135 2053 8706 1927 9659 3909 5536 4101 10934 578 2152 5593 8052 8970 11749 1688 2153 431 6759 2230 9182 13564 1392 2802 6689 3488 8368 2613 2836 3105 4879 11068 252 5644 11832 3800 10781 4244 6113 3641 5099 9925 10927 532 11232 2303 5013 3110 4688 5309 7469 3820 6630 8806 12641 10577 11788 3937 5332 7795 4554 5768 7826 1712 10188 11312 6910 10578 11257 2350 6457 13479 
1081 
1130 9429 13013 13453 
1160 9778 
1197 13018 13242 
4614 8321 5947 10155 2551 4769 5633 12088 470 11142 2304 7497 950 3400 3454 167 4277 5519 6648 4378 8792 5928 9471 4685 10174 5397 12403 4830 10627 145 541 4817 11213 637 12100 3259 11586 442 2530 8456 2203 12359 2001 7245 7128 8029 4894 5153 11536 13118 735 9728 10252 12930 12955 848 8400 4580 10336 12147 628 6078 10347 6750 11715 12315 2470 7316 2523 7531 5419 5877 11000 3480 9066 2366 8739 9710 1268 10094 1121 7275 8116 8514 10847 9205 10953 4962 10297 1208 2934 199 5376 7656 9941 2751 9425 10177 2715 4096 6684 7032 8658 11097 1213 11588 3726 10634 8098 10904 6244 6497 11241 2175 2545 8103 4898 6020 9932 10533 11175 4030 8335 6234 11920 10244 11261 323 2497 7535 2242 13325 2394 8017 12372 3271 3682 10374 5219 12722 3567 7283 3768 5579 6997 9750 2472 9984 5884 9549 2597 10265 10623 11823 7286 12337 5857 6922 9812 11564 5953 9796 12680 1267 9216 2901 6959 8847 12538 2719 3866 4243 11227 1240 10223 6904 6995 2666 7584 10559 11462 4522 8794 8924 12621 386 8868 2981 8129 10317 11723 423 1944 1131 8049 13040 5602 11061 2922 8225 8617 11015 12287 5346 12392 2765 8209 3514 7324 6679 11369 11417 7969 10128 1220 1301 1952 4211 4706 1265 4791 12571 6513 7131 9714 1147 4133 2812 12473 1055 4674 6147 9209 9937 5169 10086 7505 8341 13364 9552 12133 1102 9324 1381 7995 1439 11824 6319 7495 7743 10941 627 5914 6790 11520 1184 3988 5590 7504 12710 398 7884 3080 4939 3588 5126 6574 3081 11971 2426 3162 329 9862 5577 8375 13244 2986 9668 10400 11269 13455 3503 10126 7435 11198 1145 2335 4801 5851 6081 8689 4237 4683 908 6714 9957 7437 12118 5052 6855 3439 10069 792 11537 8176 9316 3182 13400 117 676 11555 5656 8534 3419 5024 5850 2890 11519 1426 11660 2744 11551 5724 8741 6257 11987 5021 6000 5010 6820 4829 6129 10285 12456 9310 12616 4134 4821 10527 12796 8591 9655 2436 7057 10142 10738 4646 5372 1847 8494 4025 6974 11926 2355 9106 269 476 574 591 9533 1785 4251 4430 565 2428 5569 8854 9424 10981 1256 5443 11534 6508 12652 94 2843 5261 4040 4393 7100 4316 9814 4903 5286 2774 6699 2714 3579 5754 2326 9819 3645 4555 44 11769 11904 154 4224 2482 9580 5359 9543 164 7838 9521 319 6561 3845 10212 10766 2425 5791 3961 7423 652 1205 2707 2659 8488 8738 1299 5842 7195 8949 1852 5615 11993 6517 8870 3679 10477 135 7610 216 7839 10424 10807 6178 10637 12331 17 6570 13563 4566 6743 10433 3620 8655 2149 5360 5927 9253 3876 8874 9701 3289 8808 558 7035 8021 12849 3602 3949 10456 3599 5171 2327 4994 7468 9528 7101 9226 2618 10060 1998 11943 1826 4862 3750 11325 3525 12603 3552 11164 1182 11431 358 10132 572 1411 7445 5564 10660 3743 4655 6520 9954 6664 11413 
1252 
1264 12899 13516 
1545 
626 1827 1194 1966 1671 5739 4710 11358 2066 10571 5779 7086 12660 9309 11128 2911 5775 7228 9451 10052 8284 12625 6920 8515 5146 10020 10855 11013 5394 12060 1578 7641 2301 3011 2070 6823 7898 11927 4621 9184 3705 8071 2346 12385 484 1300 2143 7749 7304 12553 5029 5589 7071 12148 2698 9831 8679 9242 3323 9213 3126 4468 5671 8323 608 8835 2999 8700 4367 5224 1651 1905 9271 254 5235 6676 11573 1674 6913 1424 3689 6949 10822 4599 9268 7284 8533 5673 8715 1583 11076 1214 8191 3971 9354 10882 1836 5932 2775 12253 2542 6567 11783 5721 9565 6150 11078 4439 12446 10397 11030 1732 1901 6518 4305 11485 4669 8216 6880 10455 11893 3698 5344 6131 11925 4574 7365 289 3615 5141 7087 881 9804 7658 10417 2680 4895 7076 8125 8684 8437 9211 2027 4979 2898 3596 9910 4161 8975 4698 11661 12367 88 4545 2414 9371 4783 8243 5181 11145 2323 10799 6437 9766 7851 9101 4673 5725 12379 204 6019 4846 9441 1971 8028 3051 7186 1703 11848 5706 12785 1122 12399 3157 8570 3007 4086 2273 6753 9199 9793 10823 2978 3077 10173 11694 8871 10531 1191 5444 1241 8433 3442 9584 1354 10701 1395 10278 2142 2760 1780 1995 5733 12683 115 8168 1925 8686 8834 4327 4396 8789 7888 9827 370 10865 12294 3177 6857 7843 4285 7043 4720 10712 8081 10583 10848 12498 953 9690 3302 11711 20 11021 663 9685 6718 10657 2365 9958 5080 5954 1007 5968 6100 7775 922 6473 10444 7124 7193 10472 2874 7665 3262 5191 2278 6602 4966 11490 10144 10691 2532 4679 1288 4144 4881 2893 8680 10820 12725 2089 5340 11116 3617 6738 10846 2011 4503 6170 12613 8283 12599 6074 11620 5529 6798 7573 6034 9874 1502 12190 2914 6093 9067 3121 10022 7173 13358 1420 4070 4777 10073 8233 12600 3756 8011 11425 406 3918 7558 10467 11774 5878 10227 10194 11726 1275 8381 3962 7335 7828 10068 1311 5217 3431 8645 10309 10361 6479 12444 1061 11279 2862 10197 2993 3066 3253 11784 12339 1694 7790 9893 11423 4318 8201 9000 10603 4955 9718 6945 6955 7989 6686 12626 1859 3882 3733 8024 8712 9514 1565 6357 13000 3479 6475 5290 6728 4303 5151 10326 1172 11303 5641 9049 1255 2864 3217 8165 7924 9854 344 8589 2505 5950 1031 10575 4481 7746 5931 10256 1207 10247 2554 4860 1796 4932 8642 6496 10191 4653 8567 6691 10674 459 5488 1837 6382 224 4342 6259 8565 6112 7892 10879 3840 4400 7964 8367 548 4942 9976 5050 11583 
1579 
1647 13100 
4630 11919 1713 8385 2113 8128 3780 4044 7375 713 10088 469 4060 7950 3911 9482 5388 7433 3258 10715 668 7216 10050 1659 8080 10884 4766 5002 1293 9732 2594 4110 10003 9947 12686 101 7868 11083 8528 8549 12061 1162 1774 2356 2553 3993 7957 817 7684 12439 4956 13019 8406 8825 11251 13004 12150 13108 13182 6091 6378 11483 12365 1350 12336 501 6845 7090 6859 7462 4276 10301 4304 6989 7262 4715 12807 13322 186 9920 6265 12611 5587 7033 10414 11178 7539 8728 4332 5640 7645 13556 2706 10280 6303 9158 3874 12981 5370 5375 12177 13522 743 2795 1077 8378 10702 3106 3942 4849 8663 12667 697 6073 6521 9724 2148 9823 7374 11055 11801 12727 1428 10835 1666 6818 10257 416 4074 5828 6256 1245 3197 6185 8778 11748 1135 8845 7657 12019 764 12185 2380 10096 12434 5920 6293 10375 3319 8238 2022 7926 9623 6716 7366 78 4399 6878 10099 5660 11243 991 9196 10279 5265 6154 12598 1186 8674 6492 7741 3989 12149 1215 1467 7072 296 8292 11443 2310 9781 10225 11794 3235 12137 1957 7731 9444 4392 9499 149 8387 190 5726 7486 4013 9144 2336 7473 3639 10004 1839 4398 4746 9460 10625 1148 5629 2665 10388 6653 12661 1457 10787 242 8235 6613 12414 5075 7484 11370 10084 12549 2501 3099 9462 11778 2856 9794 5466 8759 2796 11010 4095 6806 8640 13051 6329 13477 5600 7073 7309 7897 10161 11185 
1670 1941 5899 7378 828 2284 3108 11197 2017 5865 3445 7357 12451 767 1142 6965 2766 12039 451 5805 8427 12429 12386 12737 1434 4293 2047 3667 3221 5862 1906 4108 7808 6879 8075 4011 8172 3351 11056 11557 11569 594 6158 7570 8660 12152 1707 5431 229 6398 1106 6580 11561 2450 9428 9525 12083 7978 12487 6939 12268 2103 12462 11930 12324 2151 2259 888 12310 37 11099 1450 2846 6491 11204 1725 8054 3002 3058 5637 12354 2767 9437 11757 4735 10564 6769 8102 5484 6252 376 8836 6587 10143 1642 2118 5234 10873 4634 7662 151 7776 8696 5998 9160 3510 8313 8040 8756 863 10632 2055 2321 4884 6328 8068 10791 11521 436 3982 6717 9387 8124 9834 997 1363 3585 4126 8744 10942 869 7557 8302 7302 10064 4627 5364 2887 6830 2123 7962 3499 3549 951 4339 11763 1124 1397 1860 9934 2961 9825 2097 10664 4417 9866 6895 7713 2459 11570 176 2782 7817 8583 10601 1206 9741 4139 5121 9122 239 800 2111 12673 8518 11916 5818 7337 11625 11218 11793 12490 525 3518 5762 10756 4225 9808 6028 9929 2435 7065 457 10079 5898 10534 852 11452 2221 8568 1879 5081 1149 6634 3929 10488 4092 10121 3427 10928 3452 8913 561 4012 8718 12984 5949 11739 6282 9704 1568 13351 3377 6870 9855 4740 12691 1028 6053 3939 7812 4227 11673 13412 2460 7769 5164 8309 13278 9658 13285 13372 1374 11488 2929 4693 7614 10123 3102 8513 10500 5689 8590 3426 12730 6674 10268 10420 448 6734 1767 12237 5345 8908 517 8163 3500 13114 13336 4282 7681 6864 11686 6637 9842 2288 2516 4207 10550 5355 10494 3795 4667 13141 12097 13543 2339 11999 81 3031 4090 11065 317 4809 8009 5223 6646 8423 3453 12777 10874 13215 380 3575 2328 8807 2593 9311 1542 4202 1548 4999 11679 95 11877 134 11367 10774 12819 7870 13398 507 6174 9909 599 13139 798 2207 9333 357 403 3395 4349 13376 6789 13546 6985 12721 3693 9052 9801 8611 9231 5205 7726 10611 11609 5984 6037 6851 1929 8440 10239 2896 5609 5272 10700 330 6331 8324 7589 9846 8851 12052 926 6856 7988 1376 1433 2535 5541 8242 7180 12693 7231 9847 1904 4480 4486 6898 7000 7816 12802 2277 9120 1173 9025 9085 10413 
2177 13071 13168 
1082 2469 2224 12203 1677 10114 196 8074 6905 8027 8582 2379 4407 8745 10427 8977 9568 10740 519 3985 4592 5979 7639 13219 1105 4662 2043 7668 1272 3701 2568 2664 2828 3580 7418 2232 5250 3219 9613 4975 5573 6668 12671 1783 4109 11355 3402 8271 1727 5727 2161 3327 6512 1246 9379 9114 13399 8730 11911 13093 7909 12884 3700 11600 6930 12248 1253 8743 8055 10315 1139 9123 12887 659 13421 2338 12332 3760 5327 8090 2158 4595 2900 4381 12160 5520 7204 324 5720 11396 3723 6324 7647 10012 9689 11713 11896 1251 11876 10633 10777 957 1399 3482 10363 7947 9853 3074 6550 3090 3891 3317 12024 1294 5776 5860 7800 10396 3183 10324 6968 9289 2413 12066 3630 6757 10292 6347 7514 18 7206 5339 7220 3033 5040 6771 7079 7362 4181 5694 3193 3998 10728 6489 7408 7859 67 8844 2677 3471 4157 5177 5122 10899 8897 9493 10995 335 581 5073 7150 7221 6579 11956 4027 12461 7609 12489 1693 6903 6103 6843 2201 5814 5005 10360 1341 12302 4103 13236 6190 8877 6992 9032 2135 3421 1474 7045 5114 11540 2116 9378 787 8698 11775 12413 48 4616 2708 7841 6288 7440 1498 9104 2420 6534 13239 211 8925 3852 7458 1960 5145 492 6774 12642 7869 9055 2266 10686 673 6085 5596 6669 5626 10699 10951 25 12176 57 1715 4912 11177 5575 10146 3169 10470 8289 11972 559 1983 4184 5963 6966 8787 226 7391 717 9206 8629 12375 7871 11113 7617 11815 2146 3032 6509 7344 4241 8269 11813 2984 6104 7319 7737 10226 3878 11049 4300 11124 1441 5322 6358 9149 11889 2316 5554 2353 5769 10959 307 3155 4174 6576 4611 5793 11134 2467 2682 1923 4531 4803 12204 466 6372 7153 4847 11895 757 12329 5486 10797 9591 10913 1612 10727 286 3570 6816 1899 9795 12704 3714 5051 5268 473 6076 12306 9431 10356 3097 6692 1537 5697 10092 4937 5864 2324 7138 9328 5938 6446 10000 7620 10502 2490 12008 7951 11658 838 2239 2690 6551 1012 4564 6888 8294 9639 11872 1353 7719 4345 4749 10451 54 5897 5353 7395 11318 4352 9028 2883 4535 794 9625 4064 10667 4391 5551 638 10230 9785 12474 265 2672 4814 7402 9961 3363 10886 4650 11025 11565 12055 
2282 13201 
2381 
1680 1726 303 5511 7829 383 7023 789 11362 3711 8831 2491 8539 9676 5693 11300 1229 8486 3987 5822 2050 3529 5630 4362 5331 6047 1046 10286 9523 11278 5101 10507 2137 11414 5643 11502 2419 2635 9679 984 8935 10457 963 8951 1961 7796 10136 7001 7139 11231 1254 2182 8092 8420 4633 12632 1913 7158 2176 5988 8123 8517 4609 7708 2234 3294 5042 6155 12496 2881 12113 4124 4635 3593 5801 6318 7102 11634 1193 11209 8584 11329 9363 9764 483 3968 3707 5226 1626 2377 2503 3124 4262 12206 10053 10276 10002 11356 11438 41 6600 6620 2555 3577 5446 2060 7483 4106 11638 12706 1531 4272 276 5972 10841 1019 6638 8955 6273 10523 1305 3666 1403 10919 2716 8873 962 9252 3286 6971 4297 5574 6731 9661 12701 6333 7412 490 5035 11961 1649 2710 412 540 5150 4805 5919 10332 12612 3247 10373 9998 10282 4949 10501 10118 12806 2772 5380 5523 12235 3163 9099 9978 10170 184 6065 4632 9820 3146 6987 19 12226 1621 8162 3650 4421 8076 9717 259 2080 4542 6942 2647 10495 680 2990 8532 10245 5921 8785 730 3463 4730 11151 11361 3832 6017 1328 4764 11217 727 10047 8430 11655 
316 8719 5154 10091 3387 3844 5796 6892 8991 1324 2005 3951 4591 11390 4976 9867 3551 6007 9248 4314 5710 5108 9286 9569 10870 174 11750 691 5880 8451 1868 9688 622 11028 1832 9481 5521 11631 12095 695 5110 5966 7251 3496 10120 75 11691 125 198 4053 11789 1043 8371 5125 7946 2724 3362 10162 3685 4252 3536 8938 2958 7313 7587 7915 9016 2424 4457 4771 10561 1691 2473 3710 5320 7037 4258 9504 4158 6799 66 1309 11736 3274 5206 7633 3532 10275 11907 4080 9905 1704 4758 11528 1577 1830 4256 6751 1741 7042 2119 2653 7597 8493 7371 8441 8761 11144 6548 12225 8914 10864 9419 9888 3325 11843 6767 7048 12805 8986 11693 1225 7223 9629 12750 2588 4855 3595 9375 3519 11086 5809 9417 10006 10963 3101 9283 2477 8453 9258 1523 8251 262 1547 2434 5978 2733 3976 5987 12581 4816 10857 2701 6928 7323 9308 1822 8943 2867 10246 5293 11735 337 12211 5324 11804 966 2391 2833 7802 11336 988 3725 4168 9744 9765 12776 2820 7984 9330 5312 8351 806 1060 3330 7225 11821 1366 8478 12402 2684 2872 3136 10786 7858 12005 3120 4390 6948 4876 9826 5170 12272 12697 2229 9759 1278 3940 4340 7277 8174 7530 8597 5863 12493 3811 4497 1932 9143 10780 11441 5022 8813 1876 5089 7875 2235 11672 2254 8667 369 2644 10134 1339 5975 3576 8972 9281 8543 12062 805 3028 9188 3657 6272 11880 3569 8968 12812 6039 8998 685 6476 11670 4254 7456 1079 11012 6779 11859 9414 9548 1667 9060 12370 455 1062 4050 5740 6307 503 1136 1527 2703 11523 2889 4219 6003 8066 11373 7426 10381 999 7550 648 2738 10817 584 4351 408 12469 1771 2248 772 3355 3212 4175 5143 9174 6719 8826 7134 9276 5648 6310 10641 8173 9222 9503 
2443 13191 13401 
2479 11764 13208 
2500 
2573 4022 13227 9519 13020 13230 
2721 
2763 
2876 13140 13249 
2897 
302 12539 971 3888 361 7050 3104 5356 3544 6736 4980 10054 3264 4136 6240 7137 3924 6946 12908 7922 9490 6008 7059 6682 7543 13443 1321 11897 6337 9996 3457 6914 993 6455 7249 11818 2539 9720 104 3932 753 12954 1257 6826 5816 11808 8476 9614 113 4160 8893 10932 13015 1171 9971 4082 8159 10757 10236 10486 1831 12860 2798 5808 2364 2960 221 5745 6352 6791 2660 8170 8622 8861 401 3359 12231 2228 12681 6043 10555 391 10558 11900 7041 10152 3038 3041 10398 5470 11754 1555 4848 3324 4309 2577 7247 11270 3240 4079 5152 4162 11558 3608 9051 12783 142 12525 4974 7551 8625 3614 4951 10588 12427 5049 8033 10493 3303 8523 3194 12278 3621 5917 12515 1307 6649 3220 12047 1676 10192 1477 1890 12820 1738 8889 7267 9079 7607 7615 1022 3675 6581 8007 7970 8218 7020 11032 672 8550 845 1935 7121 10677 268 8500 5530 6206 8210 8822 11155 2951 13222 5426 7208 12877 1917 10219 10483 13452 1008 10369 1894 6323 9351 11598 1975 5974 549 6867 4528 11089 8182 8691 1440 3122 7244 1089 9479 10900 12284 3647 10538 11398 4154 6511 2194 9344 1883 7985 6678 7563 9687 6554 12186 2222 8750 5252 5576 5363 6625 2095 6641 4196 11712 535 11568 3818 5120 4921 9100 10526 11986 12800 98 6193 5129 9013 5757 10017 8307 11867 2290 2832 6197 5001 12191 1169 9064 3954 5995 284 6255 7168 1819 8592 1821 7695 6438 11166 9536 10059 620 8753 12182 36 10402 11222 4544 6704 8833 11372 949 12787 243 354 4489 10901 5525 7069 795 6599 7901 9365 13133 3462 8147 8740 9396 12197 915 2041 4324 5771 7002 3199 12866 13415 10763 13039 3143 9544 2965 6690 8255 2826 7149 11701 3098 12353 1038 12853 
567 11190 1379 6560 8992 8311 9693 7430 10390 420 8795 1631 7130 12279 12425 1991 4422 6514 7119 2167 11119 1617 4214 1521 6562 10473 384 6031 11359 7640 10812 12502 1302 9684 3356 6421 453 1387 7024 1357 6253 7229 8989 9511 2453 8384 12463 6921 6978 7183 8222 3578 6589 9816 77 10181 234 5840 12236 477 3013 11330 479 8350 4568 7937 11290 8536 8839 3075 9990 505 8347 10193 5824 6336 223 365 6056 9195 3368 8160 379 11861 2170 7747 2451 5821 2289 6660 4934 7122 12552 7126 10008 5858 11849 8710 12759 3328 4865 5701 6127 723 5383 1996 11596 3605 5494 8699 3348 3467 3574 7314 9450 8885 12049 4888 7082 9397 2250 12262 2383 11604 4311 11892 1001 3674 1313 11705 4772 5229 2225 3557 222 7526 2704 3003 4377 5342 1762 7178 3134 5667 3944 6962 7608 6064 11720 215 1753 726 5735 5400 9896 1416 2197 3611 8143 3670 11394 1091 4576 3381 7566 10497 2967 6448 5216 5403 6741 9840 137 6925 9041 10154 10784 238 3847 10872 5813 11495 325 7083 5453 9742 1940 6058 12210 9856 10669 12595 4725 8002 9491 3660 5691 9899 12564 86 1719 2422 5064 5140 6726 6348 7644 11006 13246 13434 992 8919 2421 5318 9595 1111 8228 9017 4704 10569 7935 12138 8511 10365 12573 1224 1892 2863 11327 4221 12958 3604 11975 3623 7818 7925 12555 10429 13119 3822 4137 3305 4596 3719 9908 5408 8339 4450 5497 670 1613 2387 13002 13198 10083 13058 1423 4143 6002 6478 7502 8499 11354 270 7205 11366 6642 8374 13228 8345 12286 2518 13461 
360 1939 2979 13361 9155 12893 13266 1627 12890 
2980 
3071 
3115 12836 13496 
3209 5103 6370 12004 708 1835 914 1083 9232 10403 464 964 1185 1984 3913 3476 7326 7109 7129 7783 5799 5853 1065 9621 12470 1622 5501 1972 2632 12188 1907 4957 4354 8530 10043 646 5387 11424 435 9964 1085 4000 5369 797 8830 3127 6463 7905 8522 6745 12575 1486 4189 2241 3502 6269 11129 1274 3360 8086 4268 10166 750 1266 1766 3893 1448 8151 11965 5445 6608 4275 4629 5925 6529 9237 5367 5834 10826 11079 2331 7103 1192 9871 768 1201 1985 2384 4203 5117 11248 2375 9657 12106 12170 1163 9250 923 5189 9315 3416 5335 11479 8616 11743 3390 4166 5634 375 9357 624 12781 11817 13070 777 11770 3311 12408 2527 4628 253 4075 4631 948 1436 10557 2865 8425 3980 8287 3172 11707 9768 11360 6622 8541 10412 9021 10629 2511 9418 11603 9380 10338 2504 7254 12716 1086 5242 12593 6952 10138 3283 11480 4969 9234 13131 8508 12154 6285 12497 523 2172 8941 2950 13232 2 7544 7230 11458 4248 12407 8310 12596 345 7142 5448 7108 1888 7320 8994 10547 1090 6249 2169 8001 9597 12122 2624 4785 5291 7297 4474 11082 2124 2740 12298 2385 7351 9911 1747 2625 4641 10617 9260 11814 656 11653 1096 4523 2884 7910 1355 1916 8171 8717 3966 8816 2212 5749 4128 7417 8244 8962 9280 11004 2454 10284 524 6846 918 1958 7179 7701 10850 1322 8555 8585 10167 10821 1389 12274 260 1298 8703 1401 11656 4859 6040 8659 1107 10072 2952 9259 529 11080 8849 10752 12580 5509 11780 3699 8560 8840 4995 8246 22 6295 7214 12111 9470 11160 4222 4659 6070 12073 5736 10100 8 7332 7381 6595 11865 126 754 3737 1735 12335 13086 1497 12179 1878 6180 5405 6044 13467 6405 9848 7786 12143 12677 396 6707 12 8100 3509 11882 3799 8370 9821 7493 11830 247 9761 5990 10683 583 3088 4035 5115 7686 6866 8316 4218 11412 2806 6413 8619 9445 1874 6036 3326 7688 7340 11456 231 10328 2360 6781 8954 930 8315 1733 9346 3955 4437 2548 3170 1590 4444 12297 2968 3771 5092 6429 327 4476 11606 7398 10139 2109 10416 8334 12357 666 11622 864 8777 1846 11039 3361 8538 7232 8141 1011 3589 2087 8352 3494 7156 7467 2557 4471 657 6706 4890 7567 27 12735 1351 7377 9368 2252 3338 4920 9300 1506 7671 2096 3629 2729 3265 3477 4462 3014 5204 5393 8492 175 1338 4773 5304 11500 6090 12411 5870 7760 9019 10041 168 1630 5728 10935 6558 7250 2574 10269 1698 6388 7479 12362 1155 10628 1877 4111 3997 5677 9312 1489 2130 8412 9130 2205 6797 5244 6426 6612 12702 5294 6592 12583 7348 12175 1304 6080 1285 7517 1595 9894 2067 7801 3254 8041 1928 3597 3828 11846 12350 1380 6399 1744 7528 2051 8184 2750 7219 2619 12622 427 5559 3070 8630 5934 11234 5316 7738 1014 12523 3797 9030 10298 11509 2092 2475 10370 6146 6424 3654 8047 8575 12421 2793 6075 1546 3398 6109 8356 4870 9754 2498 10909 2870 6721 5845 6054 4085 9779 796 4370 3754 9299 10489 9179 12503 280 1861 5096 2445 12355 1770 4405 8860 6902 8649 1344 2208 9176 4366 5233 8891 282 7679 2761 3158 4721 8130 9240 5599 8475 7175 10943 3025 10065 10409 4279 7393 4831 8252 1844 6763 1697 8447 3548 11221 2638 5285 5458 6079 6339 4069 11048 1235 3751 2064 6387 6505 11096 2440 9212 10988 1937 8869 2019 4102 3492 5020 9644 11938 5522 12388 1195 8398 6012 12065 418 2615 4500 8386 5209 6531 11584 11611 11968 895 11529 6191 8552 6243 11038 9881 10235 1942 5200 10708 12533 642 2963 10348 4940 6713 107 9933 433 10650 973 8407 3897 5477 9 11260 1167 10678 5179 11444 3010 3656 6250 5074 7211 5379 7611 
291 11988 859 4516 995 11967 8599 12338 3196 5015 8637 10684 11668 2938 11746 12026 7787 12208 1507 4684 4796 9388 10665 29 5202 13056 1842 8600 2126 6052 10887 368 3178 7991 9128 11376 3957 11692 5970 8346 2231 4121 4836 10973 11332 4187 9390 11989 4123 4347 6444 10749 7321 12393 4283 9810 3581 8505 4263 12488 3802 6201 3573 6401 1541 5806 1690 4826 3612 6869 6215 11339 12689 8363 9790 6182 10646 2895 9012 6956 10910 2808 9554 10962 1072 2919 9243 10828 3145 4420 7305 9581 10867 940 10920 2696 8259 5909 6340 2392 3244 11154 10881 12387 5910 10914 6393 10767 1608 8801 5534 6780 9406 5763 12025 1922 3204 6809 9061 8135 10978 8169 11374 4002 7890 10251 1508 2854 8094 4009 6494 4952 5398 9577 2533 9477 2488 4372 258 11902 4236 8846 2045 12953 6260 6628 11470 7279 12784 671 902 9940 7820 10996 9370 9777 1701 3012 4416 4508 13289 2227 4549 3758 3958 2408 10401 3148 5047 7831 8000 8853 2083 10612 3823 4215 1815 9010 11108 11819 4155 9970 1218 3775 12696 1385 6504 9999 3712 7006 91 12205 1580 13290 2661 9838 7383 11706 313 4045 3228 4807 12363 4334 12180 5829 7781 12937 2712 9582 8651 12991 2374 6237 6582 8685 159 8349 9024 10957 8554 8809 12650 7842 12145 9696 9722 5373 12633 775 4823 13312 13353 3428 3923 12390 13326 
3304 13303 13416 
3766 13258 13470 
3912 13532 
4033 11064 
4077 12827 11459 13037 13321 
4191 
4239 13055 13335 
4270 
896 5550 3412 7534 8048 8773 3789 4167 9813 7857 8121 4487 7774 5743 6168 684 10921 3069 6828 2134 5913 9329 11293 11643 5262 13008 3783 6235 4945 6144 5826 8132 5011 7703 452 7266 11740 4525 12348 3553 10016 545 3493 8965 2065 3049 11189 5652 5832 1554 8227 1945 12609 1609 8131 10876 13283 3417 3773 3631 8644 481 1481 1930 9410 9985 4260 4442 4328 5416 5603 7431 11194 321 5337 8342 11730 12105 8900 11402 9637 10654 7552 9167 2773 10076 3755 12903 13196 4790 9725 934 7540 4271 11265 2056 7784 2363 6400 11238 662 11159 7140 12167 4708 7343 4017 12369 580 11469 2882 5134 6837 103 3281 4350 6033 11074 10924 12312 7599 11952 3140 7480 11809 250 655 1754 4977 6279 9861 1872 2754 3384 3665 10190 10009 12089 946 1312 10530 3154 11043 3292 10789 2676 3868 10595 2271 7361 9967 12522 8254 8656 2988 4032 6199 45 7234 7342 3207 8250 10098 10113 9560 11387 38 1723 11473 9769 12841 13497 10405 12968 6006 6495 7885 13014 956 12764 3466 6029 6957 12250 2015 3846 1813 2352 6498 11237 770 2108 6484 10116 1226 5231 2298 12482 6877 10726 3290 8193 3350 11650 1009 7846 527 5232 9318 1606 7646 2029 7218 397 7355 715 1110 4292 4506 11936 1643 3231 4875 5180 6381 2880 8091 5882 6831 10983 11429 1455 3139 10615 11761 432 10753 5357 5440 12251 6934 9115 554 4891 12520 10404 12322 3530 12630 3429 10785 4485 11437 2455 5107 5883 10320 10832 50 1768 7439 7459 8603 9078 8881 10305 1151 7167 3834 12308 769 6849 5274 6944 12091 4569 6268 3404 8167 9749 5260 7159 5980 10506 8276 10940 85 2129 1524 5127 4443 8285 5000 8239 1668 7088 809 10965 4475 7971 10453 12401 3568 5780 3889 11725 7306 12536 613 2058 1758 2343 880 2803 4892 2057 12569 5418 12418 748 11324 1410 4132 7578 3278 4623 2000 6242 434 8177 8277 1759 1908 3920 5692 10407 12374 130 5556 3073 8850 4097 10825 2084 5588 1296 7894 7289 7887 7977 2959 7994 3854 4832 4971 11439 12230 12804 587 6752 10196 8652 9400 10809 3296 9003 1788 3767 9706 2987 12814 11690 12247 3898 10108 8551 11071 10355 12326 2245 2868 762 6470 4127 9762 576 12406 2778 7358 8779 5295 6899 9027 12224 2216 5958 9740 10915 10316 12063 26 9075 4152 9459 429 5381 1021 8772 5138 7852 6636 7067 1006 10115 295 8065 623 3024 6088 10875 645 882 15 7331 1143 4724 9559 4680 8726 11934 693 2819 6130 1290 3068 4425 6918 8677 823 12422 1228 10056 694 6302 7443 12087 7934 9949 6854 9385 9870 11607 10668 11102 11687 12192 12371 3794 11461 11474 4015 7940 8247 8524 1093 9946 7012 10967 2474 9517 3963 7628 4451 12477 1041 9979 6782 13072 3020 12382 6860 9756 12875 8990 11433 12481 9683 10323 11984 13327 1174 1348 2547 12424 3871 11454 4970 8945 10468 1781 8653 3930 8189 9675 10936 11395 3977 4008 4619 6202 1600 11130 1956 5804 3385 11465 4642 6072 3392 10580 9550 13038 
2824 4353 
399 604 10956 6107 9981 5214 6577 7177 1535 9782 1317 10131 425 11608 7471 11842 7300 8557 3165 4206 9185 10216 7066 10312 3474 5830 4307 8915 2973 3513 12562 1209 6345 1346 11314 2186 2249 6301 7525 499 10539 6018 7867 11675 1503 12960 189 3044 1756 3644 4265 9645 3969 4192 643 4477 1490 7171 8942 1540 11651 12417 4043 9244 9454 10261 2296 12466 2510 4548 7270 10619 11264 1223 13324 2559 12155 4375 8006 6785 8907 1522 11635 1591 4521 12717 6912 7588 8256 49 10302 4788 12153 1084 8506 8721 4736 12662 288 2214 2348 4178 6360 11548 4556 9389 5668 6425 4067 5406 7384 3018 12833 13521 7836 9347 11700 2842 9295 11187 7400 10984 12794 602 4023 5866 6434 12134 3661 6844 3053 9863 10295 
937 4900 2026 9449 12707 488 7652 9973 3079 8783 2622 4686 5895 3123 6441 2844 4645 1632 7664 1442 9640 1319 1740 9783 11346 9420 12798 1443 1598 5723 9415 1722 4104 4990 9475 2662 5548 293 6979 12076 6792 9682 4204 5918 12195 12747 2322 2431 5476 10695 79 4278 943 1685 3096 10208 4873 4961 11887 1801 6084 8751 4387 6061 9313 10732 2307 5889 10250 297 7542 5391 10552 10411 12107 2745 7527 2650 5084 1237 12509 3925 4612 5985 11247 7360 10454 5410 5901 11722 4852 7488 11976 13 3590 7068 7387 850 4827 9608 1623 7612 3186 9301 12714 731 11434 5471 6984 6961 11539 2404 6645 6715 8702 12688 2423 3448 3443 3850 10358 3153 12214 504 5561 2515 7136 6111 7446 11800 544 6449 596 5188 7349 89 793 152 5874 2046 4197 4440 6804 716 6164 1528 4431 7353 8232 9288 11379 5409 6795 10303 11208 1327 4854 3926 7282 2196 3538 7176 9118 1454 2091 351 4654 8231 9403 3100 7546 3995 12202 6735 12808 413 1789 2629 3367 3447 8948 2444 10334 3704 3781 11460 4073 11978 5298 6115 10860 12537 5787 11052 8857 8890 7963 10560 8936 10563 415 2489 5210 10811 4172 9221 1485 1629 4660 6342 10415 6547 11498 3372 10813 405 9622 12159 153 181 419 3004 4454 1731 7532 2131 3687 162 9845 1900 11406 11959 4463 11436 32 3396 5713 9362 10019 10254 11381 1761 2506 3067 3744 11850 4915 5319 8372 6584 8067 340 5348 8614 9775 9836 1567 3817 4223 2668 11214 5797 7752 2107 12505 8046 9939 3241 8153 4404 9851 972 5532 6618 6639 7636 5738 9822 4598 9960 5562 11317 5939 8060 9148 6883 8463 2603 3792 5284 2104 9278 11020 11533 3307 4813 734 5102 6376 6171 7273 5072 6447 9131 1909 2949 301 8249 4115 11382 2174 9936 9616 10716 1841 7880 8639 615 8146 10124 10922 9686 9716 2821 10480 3055 3731 3952 12676 1855 5566 6415 9703 2258 2693 2514 4411 10066 5679 10528 1494 7541 12046 5837 9132 2492 6354 1884 12527 
4732 
4737 
4799 
4844 
4935 
4998 12896 
5062 
5063 12882 13293 
5069 
5079 12883 13009 
5203 13034 7863 13508 12568 12965 13277 
5215 
965 5267 
5273 
5435 
5483 13254 13319 
5496 
5526 
421 961 2040 10119 13446 1141 1926 7373 8757 13030 3791 8673 10508 10604 7503 13245 12242 12835 3168 7860 1168 8842 1137 4819 9070 10793 11985 169 1641 1483 4778 12615 7770 8708 6169 9110 12069 6739 11132 1792 7461 6990 8940 7998 12792 1682 7257 1037 1234 3807 12346 6980 12196 4099 10499 3298 7501 573 2519 4473 7999 11860 1602 3571 7822 1018 4703 3337 5716 5459 7512 3150 3375 3365 12104 92 7974 1840 4585 5891 8468 141 10643 9277 11937 2128 3444 5730 12396 8884 8910 12146 9392 12449 2841 6445 7621 12987 6238 10428 9538 10178 728 2493 12762 13218 5333 10372 2810 4695 4606 7389 8318 12432 150 4356 2317 8434 10891 13433 40 1076 3243 2566 5007 10432 2090 9558 952 10199 2127 8973 1425 4787 6266 9648 3179 13186 13430 4119 12610 11994 13402 3273 8978 2589 9080 2649 6125 11351 1800 8272 106 4141 3722 8194 11095 4180 4762 5193 2076 4130 12751 9304 11516 2528 5046 1303 9492 5275 7044 6192 12255 336 11664 3472 6633 11792 592 4465 7448 428 719 2502 5670 1064 9442 11928 7709 7715 9332 9374 9610 1373 6667 4839 6086 10706 2075 2199 2457 12578 2962 5159 2272 12627 8101 10220 11820 2262 3151 2416 7993 8661 3373 4373 6651 9141 9651 3344 9643 3709 8767 9564 4190 7956 7475 11526 3842 8636 4967 7396 4410 6231 6198 7904 512 11107 3991 5228 1871 10492 10863 12767 2481 3591 10048 6970 11180 3407 7637 10824 80 8922 1526 3422 9501 7598 10721 7296 9919 4692 9202 468 8953 631 9326 1177 12723 6233 8609 9272 9404 2915 10218 6371 10810 3268 6783 9663 516 3345 906 6737 9142 1066 2006 12898 6251 7850 13510 1227 3226 4049 4880 4878 12519 1315 6247 3059 4076 6263 6891 9917 3686 4464 5778 7027 4016 7062 4063 4753 3960 5642 7315 1853 7649 8672 2342 5811 12157 7562 10970 9229 10185 10733 4644 8454 2368 9203 462 12142 1087 1337 312 5428 733 11058 1808 11680 4098 7478 11230 4432 9709 3809 5212 5849 2210 6556 2372 11309 5514 9463 911 1556 970 1881 10425 11455 1176 1203 12724 12738 3632 11810 1576 8824 4208 4992 4605 7629 1544 3935 5263 8503 6526 10299 983 6404 8213 10325 679 7294 6800 10635 9360 10845 5871 6784 7009 3245 9792 30 1368 9803 5765 5916 10391 11386 10670 11969 12692 2572 13042 5553 11532 5959 8959 1968 6408 10518 2382 7125 11578 2213 2608 8657 7810 12753 2255 12319 6510 9197 4833 9995 10573 10856 2994 5429 7429 11226 7133 8512 4295 7605 3086 7422 9057 9830 689 927 4188 2447 5653 7487 10449 11171 
5619 13338 13417 11014 13518 
5772 
5915 
5977 12948 13426 
6165 
461 12635 2276 3423 3034 3132 6108 3668 8537 4052 11313 944 8957 2792 3331 1571 3133 1875 2777 10034 2930 8997 2302 8933 4062 5031 3450 6527 4140 5241 942 5935 1134 4246 8035 9214 2411 8020 12068 486 5287 6203 2211 5507 5846 2061 2964 6865 2247 8646 8829 8883 8013 9161 11343 4299 9526 1045 6353 8593 3649 6469 10027 2325 3149 8326 12215 5148 9721 3561 7625 10610 12813 6814 11899 4255 12361 5960 10638 6045 9411 10666 6110 9022 7572 8876 11906 3806 6241 10202 12809 3708 4907 5192 7039 9530 3054 7847 7889 1782 4981 11760 8540 11176 1858 3833 749 9040 8087 10630 779 5976 6217 9857 10353 3517 10599 3358 10690 9739 12771 12791 2483 6506 6536 8896 2433 5165 7237 1054 1696 5887 6967 4719 11873 9269 10337 9336 11501 533 12648 5766 8305 9931 11575 810 10999 5583 11094 9885 11392 5888 9053 9849 3091 6838 6194 10310 6977 7064 6258 12381 8114 11903 2442 8152 900 2601 7359 1406 2781 5868 6427 7105 11717 9965 11531 7791 11228 1247 5198 10200 2291 3992 4235 3043 5722 2136 3062 3677 12631 1552 10782 4232 10270 855 1692 8180 2105 4337 6697 1233 1572 6666 12672 5751 8455 6148 6528 11844 7524 10649 1343 2033 3023 8322 8694 9474 9652 2215 10816 6187 8838 5499 9647 6139 7632 711 7814 8208 2616 9532 647 11940 6606 6788 11477 6821 11922 10210 10614 12011 6321 10386 6539 7674 2395 4210 6917 1332 3189 10938 11137 3586 9535 4467 11556 4446 10159 11854 5404 12543 3137 5585 8330 9497 4794 10032 12793 4193 6026 7837 2604 10431 10567 564 1023 1807 11403 1597 3934 2293 10157 9035 11747 1505 8526 4597 7616 3451 12694 9745 11173 402 3406 56 3468 248 11446 5513 8489 10802 10344 11274 11463 11738 4639 11489 2785 5378 7627 8697 7312 10796 4600 12199 3732 5421 5651 205 10463 2269 11649 8083 10384 12415 3523 7376 1965 3713 4065 7768 11879 6030 9666 4700 11527 2840 5077 2626 6671 1276 4482 6907 1400 5415 899 3526 3224 5044 4173 7287 9105 12579 4455 10067 61 5902 654 10307 2495 12158 3117 5682 4733 11291 4984 7513 7217 9088 1708 9172 225 8115 1624 10340 1811 5729 214 2401 9617 2686 6871 7264 3470 6456 2449 4539 12398 400 6972 4089 6727 9245 11212 12209 3915 9279 3040 4728 8097 2658 9421 171 4869 309 1279 1000 7259 1098 4511 7449 11857 12659 840 6477 294 8535 8934 1593 12789 4515 5078 3276 10579 4289 8735 5810 9275 197 612 2654 4588 8731 12036 5565 7141 8648 10519 11646 4514 10898 12330 3740 4824 7603 8841 3064 4228 4810 7745 4039 6134 8301 8983 342 3765 9162 3805 4419 7329 10078 10671 373 2927 377 1283 2309 4507 8921 907 2878 9204 9574 12518 5254 5825 10151 13511 111 5606 2094 12165 2905 7986 8464 3887 9807 5792 6453 9707 6420 11288 570 12431 4927 10446 4991 7299 12619 4533 8411 7394 8980 3927 10553 1198 6189 10593 11115 188 12743 11345 12040 6480 7676 3000 3728 3974 3801 5812 651 2209 6365 2403 3391 8230 5719 7293 43 7705 10804 12261 7592 11158 720 6847 2184 4146 9797 12426 1049 3948 3125 11017 3202 3851 11063 11215 758 10024 390 11671 1092 2759 7460 1794 11258 8709 11305 326 9306 10406 6652 12623 6555 7075 1672 11885 310 2537 8577 3430 6500 9087 7328 10589 2581 3455 4617 8260 2330 7667 12574 3640 4973 5249 8397 10082 11974 675 2985 692 1777 2102 2285 12116 5142 11884 3171 10183 4553 9928 8088 9072 
6267 13512 13550 
6386 
6410 13216 
55 5732 12606 6116 11077 1356 4414 3112 3663 9323 9413 445 11806 2681 3176 5386 9746 739 8875 1164 4321 3653 7189 2452 12070 833 2908 6796 1976 12053 2347 4989 173 10207 1936 4572 3109 7025 2998 8681 3341 3778 6126 12457 703 10675 5790 12754 1954 5861 7203 887 5201 8059 5905 6886 901 1153 12340 7582 12234 3564 8634 11275 1408 8771 1689 4882 3201 3624 1318 12811 8014 9102 3594 11103 343 10707 10878 10680 12222 2610 9748 8443 12438 3293 12629 299 4647 4266 6894 4677 12559 7472 7777 4402 8122 2437 5714 909 7172 12550 5325 11525 2367 5712 2471 7623 9678 11449 446 1799 3735 6160 10939 11563 1063 12468 24 1053 1938 11035 3458 4851 163 1709 4570 3160 10741 603 1951 1180 2106 11391 6138 11614 3697 11262 2508 7596 6152 10515 8578 12283 8688 9991 821 2071 7519 9619 10010 11912 256 2525 7063 7751 1075 2789 2976 3263 3734 5923 1024 3026 4494 1886 5703 11633 2287 3922 116 7952 2814 5389 12654 7765 8429 4238 4767 2903 8610 9402 11328 3900 7210 7669 5017 9913 3190 10349 11127 12368 1310 8803 6118 11825 7385 11579 2122 3388 3606 4752 11517 6650 7261 924 4058 2464 5132 6824 6931 550 8670 1475 10111 11468 2279 3342 11109 2633 5220 3184 10171 8039 12291 3967 11319 236 511 11100 5382 8495 5924 11271 7529 9642 3892 9331 12037 2931 9111 10698 5158 9023 6850 9633 606 9223 1914 4726 8465 9343 7919 8607 870 5004 10422 11282 9609 10745 3936 8031 8547 10979 6032 9285 
636 11762 566 6545 12586 9140 9163 4517 6802 10376 11283 12465 6409 8483 1592 10829 407 3188 729 9189 1867 4850 11193 1211 3545 5061 1369 6316 6338 9773 5437 8365 8647 8791 11593 4815 4902 8627 3366 6543 5674 7463 3979 11629 8337 13170 1244 7240 9426 11005 12035 653 8931 2941 9950 13291 8022 12546 4711 5111 9518 8858 12928 157 1044 8026 8072 10917 478 8878 751 8862 11090 7148 11535 4041 5109 2728 9923 538 858 2811 919 12071 510 681 2689 9628 3886 5292 808 9014 10378 10993 7996 9955 10869 12982 7856 9317 1051 9587 6464 11544 1386 3535 7759 4982 10475 849 4120 5427 2797 5104 2117 7290 10001 2200 6094 3752 11552 12130 13150 2144 5310 12056 8010 11995 304 4789 1238 13492 182 737 3082 9556 2260 9494 1340 9502 791 5665 11910 12500 1123 4593 3814 11388 332 4571 4379 6374 6835 12510 3785 8362 10343 8004 10877 6906 10945 267 12733 1286 3861 4091 8044 2674 10542 12084 4320 7080 5270 5456 6226 10141 6105 7285 9270 2602 8752 9093 9127 661 10189 12002 7758 8601 3877 6746 1178 9624 6538 12389 12649 12818 547 5773 208 11053 13159 1470 8904 12934 4889 12228 1273 13311 2155 3547 2458 11667 4770 8003 5635 8030 6887 10109 2223 2641 5399 11040 3116 3128 4509 12628 7380 10834 4338 6817 12216 6128 6412 7660 10744 1661 9356 8764 11421 10013 10737 2400 3465 11721 2270 2849 6225 2858 8393 3870 12033 1435 4780 5492 3770 11022 133 1437 2937 219 4492 2675 3216 4488 9604 2860 12480 4716 10736 6205 6451 10536 8605 11117 3279 6416 13340 4926 12685 595 7722 5469 6772 6730 12447 860 9265 6391 7521 3742 12587 989 9498 5515 5646 10830 4198 7728 9303 12532 194 9235 12344 12657 465 1352 13329 4512 6027 31 6221 8079 10511 827 847 9007 9186 1496 11662 3706 10859 6294 9068 10263 4853 8445 12112 
6575 13154 
6586 12923 13392 
776 11734 3950 4885 3603 7702 9305 12409 2936 6101 3487 8438 4734 9590 936 1445 8612 6011 11323 9436 10103 2008 5130 11263 1948 6232 10383 1814 11383 12815 4412 11393 1057 3999 6069 7278 4835 6722 287 3849 2079 3587 7410 7965 917 8930 1418 8340 292 2543 11627 12014 6598 9355 1056 9071 2642 13212 70 3856 2187 3087 2357 6306 3945 10156 2565 7269 3208 12597 3434 5076 8510 8553 3076 9408 9983 12092 6334 9694 3403 3696 947 5060 4899 13101 13473 9125 11255 1170 5424 7804 8746 1493 2598 13050 382 11302 12760 569 3495 1763 7260 1181 3512 9136 2570 5030 5907 9422 11472 5675 10946 5065 6195 6227 9210 8237 11970 8762 9412 5461 9177 10070 6703 10044 10652 11845 959 11870 12183 3282 8856 2560 12161 4567 9731 10421 11385 3376 5258 6344 8604 10333 6709 7691 9263 11953 1650 6868 9567 3885 6326 10362 4561 11733 5472 9037 1902 3222 4988 4751 10926 11909 5256 11932 8802 10249 7425 12521 1465 3601 5886 5946 588 8748 13343 640 683 7500 4269 12378 816 4812 10602 6186 6594 2995 9680 5116 5649 12430 33 10861 5003 8909 183 10609 4287 8056 515 4587 2909 5800 4348 7972 2651 7015 5680 8628 4363 9833 11890 3374 4302 2943 8304 9124 10985 12736 1430 3921 9586 13129 1116 12009 12437 6472 13111 13274 7118 9239 13448 4622 13147 8137 8186 9972 2921 9073 426 12334 9434 13530 3527 11427 2645 5827 7510 7931 10572 1289 7538 9274 2311 7895 11223 11404 10011 12321 9869 12172 
6604 11729 13407 6687 9561 13089 8814 12957 13027 
6672 
6786 13471 13501 876 13097 
6916 13077 13519 
1372 12333 7318 8832 9669 1336 1964 3946 7803 1790 4264 10743 2866 3720 1329 8701 7363 12240 3875 11571 47 2891 3730 3103 4280 7413 2499 11326 3598 3895 1615 3508 52 7753 10509 11689 1757 5365 3680 4250 9036 10798 2997 7602 5610 11484 3167 12072 12285 518 7038 1331 5246 7207 2315 4993 994 3501 782 2758 1297 3965 9489 600 1910 8626 6597 11344 393 4676 10570 1219 10586 2218 7482 7740 9733 5462 9173 3761 9367 9806 7883 9416 4010 7054 9599 582 11371 9430 11732 1059 10673 10843 4436 5162 10849 440 3690 5282 4493 4505 4364 12441 2646 10636 2171 12391 7755 9230 2948 7912 11915 5655 11009 2476 6135 3746 4558 3386 8981 4100 11315 6758 10259 1775 8459 11538 4374 12816 9129 12217 441 10697 3539 3763 4670 2731 10805 3736 6049 2082 3681 5847 9062 3251 4369 7007 8359 1222 7809 8732 6778 12720 3415 9376 82 5186 6932 8979 746 5705 9935 5023 5043 6943 6524 11811 4797 9780 5178 10442 1695 12082 2003 6991 7372 7421 11983 1259 1323 7720 10685 12646 187 1452 3481 10304 2275 12709 712 3827 2313 4169 2600 2920 3173 3634 9473 12684 3339 4007 6117 9335 10854 12265 46 11781 5439 7303 7227 9296 4930 6862 874 4081 4874 7855 8571 471 5208 3931 8051 6384 8939 3037 6312 10342 5452 9043 2749 12187 6433 8073 3762 11958 7070 7903 5999 8070 9977 877 3142 8819 5717 7094 8111 10948 273 10852 4965 8379 7832 9545 12044 641 7997 1988 7575 763 3083 10815 11522 11765 1828 12534 6314 7311 5230 5251 6507 10725 553 8903 9427 3093 10883 975 2695 1280 11628 4652 6588 7604 10479 155 8937 2933 9886 10974 11482 1912 9691 10290 8477 9453 9880 6141 6762 112 290 813 4195 10476 6213 12507 8882 9606 11875 4059 6208 4577 9293 4051 10597 2678 5054 2829 4470 11630 5240 9134 10294 1393 7008 11422 7560 11203 2974 9171 1260 1765 11188 11913 3409 4886 7666 8621 5308 7409 7455 11704 2717 9139 7238 10608 2238 8113 2432 4887 4883 7590 4918 7833 4460 7862 2524 2910 3646 5616 8786 10471 597 9522 5434 5867 2154 7004 710 11008 11582 10179 11420 10364 12343 5676 7246 2332 9901 138 217 1345 5464 5678 1242 7654 6768 8799 2720 5906 1138 7403 7601 10717 10647 11161 981 4159 12010 4325 9342 7520 7659 9915 12394 121 11503 560 2834 4335 6395 7523 8298 9805 11530 11799 4384 7256 12566 1636 7622 9029 11758 4699 7982 8594 11647 6901 10452 9077 12223 1335 6614 8926 10234 10037 11284 161 5964 1239 11072 1652 9056 12698 6219 11338 3867 12687 
191 9287 10248 536 2417 7807 9045 2410 9018 3550 10260 3229 10687 6098 10551 6050 11183 1559 12000 4909 11340 4469 5289 10794 12213 2292 11320 8481 8683 5785 8127 10231 10544 105 1566 10085 3378 11087 1898 4125 8317 9369 5568 9895 10505 11416 520 1398 7263 10952 5869 12420 996 1404 6908 9108 10833 1314 7434 660 2757 1383 10868 2341 8025 3626 5707 7511 8620 2351 12259 1784 2746 2101 5581 1050 5937 2673 3658 21 4310 635 6311 392 3335 6535 3432 10040 6591 10971 7754 10112 3411 9767 5700 6733 913 12492 1349 10253 1655 3872 5702 2727 9443 629 5019 2885 6488 9341 1471 4329 2192 7112 7188 9348 12617 366 4763 5512 10851 8229 12233 9839 9859 13106 4088 5904 9752 9906 6304 6747 9165 5059 8036 6544 12219 10840 11942 788 9345 721 4499 5819 702 11062 3803 5006 12703 13474 9486 13357 5531 8820 2801 7553 4856 9225 6222 9562 12856 14 10222 12273 857 2971 1549 3836 2256 6284 2839 6210 9757 11322 76 8410 1669 2726 7379 4602 9507 12963 4046 5495 6055 2333 7182 13390 1553 3616 3352 7010 1557 4717 9361 7960 8280 7626 11898 12944 2607 7764 1409 2429 2894 5894 8355 2265 8747 315 4472 2110 4368 8797 8888 611 6573 6022 9103 1463 3061 2558 3300 3566 10788 1706 1729 10880 12506 3354 6493 11289 11581 3052 4527 7732 2848 10110 2354 4537 4648 5528 4917 12674 
10423 11829 2487 3248 1724 12448 8501 11104 4212 5124 4608 5690 3085 6937 11546 2827 9697 10645 11273 12942 23 7672 12985 756 1140 3671 4636 11601 1306 12032 6092 10581 7466 9054 2012 2942 5033 8012 12977 13558 513 1391 5994 8906 2274 5161 1739 11617 3759 8409 3533 3786 6021 1981 3336 4664 744 12416 4626 6553 494 4694 1962 6656 1250 13207 13363 2669 6590 5782 6909 5767 11037 356 8099 120 4759 2461 4394 5663 10862 8548 9620 10201 11616 9789 11947 825 4083 6287 11157 4028 5750 4947 10792 5311 8927 2226 4513 1015 2620 5222 5384 10773 6361 7568 8479 9811 2578 9495 389 1742 11364 4433 4691 12766 13148 4036 8414 8435 10335 669 1678 1261 1993 3255 3782 9529 1619 6200 12772 2163 5147 4681 6423 6834 7481 10051 974 1157 8314 866 6024 6419 8564 7762 9476 5698 10980 395 2640 4323 5505 8668 844 7733 3978 8148 178 6119 12360 10803 12141 4911 6885 12015 7031 8224 11219 11766 235 1449 3056 11122 1657 4284 4359 8095 5930 7848 8419 6702 9001 1716 3860 4615 5442 1980 3903 6673 665 12639 58 1764 5307 4220 5843 6236 8504 5789 6071 414 7830 10565 11807 2035 2888 4502 4581 11018 11683 4925 10576 9152 10892 7201 11211 5083 11272 8562 12317 6356 10853 4415 11491 819 4042 9044 10443 5430 12117 861 4360 3198 5742 12524 4804 7452 2912 9157 1291 10487 1536 9952 367 7849 11840 13192 630 4242 7298 8574 2737 10387 11979 2319 12644 65 4705 853 7170 2373 3250 6196 7742 8106 9882 6102 6167 10026 10090 11545 11610 3144 10709 3380 11772 7151 8754 6261 10772 2567 6153 12193 12664 210 1120 3772 10814 5271 8563 13088 2028 3904 2320 8329 2992 4406 5594 2556 2918 6188 7096 9593 11316 11755 3461 6725 7327 8120 8270 11192 1720 11837 12567 3815 11612 12260 4696 8357 2540 11773 2025 5094 5195 8788 7354 11363 8401 11636 454 1793 3835 1432 7049 11110 11624 3410 3917 13003 331 1970 4094 281 3528 709 9366 1967 9555 502 2991 1446 1918 6166 7954 1200 8093 2362 10267 3257 8266 563 3370 2907 3695 542 11118 3063 5368 6619 8253 12740 7347 10689 3135 4741 271 7824 12690 4689 5817 1825 3238 12384 1518 2409 485 3065 3883 1236 4643 6964 7005 8032 8207 11756 920 4822 7192 10447 10672 12269 11432 12458 897 3683 9166 9674 11067 2300 2770 4678 5323 5620 9512 2042 7014 8770 11574 16 10714 7700 10529 979 2023 8716 11834 11931 2014 3437 11418 4954 11084 1473 7154 5996 7793 3748 7811 8042 8917 7419 9736 11785 8343 9774 10976 3804 6542 233 5474 1675 4775 2850 9868 5831 6373 10751 5336 8369 5305 6327 5875 6557 12544 12126 12178 2038 4933 11163 7092 9485 1068 10890 6963 9889 10513 5839 9930 9612 9887 11002 846 5969 4170 6385 7725 4760 9883 6239 8190 4001 10319 10930 11254 7185 12561 617 2522 2711 3824 11239 11348 305 12021 7028 9603 11027 11587 11822 12030 9201 11349 7276 11980 6335 12483 
7036 12857 13078 
140 9712 11408 11831 1845 2722 13021 3269 13063 6568 6861 9320 10960 4702 6626 12943 266 4866 2679 7920 2755 10389 3729 10491 9145 9168 6162 9876 9982 275 8211 10639 11856 3306 7704 1978 5259 5856 6705 3089 12749 5276 6896 2494 8918 811 5236 3838 11562 8911 12540 4834 5570 10466 11195 3185 5848 8332 8769 1986 4530 4456 9677 13394 1992 4658 9496 13164 2599 3863 1838 6749 8062 1973 7184 11167 13423 2544 3252 6659 11795 5176 10624 5650 6975 8760 10469 6431 11838 2935 5962 6422 9576 2112 7980 2074 8837 2928 3607 8790 10504 593 2636 8405 10713 11191 2236 4914 2261 8290 8053 10339 10357 12803 3180 8175 980 6711 6609 6694 11950 2412 12669 526 3635 7577 3994 7091 10243 11066 3556 4317 6062 7655 11886 6954 10584 9401 9465 6013 7585 9081 11796 1499 8894 3111 5961 1533 2975 1515 9086 9653 11592 1864 9924 12443 1127 6603 7095 8863 5301 8596 13054 1989 10549 3996 4657 12810 5543 6794 8815 9527 1509 11645 785 6812 12358 1419 5413 3347 3627 6624 10133 12778 1611 8579 2576 11003 8236 13024 10954 11929 4484 7600 8390 13253 3215 5631 1538 5377 6988 3473 7714 3784 8392 8606 2034 7990 12997 444 6270 8996 6460 10720 8823 9897 3522 12313 3990 8671 4709 7907 8855 12647 10566 10986 12305 4559 6406 3005 8737 10568 9236 11644 9117 10318 9656 12099 6458 12832 4983 13472 1687 9138 3288 5502 5688 12590 5118 5392 5709 7509 7961 1479 9352 283 350 1113 8966 11179 3320 7346 3389 4840 4336 6175 6640 8069 892 4985 4944 10562 3555 4395 8920 12108 10 9339 4382 12022 7104 7718 2318 3484 11184 11924 3609 11553 42 724 8428 590 6330 11674 7160 7336 8775 212 5018 10997 834 5510 1330 10517 11088 11514 13211 6720 6766 9631 11771 3558 4806 9020 12668 388 2286 8693 11236 12653 3908 5844 7235 830 12048 649 8217 8308 8389 2584 9713 6173 9726 1109 11136 1287 9566 10759 2788 6565 1760 3050 7060 3537 4868 11508 12275 2052 5133 5506 4118 4964 10779 12838 3382 4498 3905 10754 12837 4910 5563 3637 11981 4532 11448 7921 12494 774 9334 5965 6658 10907 11147 2652 7583 11304 2783 6397 474 9705 2623 11467 12006 139 2002 2240 5155 1033 7975 12232 5647 6462 10839 2189 7942 11054 5855 6286 11954 12249 842 8946 1230 2913 6298 658 12563 2081 3318 2769 8149 5493 7447 1743 3702 1114 10410 6351 11714 6366 12663 8328 8424 11308 13112 3166 3788 13395 6290 11172 381 12257 10944 13235 747 9261 3379 5441 7906 10694 759 9798 11685 12472 2917 3984 6402 8142 8736 9571 13406 
7111 12983 3941 12915 12973 6308 13116 
7476 13199 13429 
6611 7593 
7642 12933 13507 
7650 
7651 13076 13276 
7673 13334 
7677 
7707 13174 13444 
251 1384 2823 6211 2243 10046 7536 12244 2531 2873 5245 5457 13281 482 2643 7464 7116 13023 8768 12658 3113 8399 9627 9681 2926 10097 7021 7941 2062 9695 2180 12220 13441 4249 5986 4020 5803 10762 5783 8195 13537 8812 9146 9835 11442 2982 3622 9994 6858 9539 8457 11594 2940 12757 8687 9900 4461 4861 11268 11476 1221 7881 1316 9948 4625 12608 5463 8204 2039 6571 2699 3812 6915 2120 10548 8245 13389 3022 3394 4117 12164 6083 10215 11716 148 9734 443 2899 5396 11639 4346 10368 7272 8766 1870 2507 5266 10145 8474 11277 193 7902 4294 12271 8491 11050 3232 8678 11334 3497 3583 185 803 6953 9702 5815 8198 11719 2314 10676 9175 13535 7694 9921 4519 4904 11034 1949 12267 1869 3131 261 2418 6615 3383 4550 1154 3943 4397 4897 4129 5517 865 8932 644 7233 3715 5269 306 11135 1128 8531 9147 9200 1833 9464 9873 12666 147 2725 352 1810 5774 7932 1004 4536 7840 6655 9513 10656 353 1711 2150 4061 4594 4026 4714 11105 5479 10514 4233 5715 6297 11964 7113 8811 11174 2031 7162 3027 12624 2267 4946 192 13213 1525 5890 8200 5605 8358 322 2100 8713 6998 11605 7908 9534 9776 10896 1132 2036 6863 7026 8880 11450 6540 12460 6607 6657 1262 5912 875 11949 7789 12582 385 9119 8391 9181 1550 3333 614 9440 1108 6764 9187 1431 3256 7571 3703 6067 3975 4147 7771 5595 10329 12086 5695 10836 1377 4331 6228 6362 7165 8089 10596 11347 11550 601 3008 1367 1866 9980 12123 2579 4151 180 10331 4183 7635 9307 12517 6209 10274 1320 4330 9372 5156 7198 10367 6296 7756 2732 6254 4087 6159 1144 8899 9291 1640 4579 766 6465 5299 6732 4112 6519 487 8473 9786 11623 5068 7146 11280 878 7896 6143 9942 6142 6813 2044 8380 3156 10439 4858 4908 6435 10532 1067 3203 7441 9423 11306 12376 279 1016 832 3880 9227 11415 3016 11560 1292 11863 6035 11597 8105 9164 9771 1415 2185 10450 1421 9350 348 3295 9456 3322 8793 10436 12028 1078 4972 4449 5086 11202 1472 6403 4383 9383 12773 3563 6407 3534 3841 894 1456 200 8714 12588 1394 7579 9865 11506 839 12239 12292 1895 4712 3662 9394 9461 12591 1451 7873 3414 5933 8300 6246 6976 1558 2805 12547 1495 3505 2361 11753 8576 12530 1365 7099 232 4501 568 4863 5533 6853 3205 6120 1047 13555 7966 7976 2462 10808 9183 11828 2133 3418 3981 4916 6890 5731 9074 3332 11242 11541 10172 11060 13225 871 7209 7939 11019 1736 10918 
7914 
272 1459 3739 12059 4205 4496 3947 4838 114 3469 10496 4427 5746 5354 7619 10644 619 7782 1575 7147 9446 11497 4458 11507 35 4637 6708 1070 11946 8460 8804 873 9468 2306 4148 12526 2670 6305 2018 2739 12742 4960 5315 5128 12557 10903 11698 4426 6461 610 1551 10607 2762 8422 2564 6681 1644 5983 3316 4403 6911 4371 7291 1464 3906 10710 11708 1582 10537 4024 12741 3047 7682 8866 11042 7675 11862 3460 4948 6487 8692 12241 1824 7450 5221 10735 364 3393 497 1823 8240 372 5280 3796 4518 10288 815 1461 1699 5546 2944 8865 2989 5334 4563 8879 2393 6417 5071 8450 10605 10640 2188 6474 2857 11181 910 1560 4281 5614 2340 11962 5580 10030 5967 11951 982 2478 6564 12156 2902 6468 2263 12728 4547 8205 955 7345 3369 4209 9588 10626 736 12752 4987 5696 6322 6960 7034 7721 7727 8223 11559 3749 10653 10742 12795 9190 11397 4743 7144 11803 333 7427 1187 12445 1562 5942 13304 1778 2595 2580 11948 5618 12124 5761 7288 7821 5582 7690 4923 11294 5100 7307 3364 9364 4857 12998 2831 4286 13489 11224 13520 2966 5411 7864 3524 7844 10311 4084 5608 10594 7432 10371 1710 7967 4326 9046 498 3435 5491 7152 6184 6616 9031 9133 277 6016 11471 9256 10541 5798 9763 8561 8828 5026 10838 7120 10949 6183 7477 6149 8063 9902 12029 1594 5624 9969 12201 898 2165 1829 2088 10418 1462 11637 4068 6973 7213 4194 5279 5247 10377 156 12788 3643 12109 7734 10107 12163 2337 7772 11776 3777 7222 9852 10711 11207 90 3308 5770 10314 3239 6841 9116 1071 5786 8219 8490 1036 12090 7155 8580 4177 7135 3865 4226 10459 8895 11923 3334 8632 9112 9547 127 9094 6248 6950 4534 8404 3745 9246 698 1042 12675 4230 12614 1773 6680 2877 12637 3694 10018 5317 7537 1405 10346 528 2195 6754 6176 8439 1635 10620 2859 2939 9987 12405 11727 12604 2013 2179 4793 9480 1159 12174 5 3678 2406 6132 9215 12775 
8107 12868 13261 
2405 9605 1851 2671 3433 2010 4055 10969 3813 4578 7815 4941 10198 7191 7834 7161 11619 8263 9257 12782 699 1604 3035 4774 7382 8202 12665 682 1146 2780 5540 4273 4376 12238 10991 11901 2396 3899 13264 422 5016 6840 8544 11779 13374 732 1513 9220 3424 3879 10293 7687 8525 3819 10165 6317 12304 5194 10718 10982 12682 4820 8023 5478 10283 1520 6938 2037 2173 5058 5669 9611 854 2718 9042 7078 8666 5465 9251 10399 10512 6264 6941 6629 7564 9788 1040 11682 11864 1787 3716 7835 11365 6396 10296 447 3821 3793 5485 9033 3504 3859 7388 9193 10929 9448 12173 883 12184 12995 4047 6414 11024 1818 13294 318 5658 5903 11997 1588 11839 555 4604 12891 4747 8602 13132 904 1530 7559 9478 11133 1422 9735 1277 12300 10015 10095 12296 8078 11007 7785 8108 3191 11797 7011 9381 8912 12467 8396 10195 2799 11165 3613 11787 6452 10885 5557 6683 2983 4583 7187 108 2115 929 12655 4478 9829 6014 7333 5045 5948 4018 7968 1804 7030 7202 8312 9109 9254 9843 10242 1204 10182 4963 13134 9546 13251 1805 7406 3655 9698 5777 8482 1746 8572 2190 6229 7955 8498 2614 5306 6874 10642 10719 8043 10778 1950 7918 12067 722 8082 11252 12726 4290 9435 6467 8281 1532 7928 6436 8805 9618 8061 9974 9841 11566 12718 3721 12041 2509 4795 11411 12383 1308 4510 11445 9180 12478 8295 11357 12739 790 8394 8388 9487 9912 10465 480 9671 12801 7117 8987 11140 4828 11335 12495 437 7226 11301 5632 10408 4131 10240 9327 10213 4968 13539 1637 9006 2946 6123 3313 7405 5027 6177 1492 12514 4385 7693 5636 8282 10729 11918 7767 7853 10961 7730 11868 1073 11401 1812 3673 7643 7938 1360 6179 6884 8650 886 7485 1510 8509 8950 245 3420 320 4037 9654 206 4959 6332 2496 5683 3147 5896 3192 4116 12504 4786 10330 2546 3001 5971 2534 10895 8654 9233 2059 7143 12127 1217 2800 3628 6278 2099 8624 10730 4418 10704 128 4922 11731 2077 8118 2253 10345 577 2438 2853 2787 4745 5157 2790 5638 822 3843 12592 3717 5423 2063 11447 12349 12531 1447 5480 8690 10354 8458 11752 11836 9760 12769 6428 11121 4495 10028 1887 11852 1586 8319 
8516 
202 1684 8993 9192 6875 10516 6923 10175 1094 7457 11511 12746 4610 5106 9082 9635 9953 160 8057 11908 12151 12289 2575 4428 12101 836 4754 4938 10490 11642 5174 6418 2550 8519 3297 11131 5197 8373 8484 8988 2945 7470 7242 12589 11554 11767 59 2741 263 2562 285 8296 2069 8623 1856 2308 5321 11139 6832 6881 11688 4257 10916 7516 8781 1005 2830 5571 11549 1596 3214 8704 8796 6350 7936 6481 11641 228 10255 2816 7735 237 2955 1347 3441 760 6951 4038 10950 7618 11153 7018 7797 5607 10214 9918 10801 10287 10484 968 3776 8261 12731 2358 4798 11710 5119 9594 12867 11858 13534 394 7356 10503 2549 2861 8008 6096 10458 1039 9729 12094 1491 1501 10187 1581 3118 6483 7003 11966 1885 2456 71 12601 621 3310 53 6276 6009 12464 7706 9377 5741 10992 3515 9005 8415 9439 707 10164 9484 10080 2030 10379 7933 11244 6346 9038 10308 3831 12485 3873 4586 9488 11150 8155 11182 1020 12017 4413 9039 11891 1959 6163 10237 8178 12455 136 7711 7061 12768 1896 8800 1103 2723 8665 3057 7442 2538 2953 7911 8581 2972 11504 4179 5558 8212 10042 1025 4296 1634 1654 6299 11576 3625 10437 1129 7761 2193 8156 8084 10104 6325 7630 10990 4663 6486 8360 7496 7613 2281 8755 2702 7983 1620 3277 985 8573 1517 3554 3021 7696 11380 1931 7561 6523 9433 4389 4690 4361 4573 8472 9956 609 1027 7757 6106 9540 8818 12131 3284 11945 3600 5149 1212 9699 7638 10149 8595 9004 8288 11512 28 12110 931 3042 10061 12541 5708 9322 11235 868 11341 2237 2692 8413 11200 5755 10392 1468 4950 1700 12075 5684 10600 9959 10351 2160 10937 12115 5455 9349 9542 9751 3864 10035 3787 4744 6087 13206 1478 5070 7594 456 11835 12585 2776 5438 8278 5139 9715 5167 11435 5349 9458 639 1002 5876 8144 1646 2402 4186 2892 7404 4056 4729 7248 8050 8695 13143 6770 10264 6537 11615 6677 11894 752 12356 1029 4261 2691 10380 10077 11618 1058 8139 1512 4171 203 7545 8461 686 3691 1539 4479 6617 1817 4333 801 9945 7236 8273 3321 10989 9510 11286 12840 10662 12373 1500 1561 3233 11149 1402 2305 2233 5836 68 6275 8364 13126 
8615 13105 13238 
3757 10055 13352 4150 13409 179 13115 8633 13365 9700 13541 1 807 12969 
8843 
8898 
9113 
884 958 5196 7164 34 6023 2268 6151 4841 6320 3692 8275 10081 11111 4896 5172 4624 6369 11169 3684 7498 12102 2784 2869 6245 10775 8542 9107 11125 634 7017 9660 3211 4776 8119 1806 5892 12345 2609 8613 475 3280 1645 1850 9015 3299 8064 2427 8452 6836 9218 10525 2794 7084 12638 4217 6220 1662 2141 4165 5028 7697 8336 5552 7369 10478 522 8724 3270 4163 7301 2809 11745 8947 11333 8974 11699 3560 9951 8134 9809 11782 2822 7330 7953 8982 9247 625 7212 1625 5753 4893 6482 9298 11613 2370 2592 500 6635 3425 7576 2932 3266 5432 10039 8154 11375 1390 7181 1990 3446 2969 11246 3236 3790 1035 6924 2736 4259 12290 843 11678 12450 3200 11152 5601 6700 10682 3060 6627 3459 9432 5752 7123 11589 8179 9799 6933 10273 8496 10764 4640 8487 841 905 10262 1679 7866 2048 6172 1947 5402 814 7547 4671 5160 11210 530 6926 4675 12020 11101 13104 1772 11591 2178 3858 2415 7663 4613 7736 7882 10419 12263 7865 11196 704 3490 4871 6025 6289 6761 7825 227 8449 3438 5098 8618 5943 7992 916 12708 3213 11905 745 12198 12256 4565 6803 5454 8521 9264 5885 8641 3511 6004 124 11869 1776 6503 11666 424 890 5211 11352 3314 3956 4765 1639 2138 3959 12311 249 12276 2631 6996 4490 6811 3260 9993 8157 10783 1786 9483 7022 11001 5239 8905 5764 12380 9509 11451 6873 10438 7631 8299 1516 2954 11665 3456 6501 508 8018 8402 6380 7465 9382 8077 11126 598 7436 5168 11168 5538 9557 2463 5449 4343 5489 7806 4021 7013 12645 7515 11041 2359 4739 5248 9194 9784 146 5407 2855 7274 9292 10153 3399 6563 8110 2628 12352 2183 8015 4601 10540 3340 8638 6585 7350 10271 5621 5841 9447 1589 6827 6137 6647 4313 10587 9249 12162 1361 10101 6499 10905 11186 12038 780 3764 2399 4582 3181 12560 3491 9178 4201 9711 928 5487 6572 7606 11069 6224 11941 1069 1269 8206 1618 12064 7334 11123 4153 12280 463 12471 213 12129 10106 12057 1263 1570 12144 12584 2825 12528 4071 5957 4288 11697 6218 10827 1476 6383 195 3084 8104 5944 6440 12476 7949 11632 1994 10631 5473 10734 1364 1514 3138 5503 6439 678 8138 9667 7019 10871 824 11114 6485 10148 579 7683 903 1519 11847 537 7268 10071 8967 10554 4997 8497 9904 11960 8725 13151 3195 12254 6710 9850 9922 1165 2520 13314 
9208 
9217 
2591 8267 4761 9578 2571 2687 4267 10598 4872 12327 6807 12779 3825 7199 5278 5628 9879 4156 6889 7241 10057 12715 3095 3531 879 10350 4723 5085 2663 5544 4727 7390 4842 5283 2906 5097 6367 6685 783 10613 1370 4843 5225 11577 1919 5956 10049 5881 6038 11921 2536 6216 3206 8215 10556 11106 1156 7407 1543 7987 8467 8502 6815 7194 509 10464 4291 12018 491 4358 1358 1933 3642 9386 11802 976 1048 3346 2852 10007 4718 11957 1026 1429 1653 11070 1728 9573 1030 11399 1633 4784 4996 7077 4122 10228 9009 10341 5390 9878 1469 10229 856 12016 4867 9063 5014 9337 677 977 7451 12058 12194 12212 786 2956 11751 10535 11206 257 5524 2166 8426 6793 10135 1161 11486 3826 7805 9069 11626 633 8480 9267 4546 12397 2845 8183 2283 3582 3159 4213 7872 11098 3938 4562 7780 5908 10440 2817 7414 7670 8471 8776 2344 11955 1074 10291 5759 8944 3718 9319 6262 7145 3 5500 7046 7428 1791 8723 4344 4768 3237 5758 7110 6566 7699 10087 11297 8901 12341 4928 10758 8643 10359 12565 12679 799 11307 4466 4811 9228 3078 10158 3287 8320 12121 706 1088 5227 1342 10964 3357 12054 39 11768 5623 10760 725 990 2847 1797 3329 2299 5374 12252 2818 5940 5091 9828 11389 7255 7877 438 8545 1803 5945 1997 8758 5760 10025 4459 6601 4713 12711 5385 7420 10074 6522 7444 8527 12576 
9638 
7893 9747 
9938 12878 13487 
10063 
10137 
10150 
10327 13554 439 13403 13431 
1664 10461 
10510 12975 13107 
10769 
87 3353 2977 12288 5008 9916 690 8058 1969 5654 7399 8038 450 696 7854 2655 6605 7586 8291 6665 9282 1460 8448 5237 9126 12140 4247 5838 12282 5123 10679 1574 11430 2121 5662 1573 2390 6663 11377 5036 5131 8902 9084 5199 9207 1216 9770 552 4701 8470 1417 12119 5302 12301 2768 10591 4401 9338 5926 11494 938 12412 2585 6443 9927 11547 10038 12572 9095 12695 6281 9508 2627 8784 12307 4483 10385 5361 6643 1616 5366 6214 7089 6765 8158 8297 3896 7411 9505 11881 11440 11567 347 3521 5207 3187 12744 4357 5518 2378 11321 851 5358 5879 3884 5911 5281 9219 4231 9824 4978 12139 3753 6442 5747 9600 987 6277 7779 1362 4355 7107 9050 1982 5625 11281 7648 10147 3234 5657 11023 2430 6389 1605 13092 7958 11466 8145 13127 4520 5572 9169 11963 2871 11791 10663 12347 6122 6675 10622 11939 4877 8676 543 4936 5685 10651 5057 8964 3408 8133 12763 2639 10618 11296 687 2086 2157 3907 13383 5613 5795 667 10977 1663 13337 2376 4800 5982 1511 5545 4782 9815 5067 9153 7215 11337 778 6829 5185 12436 3225 8436 3659 8566 2621 10770 9962 11996 2485 2683 10382 3440 4274 5093 7533 5328 12050 5218 10448 10209 11292 1721 4176 2925 7097 458 8150 2468 9302 3516 9892 5555 9098 5734 9802 6181 7132 10281 3249 4931 11046 11648 5175 11162 674 11287 11148 12293 1748 9358 6459 11542 2257 6981 11295 818 11256 932 4199 6541 11331 605 8662 10366 4656 6969 7878 3017 7056 6136 6760 11853 2073 8956 9076 2004 2448 2851 2957 11855 6502 12318 6349 13439 177 4138 6559 11944 2916 5350 12013 1189 1903 3798 7415 6947 6993 8383 12299 12098 12602 6893 9438 2072 10122 84 7281 5414 7494 8734 11991 1232 5297 10322 5460 10897 5560 12605 4424 8960 2904 6515 10180 893 3652 11621 13110 1378 2446 9575 8196 10474 1295 10658 11016 12221 1375 5447 6077 6161 11051 2764 8961 1607 8798 2612 6848 9472 10818 
264 7823 1987 10688 4107 8916 430 12640 1686 1862 5412 6744 11368 3275 8707 2132 5183 5597 5611 4541 8507 12218 2264 10912 346 1150 6309 6089 12085 7729 8140 1258 10075 1889 4913 1665 2024 5136 7845 8354 3464 9864 7401 9966 9598 10445 939 12120 5854 13136 755 1730 9844 2529 3830 7265 8376 9755 10169 9989 11036 3724 8952 3174 4216 9877 11047 3489 4557 10923 1705 5567 3019 7712 10765 546 2032 6776 10031 13095 6994 9314 4438 8338 11112 4929 6292 1854 9572 7200 9596 6051 6530 1893 11405 3808 10543 13066 7763 9154 3349 11428 5833 11878 506 1466 5187 7518 5929 9585 1718 12132 338 6375 5041 6748 3741 7710 5012 7944 8971 10033 8872 9516 5351 6882 6712 10058 12171 2139 5088 5586 5592 10313 3015 7680 986 10014 2688 11249 10277 10831 2586 10582 9395 10703 7744 12079 13267 
10889 
10958 13375 13502 
10968 13514 
11216 
11233 
11496 13299 13313 
9002 11510 12823 13503 
11602 13125 13231 
11663 
11143 11933 9137 13083 13475 7166 11659 12858 11684 12916 13529 
2656 7239 1834 10975 5257 13344 6983 11718 5820 8765 1628 7698 4538 8520 170 6533 12949 12951 1133 13500 13561 1717 13547 2054 4750 11827 11990 11075 12786 571 7929 4543 12440 1977 2007 2164 8333 11481 460 12732 4029 12295 1179 5166 8923 10616 1396 11384 4742 5549 867 13031 781 2611 5508 3285 7923 2168 9353 3413 6695 2886 4560 6005 2085 6230 4919 9407 1199 1614 2407 6546 2700 6157 1587 11866 1188 5009 1487 2140 10747 12970 8353 11499 6377 7047 3769 9662 1196 3747 8469 9787 13301 4452 10093 1702 7874 10659 11409 13356 4312 5038 6872 7271 9649 10800 7581 7717 9294 10681 96 7295 11741 1897 3837 9405 4319 10482 5417 5802 5681 13288 3152 8187 3218 6740 11059 12078 1271 3676 5482 11652 2735 10724 3029 5450 339 4365 7506 6775 7861 1873 11199 12756 7325 11276 8432 13369 110 6810 3546 12577 1175 5371 6549 8361 7115 11299 12511 5329 11728 2125 2217 4380 6271 9399 2369 4182 7058 11790 2156 5264 7778 8749 11138 3986 5699 11045 5784 12535 1979 3507 6359 8995 2345 12734 4386 10987 8669 11572 122 5941 2517 7169 2526 4529 119 5989 8293 144 1802 4524 10211 2804 3230 3401 3405 3542 5704 701 6341 362 9340 5163 8286 2705 6621 8999 2484 4575 891 7548 10931 12207 11696 12007 60 10117 4435 11457 4234 12325 12643 1673 11914 12999 1484 12452 11590 12713 5498 5893 12790 5951 8958 2159 10434 7766 12770 13057 3130 11917 6623 8214 11081 10522 11073 7370 10460 11353 13179 4409 6390 4638 9592 10435 12245 6819 7368 12364 6516 12377 1915 7016 7876 9791 1920 11786 1202 8192 5468 9409 11220 1924 11505 2295 9238 4093 9090 1809 8928 1032 10925 7569 10125 1407 7367 5535 12395 109 2791 4589 12719 8016 12618 172 1013 650 6982 9515 63 10205 1095 8635 5296 8037 355 664 5420 5852 10481 8408 12491 1112 4672 3483 10661 2742 11026 3636 5436 3397 5481 5900 8529 4031 11585 10771 11156 5352 10908 308 4825 1891 8117 2466 3901 209 835 6787 6825 11029 2512 12454 1010 6300 1183 7624 6099 7386 2582 3436 514 3559 2747 6010 9986 12034 4229 12128 935 4253 11285 11695 10844 12229 
11888 13377 13551 
11935 
11998 
12003 
12074 
12103 
12166 
12542 12861 13513 
12554 13099 13480 
12556 12871 13226 
12797 
12822 
1382 12825 13048 
12826 
12828 
12830 
12831 
7490 12839 13195 
12842 
12843 
12844 
12845 
12846 
12847 
12848 
12850 
5467 12824 12829 10819 12851 
12852 
12855 
12859 
3486 12862 
12863 
12864 
2630 12865 
12869 
12870 
12872 
12873 
12874 
12876 
12880 
12881 
12885 
12888 
12889 
12892 
12894 
12895 
12897 
12900 
12902 
12904 
12905 
12906 
12907 
3565 12909 12979 
12911 
12912 
12913 
12914 
12917 
12918 
12919 
12920 
12921 
12922 
12924 
12925 
12926 
12927 
12929 
10574 12932 13185 
12935 
12938 
12939 
12940 
12941 
12945 
12946 
12947 
12950 
12952 
12956 
12959 
12961 
12964 
12135 12966 13028 
12967 
10768 12971 13378 
12972 
12974 
12976 
12980 
12986 
12988 
12989 
12990 
12992 
12993 
12994 
12996 
13001 
13005 
13006 
13007 
13010 
13011 
13012 
13016 
13017 
2590 13270 5952 13345 3816 13022 
13025 
13026 
13029 
2541 13032 13180 
13033 
13035 
13036 
13041 
12351 13043 13130 
13045 
13046 
8234 13047 13368 
13049 
5277 13052 13220 
13059 
13060 
13061 
13062 
13064 
1974 13065 13223 
13068 
13069 
13073 
13074 
13075 
13079 
13080 
521 13081 
13082 
13084 
13085 
6145 13087 13284 
13090 
13094 
13096 
13098 
13102 
13103 
13109 
13113 
13117 
13120 
13121 
9858 13122 13135 
13124 
13128 
13137 
13138 
13142 
13144 
13145 
13149 
13152 
13153 
13155 
13156 
13157 
13158 
13160 
13162 
13163 
13165 
13167 
13169 
8136 13171 
13172 
13173 
13175 
13176 
13177 
13178 
9047 13183 13275 
13184 
6654 12879 13481 6097 13187 
13188 
13190 
13194 
10395 13197 13380 
13200 
13202 
13203 
13204 
13205 
13209 
13214 
13217 
13224 
13229 
13233 
13234 
13237 
13240 
13241 
13243 
13247 
13248 
13250 
13252 
13255 
13256 
13257 
13259 
3107 13408 9563 13260 
13262 
6411 13263 13362 
13268 
13269 
13271 
13272 
13273 
13279 
13280 
13282 
13286 
1683 13287 13526 
13292 
13295 
13296 
13297 
13298 
13300 
13302 
13305 
13306 
13307 
13308 
13309 
13315 
13316 
13317 
13318 
13320 
13323 
13328 
13330 
13331 
13332 
6839 13067 13379 72 13333 
13339 
13341 
13342 
13346 
13347 
13348 
13349 
13350 
13355 
13359 
13360 
13366 
13367 
13370 
13371 
13373 
13381 
13382 
13384 
13385 
13386 
13387 
13388 
13391 
13396 
13397 
13404 
13405 
13410 
13411 
13418 
13419 
13422 
7773 13393 13414 705 13424 
13425 
13427 
13428 
13432 
13435 
13436 
13437 
13438 
13440 
13442 
13445 
13447 
13449 
13450 
13451 
13454 
13456 
13457 
13458 
13460 
13462 
5872 13146 13490 12758 13463 
13464 
13465 
13466 
13468 
13469 
13476 
13478 
13482 
13483 
13484 
13485 
13486 
13488 
13491 
13493 
13494 
13495 
13498 
13499 
13504 
13505 
1584 9170 13265 10036 13506 411 13552 
13509 
13517 
13523 
13524 
13525 
13527 
13528 
13531 
13533 
13536 
13538 
13540 
13542 
13544 
13545 
13548 
13549 
13553 
13557 
13559 
13560 
13562 
