0 
58 5843 2320 11037 5147 11002 494 11157 4608 4759 3085 5690 2888 5663 3248 8563 1724 4406 5505 7867 9697 23 2827 13148 7672 8668 65 281 866 1970 3380 6196 2163 2992 11104 12740 4323 4681 1619 7481 6024 8564 2487 5839 6119 395 11829 10803 10862 1218 13003 2408 4334 331 1446 3148 4094 3917 5047 502 2083 6166 9882 2991 10881 4155 7954 1815 7005 2374 9010 2696 10920 4807 8259 3775 5909 6964 11610 11756 4952 9722 3012 10612 11819 12363 1432 4002 7433 8207 10910 3835 11083 1135 3911 12061 1236 2808 6401 1541 6340 10767 91 9970 3573 12393 2712 8853 5829 12937 6000 7781 8651 12991 3428 4823 775 13312 13353 12390 13326 743 1077 4549 12696 2022 2227 6265 4215 9810 12205 1507 4347 9388 9999 11108 3958 4283 4416 11624 12488 3758 13289 1385 4123 10749 5202 13056 7831 8000 8685 12633 3823 4508 7321 9838 2661 11706 1580 13290 849 7383 4045 6582 1701 3923 10401 9024 12180 186 3993 4332 13556 12177 13522 6859 7462 5370 5375 5640 7645 4956 13019 1162 8406 8825 11251 13004 12150 13108 13182 3528 7049 6091 12149 1957 4392 296 8663 1186 4304 6092 8314 6989 10414 7262 7957 4276 12414 1157 6419 501 817 1350 2356 5587 12439 2553 6845 7090 7684 12365 4095 6806 4715 10301 13322 6329 13477 10084 12549 1774 12807 454 9201 485 11545 1068 8190 6102 12544 6261 10513 3135 7661 7347 10689 7742 12021 2028 3772 4741 7499 6619 8106 617 1155 2522 12126 12178 1518 1675 6384 10890 16 979 2870 6054 6885 8401 8954 2023 9889 3065 5388 2711 5831 11027 897 11410 12175 1293 12166 4822 10702 2567 8032 9482 11110 7192 11216 3063 4170 1918 3410 9366 5620 7700 2770 5323 11501 2226 4911 4626 10980 3786 12360 5698 9529 846 9555 1967 11443 709 8292 7762 8315 1877 12416 6167 10026 10090 12772 6200 11483 7731 11617 178 9887 12015 3782 5969 7725 9612 9883 8329 9930 7028 11118 235 1449 3257 8099 11807 3255 4415 3759 9476 844 6553 7733 11616 3592 11612 5384 8574 7201 11211 1391 2274 2640 5994 8906 6361 10423 12985 1140 10161 513 2912 11185 11370 12032 3671 10581 11601 3533 12117 
131 12854 13210 
379 
409 13181 6212 12834 12910 
6717 9193 7388 8744 436 9611 6053 7812 4227 13412 2450 6580 229 12083 7302 10064 1707 11218 11303 4293 12052 1971 3667 3756 4070 3221 6851 5984 7816 1149 6634 11673 11739 2259 3939 594 4011 1434 8124 2151 11557 888 6037 9834 12490 3058 5637 11793 3518 12354 2253 12504 3628 6179 11121 3001 6874 2496 3217 8302 8319 10028 2887 7557 9049 11521 800 12324 3286 8075 8242 9525 11930 1904 2047 1028 7614 5081 8913 10928 1811 5078 6500 7264 2929 4720 4480 10583 8735 12691 584 4219 11523 3937 12730 5044 6871 5332 12237 3377 9025 4693 9846 7589 9087 10712 4539 7287 4700 7449 10340 2277 10500 5689 8513 2449 8590 451 12487 5805 12462 9085 11877 8172 12429 6898 7000 2686 12398 4481 6333 9847 1173 5272 6879 8440 3102 5609 5345 8908 1929 2896 10239 4486 10123 3427 10700 3224 10579 4285 4289 2401 12693 6971 9208 7412 9120 376 1642 7962 9387 1670 8696 1106 12310 9618 11252 4884 10929 3982 8756 9033 5998 6398 8040 8313 869 10791 3147 10778 2787 2983 10308 10642 4627 5862 2123 8043 5157 7918 8068 12726 151 525 5762 9929 3995 8427 9428 7378 7776 10756 4225 8518 9808 8912 10719 5898 10079 2444 8231 4654 10334 293 12202 12747 1950 6014 7968 11566 4018 5364 8108 3504 4376 3793 5485 3613 10195 1941 2435 7065 10632 11609 1206 9122 10143 11430 12386 3442 8851 5431 7988 330 6331 6382 6856 7231 6019 11569 204 4396 7851 4846 5706 7186 11774 12785 2505 12379 214 5541 7180 953 12498 2091 7978 507 12737 2103 6939 2339 12721 357 380 3575 95 9825 2961 4869 10687 863 6252 599 13139 2175 5484 3395 4349 6789 13376 403 5121 167 1404 9333 798 4277 4795 6174 9909 13546 996 1542 2192 9311 11999 11367 12233 
711 
778 
816 
119 10211 2407 6546 4524 7367 10435 1244 5989 7169 1802 5674 12734 4529 10434 2526 6623 12713 144 1199 2164 4575 10481 11220 12245 1614 8286 3285 5508 2140 10747 12970 1487 5009 5111 7047 11073 11866 6377 8469 13301 1196 3747 9787 5166 12295 12440 3769 6005 1188 6157 2484 2700 3130 11081 1645 3280 10438 1915 5432 2582 9238 172 6099 10844 110 6819 7368 8875 12618 1202 5264 4380 5941 1776 7897 4409 9592 3029 12756 122 5468 2217 2735 2085 9409 5852 6390 2125 5420 339 7548 11535 12444 8669 9340 3230 3546 701 3401 2804 8771 8014 12577 9923 12053 10680 11138 919 9748 2811 8293 11696 8645 11572 12207 2295 5217 2785 9746 1095 10125 664 1920 4638 7876 4165 8192 6810 7210 739 1311 11505 5386 8037 442 12476 848 12359 8214 12511 891 1873 11199 11457 4746 11276 7923 10625 5450 9791 7115 7325 6383 9399 8432 13369 538 2517 7058 7778 8400 10117 5163 8999 12071 1175 5201 781 11499 2611 9353 460 1628 3413 7929 4560 9144 2336 7473 8353 8387 1839 4398 9460 10388 4414 5704 2610 4767 3112 3624 2437 8122 9413 1356 1408 11077 9323 12811 1625 2609 8613 522 11887 4494 12345 2369 5699 3653 11328 12559 9402 12222 1024 3900 4677 6516 7952 4217 12377 4234 4435 5951 7286 8958 7766 12770 13057 735 4817 2203 5219 9728 3259 5153 8456 1484 2530 12325 12643 1673 11914 12999 
93 2688 2667 9065 11249 264 3829 5859 8462 8203 11407 4551 8403 132 1734 6375 1089 8916 1963 9641 3540 9273 1862 8279 12486 3664 11580 506 1893 6051 9572 10582 7823 10169 8774 9989 1080 6454 1116 10017 1427 10750 1610 7258 4005 5627 8707 4302 6822 9755 11036 13066 3808 10543 3275 10089 7317 7453 5539 12366 4618 12079 2586 9395 9150 10163 11342 12320 8096 11992 4950 6644 1388 9743 812 5433 9011 12096 3610 6121 4322 8376 12003 1755 5516 2202 3349 2605 8395 11311 8867 9730 9325 13420 6140 10430 8366 9968 3309 7424 1052 6114 13221 556 9538 872 10703 11405 9314 10585 5187 11112 1854 7518 6744 8109 4154 6776 1466 7265 3122 11878 912 7174 12433 2204 8199 9589 3087 3434 4142 3498 9198 9832 10127 7040 8112 13354 3161 5591 7689 8675 12607 6927 8963 12901 1359 5807 13193 5139 12585 8682 11518 1190 12323 3092 12400 5475 10866 12023 12821 13044 11253 12499 13053 3902 5661 10217 8763 10692 11419 8325 8929 7943 11744 575 1648 826 2317 13433 889 9602 7580 10693 10891 3630 9926 4906 5113 5137 3985 10520 8985 11883 8720 9673 6447 11851 7474 10776 1105 8780 2513 9255 519 12489 2569 3810 7668 534 8181 6315 10723 607 11798 201 10837 2043 6015 3030 10521 7792 10306 2813 4649 7948 9520 2329 9632 802 6156 8848 9048 8872 8984 8416 12125 183 3374 3071 7168 12009 2835 8592 2909 4544 1440 5526 5995 10402 4100 4348 8856 7425 8753 10985 3282 8909 244 620 11932 9536 11870 10059 11222 5256 11385 36 7930 3914 10232 13091 6197 13530 959 1056 9062 10609 11983 4734 9972 7372 9590 70 12597 284 10258 1008 7244 7945 6610 9719 1737 10241 7591 8516 8553 12453 2251 9083 4048 8859 6958 9506 6688 12423 3973 6991 4315 5048 8161 2943 6773 3881 8598 4757 6392 9753 3301 5718 1453 7292 4453 10130 5794 11240 3261 12736 7538 8056 4164 6742 241 10746 4445 4779 4540 6394 6693 9121 12181 3141 4748 9284 3584 12281 2439 10933 9818 9890 11513 12705 738 3543 2807 12419 1270 7900 11245 6661 8348 4808 6729 11229 11742 771 4388 5041 6748 6986 4552 12442 240 6999 4245 10186 1430 8137 9434 2936 8186 9586 12334 4622 13147 7118 9239 13448 6472 13111 13274 3921 13129 2357 6306 9124 12437 2752 10156 129 3945 8304 10102 4924 11378 6450 7549 7913 467 3839 8722 742 8221 9615 1003 6532 3853 6833 5664 6343 8711 10023 7074 10621 
1197 13018 13242 
1264 12899 13516 
1382 12825 13048 
1536 
1647 13100 7651 13076 13276 
360 12893 1939 13347 9155 13266 1627 12890 2979 13361 
2004 
2020 
341 741 3657 6176 7120 619 9159 7338 8705 978 5330 10590 7 11487 9531 9727 5578 12410 4458 5095 114 5056 5608 11310 1843 8262 6950 7114 7782 10496 127 1042 66 2306 10314 1036 12775 4326 11698 528 6841 3120 9826 4960 7155 3643 7864 10903 5315 11042 4177 4876 174 3101 1635 6132 10545 12548 3519 8580 4771 8895 6680 10620 5786 7135 2337 10377 8632 12662 90 6248 3291 6095 12637 1710 3239 2779 4084 4736 8219 1601 4270 2607 4105 1462 8490 2477 2877 2859 9283 2842 9547 4793 8355 1882 7754 698 3520 4057 6183 8828 815 1594 6149 7814 1070 6616 7482 12029 688 10029 4563 9046 10371 11776 6911 10594 6461 7734 5026 5546 8561 5334 8866 5624 10570 5491 10949 2088 2739 7477 898 3028 5746 9094 
2177 13071 13168 
1045 1666 4794 10202 2997 7375 2964 3690 6814 10027 8646 9526 11899 4467 9535 4210 11298 3517 9030 877 10298 2276 8013 2475 12648 6557 12065 2527 4628 1090 12388 8575 11004 3654 3966 5291 9280 4075 6146 4844 4933 6327 10628 1844 3548 7232 8047 6424 8869 7154 7686 4907 9040 749 9161 3132 11221 5749 12813 8962 10284 641 3238 2212 6217 8819 10948 1858 3142 4187 1757 3167 5610 3761 3895 4250 6182 9416 4364 5439 7602 10798 2247 12285 1054 4052 3668 4255 4035 11313 1096 6249 6108 6536 1571 4299 5976 9545 942 3083 5031 2302 4505 6371 10845 1696 2454 4140 5241 8829 12011 3423 4062 8957 5148 6012 7039 9212 2783 5887 5507 11954 3935 4605 5649 6203 7509 12430 2433 8244 2483 10810 1544 7294 7583 9214 5855 11304 12006 2211 2930 3450 9411 9857 10210 2042 8087 10852 4689 9485 7014 10489 273 874 4930 9296 2313 4874 7832 1988 8379 859 5806 7950 5766 7997 713 9931 2409 3339 6312 4060 12458 2025 3997 3361 5092 6763 8788 2540 8141 4111 8369 3797 5875 9312 11509 796 5677 3494 9644 1697 8398 8447 1014 9336 10599 3754 9779 779 5522 4085 10370 12034 12128 7386 10988 8064 8083 3713 5764 12380 4069 11938 4102 6010 1235 6505 1937 6387 2440 11096 
5880 10091 718 3254 9688 5154 5477 5559 9248 2005 8041 1686 3724 5108 9569 1868 8649 3597 8251 9089 107 2529 1324 1942 316 5351 8719 5597 11368 646 10075 1344 5387 9621 6530 11424 4929 5567 10277 939 10150 4354 10043 12120 13070 1065 9250 11080 5096 9598 12470 5854 13136 546 9585 10538 2032 10031 13095 1665 2024 3174 6292 1258 8354 5136 11939 2632 7562 5642 8508 13131 9203 10733 10970 10185 12797 5501 9848 8530 11817 427 2067 3828 8891 11047 433 9864 768 11479 12580 1985 5117 8407 923 5200 8616 1163 9871 280 3953 10313 3972 9229 761 7554 1718 9933 5183 6882 8338 7712 10765 2208 5233 5586 3019 10688 1830 9286 10831 12218 2386 12640 3359 9720 12347 1705 3464 642 6043 8150 10770 6675 10348 8889 9079 9844 11843 6309 7729 10398 7845 9966 1889 6389 391 401 1832 12231 1150 12132 2228 2468 9996 1225 12805 2119 7048 6548 11390 1577 3951 4438 7037 9222 4256 6007 1726 2176 5921 7708 2585 4730 10501 11151 3463 11028 9016 9905 9978 3595 10373 2588 2647 10170 4848 5380 1555 9099 10118 10507 3163 12806 5523 9505 4309 12235 772 5604 10795 1325 3669 3745 408 2644 2254 3569 12469 900 8152 5363 8182 11089 2473 8691 1771 7134 7597 2248 6719 3330 4986 7633 4534 11724 3506 8886 7042 12787 1691 5293 9276 12812 9174 10857 3355 6788 8826 2995 6838 12381 1339 6310 3449 8404 6272 11880 1504 6427 2781 8114 2053 9548 10849 3983 4491 5395 8063 4949 9375 12750 5042 7371 4158 9888 8173 10641 2095 9629 4196 8441 4816 9419 10864 10162 12225 755 9877 4107 8952 6994 9772 1987 10655 2424 6751 1741 9504 2653 10498 6155 9596 2132 8761 2194 8971 9351 3954 4781 12284 8976 11677 6255 10696 10900 1730 5929 11144 9479 11233 2724 3362 11691 4855 5978 10870 3741 10963 1043 6712 5809 6544 3387 4252 11086 5611 7944 5320 9516 10033 3710 4148 6165 4457 11727 2939 9987 11907 1309 6569 3212 9503 4175 8493 10561 5206 8371 9417 10018 3541 3869 12171 5422 8914 8451 10058 9258 12405 4258 5338 5639 12675 5143 9634 
2443 13191 13401 
824 903 8138 3084 7949 6439 8104 195 1165 2520 9667 6710 9922 678 1364 5503 579 12254 5944 10827 3195 6440 11114 6218 13314 213 4153 5487 12280 6482 12528 3636 6224 5900 7016 928 1618 7866 1269 4288 1850 5436 7631 11069 6004 11697 7019 11666 5466 10661 11695 12129 12661 2048 4313 5160 6172 6926 3956 8487 4343 4640 7547 2954 5473 2794 7369 8119 9660 6572 7606 10871 5552 7084 10724 5028 7765 1516 8299 5753 8724 9247 2319 4071 463 10273 1679 10478 137 625 11745 4201 9799 634 7330 7017 8982 5449 10540 4739 5248 4601 7576 8154 12064 4163 9292 5098 6501 851 1685 7129 7274 11391 530 6933 8179 4830 10764 1519 3138 541 5947 4671 10734 11210 4765 5397 2001 8321 6811 12276 1476 11632 12638 2138 10631 11847 2427 9218 5519 10155 814 1314 1514 7452 2620 9904 3198 4242 9054 7268 8206 12057 744 5957 1570 2825 5885 12644 6827 9044 2736 4259 8356 1263 8641 11869 780 12290 7334 9711 12450 6924 11678 2406 5750 10984 11122 2051 3978 7568 9757 11272 4083 7849 4433 6656 2578 4694 5430 12766 4925 7738 11947 6071 7517 10335 10853 1678 11322 2110 10792 2256 4691 825 11364 327 4476 8414 10346 10040 12102 3764 5621 9178 12584 9447 10106 10443 1015 6210 669 11186 4513 12357 819 1589 5222 1962 2848 4036 2669 7732 1361 12038 2399 11606 3432 5700 10905 5402 6591 10971 2359 3491 10139 3181 3335 5489 6137 12162 1549 9361 1742 7400 76 2093 189 10565 12794 6287 8410 721 7836 389 9454 1291 4804 4997 12524 367 10387 4360 9157 13192 7298 11840 4042 10487 10554 11960 3052 12471 1947 7683 8967 11979 8497 9850 4527 10101 8725 13151 4499 4602 5819 12674 611 4917 5311 6284 9495 2726 7960 9507 12963 2737 10110 4028 6909 1250 13207 4537 9225 5528 8280 5782 13363 1261 1993 6590 8927 
2674 
582 3947 2171 6135 4374 10037 11447 12059 518 2063 860 3720 6391 1569 2476 3501 8626 10479 272 1329 12240 3717 12816 1699 5071 10354 11752 97 7147 1459 4838 3469 3739 2762 4205 9430 9733 11371 1059 4010 4280 9266 3508 8241 1219 11951 1496 6564 7856 11571 11962 7363 9367 2218 10418 2616 4496 9806 10586 11008 10030 11544 3316 4371 10838 12124 2675 12156 3485 12698 994 10234 4264 10743 8701 11732 3742 9007 989 7521 3946 7318 393 1372 5308 5614 5646 12531 7207 7226 1842 10378 2689 3178 8422 847 2919 7996 8599 4796 9317 258 9763 902 5798 10996 11559 6016 6184 5580 10541 7821 9256 873 12005 12557 5128 6223 6708 4547 12728 6305 8205 4857 5582 6960 10626 277 7152 3475 7899 9664 3435 9133 35 5696 6468 7675 11862 2045 9370 4236 8846 12953 2263 11397 12752 2902 9940 7991 9012 7054 7803 9335 9977 710 9056 12343 2895 5534 5867 10511 827 9186 11704 11967 3634 4516 5763 6780 1608 3581 2231 6117 10973 1452 10725 8571 10854 712 12709 10646 11988 8832 9669 995 3802 8549 10962 4263 6201 12025 3145 4420 2126 9243 11668 12208 1072 4684 2533 10867 11692 1690 3612 2786 12026 12755 982 12338 7305 7787 6940 11339 2488 6260 29 6525 8600 6628 9587 8346 8637 10684 10828 7489 11376 12784 7820 11470 7034 9128 1551 2340 2857 4281 7682 2188 6464 9581 10887 498 7740 6474 11181 3216 3886 6052 9477 12689 3883 6956 4007 6153 10304 3680 9036 7883 8505 3827 7575 11343 11432 12265 
2793 
2801 
910 1051 610 9014 681 808 510 4923 480 1562 13304 9671 10240 561 8718 12984 1420 9514 3585 3882 6475 8024 13000 3733 6357 6728 4303 8712 1502 9067 10022 10326 3918 10073 7173 13358 128 1331 1836 5932 2758 6920 4922 11344 1492 7938 2066 4716 3420 9912 1360 7485 3157 5779 7228 5469 8515 4710 12060 1241 5641 8388 10730 790 11836 3479 6884 7117 9127 9487 12660 1827 2346 6437 5146 9565 6123 8650 8950 6830 10942 10961 1363 4126 1859 9006 12514 886 1255 5027 5290 320 5971 6328 7767 6414 7730 883 3859 12995 12067 12173 12682 1637 2946 1565 3313 9327 6177 7405 2055 7853 1818 12184 997 13294 2858 2911 2864 10189 626 11358 12625 3870 4935 5673 6150 9793 12385 3706 12982 5292 9628 5761 9955 10869 6416 12801 13340 3279 3785 465 1352 13329 4512 10859 12112 12532 6205 10945 4968 12510 6597 6730 291 3116 5515 12349 267 8284 595 6772 7086 7722 7749 8458 8362 10263 2860 12480 6451 9265 10536 1073 4488 11128 2223 10736 1470 12228 9309 11401 4131 10213 13539 2602 5773 661 4379 1340 3814 2400 8030 6835 12733 4571 11117 12685 8004 8605 332 547 4889 9093 1273 13311 6906 8752 8904 12934 448 7769 4092 8324 10121 4777 8011 3452 8309 2460 9658 5164 13278 13285 9704 13372 3929 4012 5949 6734 11561 2866 5775 11421 12447 600 1297 5434 3011 9489 3547 7641 9029 4993 12333 1910 4509 8764 10052 1435 2143 1578 3253 7304 182 6793 2155 10135 4770 6887 5635 8003 5399 10013 2273 4621 4780 9199 10737 2999 6823 7071 7898 8437 4468 12779 1242 12553 484 1300 5492 8786 10608 2993 5628 5544 7654 9211 10350 597 2070 9522 8125 9578 11784 12327 5589 8843 5524 7241 9189 304 6545 7435 4789 9556 2117 6543 2144 9502 12033 12500 3718 6817 2641 3082 9069 1386 10001 3752 6094 2200 11552 11053 13159 2874 6479 10691 7285 7828 6857 10931 4191 6105 7124 11145 3542 7193 2270 12212 8627 11626 879 2849 5061 3366 6409 791 11910 4902 11721 6225 6338 8381 9000 20 10068 10194 10227 3770 4815 10603 8393 11022 1437 8201 6686 7665 9718 6955 10657 6226 7080 6718 10173 2301 7775 4320 8570 7924 11013 5456 10542 1286 2914 4091 5270 2937 4742 6100 10141 663 9371 5437 12035 8931 11005 3861 3877 8044 9624 12002 133 7335 208 3962 7758 6746 12389 1178 4033 3465 8601 9685 12649 12818 
2876 13140 13249 
2897 
3107 
3398 
3402 
3565 12909 12979 
3605 
975 2948 1280 3698 1222 2219 4573 5023 9129 2542 10882 7809 8581 1671 9760 1966 12720 1510 2077 8118 10704 2775 8191 11731 12253 6567 8624 5558 11783 2099 11852 1790 2910 3971 6131 4797 8459 1856 10417 1586 2193 7911 3625 8690 6778 7891 5186 12082 1217 1887 822 4495 10345 2534 9230 4418 11538 10761 11507 557 1160 1534 5032 8085 8418 577 10606 3618 5425 4707 8732 8654 11681 2980 10288 1775 11915 1695 11009 74 8155 1259 9780 1488 7508 6523 10176 10442 1700 10895 11341 1931 3873 4257 6943 9956 11759 12017 1468 9373 1959 10351 1170 1493 4413 13050 7061 12455 4895 11925 3965 5344 6880 7658 8684 9691 2538 8800 3615 11402 289 5178 6881 11139 881 2549 5321 7613 1583 8665 3404 10097 11076 11893 1020 7269 3076 3403 917 8261 3587 9488 3776 5060 7410 11263 2079 8472 4690 9833 1323 2009 7087 7555 7720 10289 207 3251 4066 4369 3415 8930 9540 441 3006 3919 8981 1714 5547 10685 12646 804 5847 8510 3208 7421 2332 8216 3783 12348 1901 3126 8900 10940 609 4195 3021 9886 2008 5130 7965 4361 9433 968 5141 5416 10924 5603 6518 2861 10455 481 10076 8342 9410 1912 4363 7008 11485 11913 103 1027 6106 12131 8818 9171 3849 8979 9804 287 6334 760 10950 1057 12014 2358 11627 12409 13212 2187 5424 9071 2642 4885 6598 12092 1393 6069 11393 2003 3856 7278 3999 4835 6195 6232 1948 6722 776 7702 1445 8612 3486 11734 12862 9305 9436 2543 9983 936 3603 545 1517 6096 3554 4389 947 6951 7696 10103 10484 12731 71 5826 6144 12312 4525 11380 292 9125 1418 3950 2565 9694 4899 11255 13473 5496 12867 13534 9355 9594 4798 11858 203 4171 4744 7236 8746 3696 13101 4038 11641 1029 4663 7936 9408 2598 8340 3214 8704 7804 11710 
67 1251 6363 8226 1284 4662 7639 8434 150 8844 12987 4606 4697 4837 6082 7799 9853 3033 7079 6771 8318 196 6992 3891 4814 12302 12449 8074 11540 638 3090 2224 11476 4407 6905 2135 11113 717 5114 7501 8027 7617 8698 4103 6190 13236 7045 11177 9785 10951 12203 11268 12346 2940 4461 6103 8877 10499 141 9277 8687 11937 4076 5228 9709 1243 3151 1341 10360 1227 3421 8194 8661 3345 6737 6251 7062 3960 4078 11994 106 8272 3179 13186 13430 3273 4119 13402 906 3722 11095 7850 12898 11775 13510 516 7621 12519 4049 7362 728 2493 13218 1474 7871 4861 7395 12375 3807 5720 9350 7512 9386 11170 25 7951 11658 7106 9206 11815 2191 3032 3638 6808 6755 10363 6432 11805 998 7609 2900 7737 3482 4847 11813 1425 8101 10432 12545 2648 11876 3317 7027 5040 6489 5814 6247 4072 6935 586 12309 5333 9672 941 4180 9558 12799 1315 5778 2924 5005 1660 4762 2075 2076 4141 4464 1853 12475 298 3760 5159 8588 12751 4063 7085 2810 8556 10372 6204 6238 7389 10105 10998 4200 9142 3855 9241 12678 1064 2519 6086 7709 2502 4595 1421 12146 3444 3619 6263 3226 4016 226 6698 311 925 1529 8316 12529 4408 12332 8629 9032 2915 7999 8910 3422 9202 2262 7993 2006 2416 1066 9917 1968 11578 2649 6651 9564 9663 4530 12200 9304 11516 1087 4641 5916 11351 2199 6198 1800 4880 5765 6891 4819 7296 3686 7125 7448 10218 10670 11532 10573 12753 2572 11969 13042 1076 8609 6667 10048 2457 10706 11526 12627 3437 11770 4190 9404 11412 2014 6970 3311 3472 10751 5996 7417 6373 11636 6542 6592 5756 7250 336 2962 6405 2272 9445 11664 5748 6233 9537 11418 7276 11785 3591 3804 6633 9553 1473 10976 5305 12314 4839 11180 10518 12578 1715 4174 1441 11396 618 4241 6104 2984 3343 5973 12246 4668 7153 1210 5575 7319 3059 4738 1983 5327 11860 2338 4130 9384 4381 11713 2128 6324 957 7647 8090 11702 5520 10012 11935 1399 7204 57 8264 9943 10146 7556 9670 1152 10224 4912 12651 559 3036 2146 5322 7947 2379 10114 11896 3193 10777 8269 11025 11565 11889 10485 12027 1458 12277 1677 9689 719 9149 12396 234 8536 757 1632 1353 4352 54 2469 4568 9921 10797 265 3714 5486 1081 10886 4650 10230 5051 5268 2250 5494 9625 9640 10367 12055 1231 2606 2677 10292 12168 3471 6579 3916 5708 10899 10995 11956 5177 5727 12066 9837 10184 4429 7093 11982 2161 6930 9289 2413 3183 7514 2232 6968 4616 5250 1237 8699 2883 8678 3348 3368 2828 3580 7418 3701 10676 787 3074 3700 6668 12671 2116 7220 5339 7408 10728 2049 7206 4878 9378 3894 9992 11259 1783 10740 3998 4109 7859 5573 7150 12081 1082 4975 8582 7402 8745 581 9961 3723 9568 4181 12024 5073 10633 6550 8743 1253 9123 2201 12413 1246 7909 13399 9114 9379 10315 8271 11355 11600 18 3072 5343 5122 5694 7221 9493 4592 13219 456 9131 1402 2305 5087 6087 9665 2086 12373 5836 5982 6171 11093 7273 7594 365 1511 2568 2664 8977 223 6515 1319 4888 2446 4915 1294 3744 5070 8372 1727 3307 5860 10324 5979 6347 7800 10180 4800 10396 5545 6512 12248 1663 13337 1442 12204 5554 5769 5353 6372 4391 9028 10667 466 1955 6852 1158 6696 4064 5551 11895 794 10959 1923 9420 4157 10427 335 6358 4027 5873 12461 12551 8055 8730 13093 11911 12884 1139 12887 659 13421 
750 5189 2963 3390 5834 4138 5657 5103 8566 9815 2916 6893 9438 1417 12605 4701 6061 8961 10122 2378 4424 11853 4357 6993 5518 8960 347 1083 1521 3476 5460 5813 8143 9491 9840 4000 10250 464 914 8830 4978 9824 3209 7215 964 12602 1232 2639 6947 3884 3893 5445 238 1984 7109 11129 9684 10322 12502 3416 12299 2448 8964 12013 7281 10818 6848 11287 1189 5297 1903 9472 2612 11148 87 11547 987 8402 2417 4021 5179 1167 8542 3353 9382 21 895 34 11444 4310 6643 2673 3658 5019 6311 3844 6892 12492 9881 11611 75 198 4591 5361 5966 9481 3685 5710 7511 8025 3536 12776 2351 2627 11038 938 3496 12572 4053 4976 125 7611 5074 11998 8077 12307 1566 5289 8481 2292 9287 3725 7089 6214 10544 9508 11340 2885 12213 6320 10889 1798 12622 1698 10321 1590 2205 10409 3170 8275 1380 3651 5083 6612 4664 8334 773 6399 10065 2750 10081 8630 12264 5067 5879 5110 10385 695 10558 5209 8130 10650 3551 11584 6713 12533 2592 6499 6369 11111 2615 3684 7219 8184 11169 884 2370 2463 3399 4896 3438 4462 4629 5599 282 418 4444 7398 5172 6023 3521 9237 1266 10403 11337 146 958 2268 2761 12352 3656 7211 6243 11529 6191 11968 10708 11996 3010 9240 9 12139 5168 9107 6531 11260 4913 4940 9867 10235 10678 3659 3897 9153 8110 9962 5379 11126 536 7807 191 10248 629 905 7436 4675 11591 12020 7465 7498 2784 2822 11125 6563 12560 2628 7806 9249 11123 6647 10587 2156 6220 4776 8452 5329 6271 2525 8059 299 2141 8749 6078 7531 1806 9784 3560 4893 8029 1639 1662 5036 11051 1721 5358 6380 1841 5348 9775 9207 9600 4401 9050 5199 6665 9616 12159 2523 3490 249 6084 4172 12645 4355 5281 12263 2404 6715 2809 10419 11614 12214 5747 6645 8470 7865 12688 1362 7494 10147 4073 9622 3372 5654 4247 7779 598 6050 10783 5869 6761 8018 8157 6098 6289 7013 7515 7882 11196 520 3260 4614 10627 7497 11782 3456 4278 704 5723 12088 7953 9809 508 7326 2307 4387 3448 5207 2423 6529 8798 12744 79 2106 1091 7068 10358 2431 9710 3153 3187 10154 1180 5476 10732 9557 11183 1982 12119 4231 5560 6277 5911 7107 5925 9219 3959 6996 5538 12311 8015 10262 2183 4490 2631 9993 3314 10952 
3846 
2714 6639 3645 4555 3579 4224 5754 6274 6941 12655 12718 5045 9381 767 7011 2766 7636 12537 828 1142 5234 6319 10873 4660 6965 3704 11434 1789 5561 415 7825 3367 9682 12195 4873 8751 2366 8739 3123 6111 6792 10560 2650 7963 5918 7542 2026 12107 2967 5084 5985 11621 1378 7056 215 1607 5735 2322 5414 2745 5889 1753 5400 340 9313 6448 7747 4686 5319 9397 9896 2197 11119 6514 6741 10497 3611 7566 731 2107 5409 7880 7527 11281 3850 9575 2764 8639 8734 11991 8956 10922 12505 2073 8614 77 723 2170 11596 8350 11330 3013 9449 3925 12236 477 10181 2622 6441 3079 7652 10411 10695 2844 9973 11850 2467 12707 10008 10454 163 3670 5391 8702 943 1709 10208 7387 11035 7360 11247 3067 5821 8839 12509 3961 9608 9783 5145 8783 6984 11406 937 9836 1979 8995 173 11728 1936 3097 4321 4647 6359 7189 7612 7697 12070 13 1899 3590 7582 8443 12629 887 9301 2998 8681 1075 6465 2789 3341 3778 4572 9619 7203 8925 9431 10707 12457 4311 11394 5383 9450 9942 2506 3467 4612 1761 6127 5701 11861 86 2383 11334 420 8311 3583 11892 567 2451 3674 9693 1416 11604 1184 3186 8134 9932 2659 6750 6684 7316 6790 7245 8336 10094 12710 850 1598 1268 5298 4851 10552 6692 10177 2751 11462 1205 2715 8658 7488 8794 12704 6076 10727 3652 10366 505 3907 667 2376 9195 10193 1443 1722 2618 11520 1998 3988 4852 7504 9475 11976 4204 6584 5895 9148 3750 9278 44 5939 11959 6979 9708 4463 11904 4990 6961 10847 10941 3108 12076 4570 6660 7063 4827 10741 297 1938 3458 256 1954 4576 3096 4961 9415 6886 9951 
1584 9170 13265 2573 13227 4022 10036 9519 13020 13230 411 13506 13552 
4077 12827 11459 13037 13321 
4239 13055 13335 
4410 
4455 
1692 10246 6972 7875 9143 1278 4254 1527 1932 2303 2738 11527 4482 6907 4733 12579 10431 11403 5089 11033 564 7837 2235 11672 1276 10096 2709 8421 6818 8892 9626 1848 2061 5828 10972 3358 10835 8417 12508 1343 8330 6353 7052 9091 2293 11854 3149 9035 4927 9088 4515 7299 8535 7217 11291 7513 10898 3927 7328 10307 11747 2587 12158 1597 3934 10157 10159 4507 7874 2837 5682 7986 43 10482 4319 8934 3276 5415 6671 2626 11409 10067 10093 3676 9649 2054 12786 10800 11059 5062 10446 4588 7394 8648 1593 3117 1897 10681 840 6477 9105 3125 10589 11063 1891 11258 12261 4228 12623 7295 9172 9405 3405 11075 1092 8088 1794 7558 11305 5191 7843 12294 4545 7460 88 10472 12190 5968 6473 7964 3430 8081 294 8577 10848 1400 2905 9797 5038 7239 720 6847 1271 11652 1834 10975 61 5482 5772 4452 6983 1702 6420 12518 2656 4312 6872 7271 2886 5820 5257 8765 11718 13344 170 6533 12949 12951 1133 13500 13561 1717 13547 571 4543 11827 4029 4919 6230 11156 11741 355 12491 6555 8333 3431 7569 2537 11158 4750 11990 7717 10865 3218 8568 5733 9855 3152 5810 1568 1879 13351 6740 12078 5802 9275 5417 6870 8168 8187 5681 13288 867 1977 10616 13031 3177 10144 11481 5549 9270 1396 2007 9662 11384 1179 8923 115 9294 922 3051 1925 9827 10444 11490 406 4327 1995 7581 10467 11848 2221 8686 9958 1007 8834 6282 10488 852 11452 2365 3121 12683 4966 7888 4665 9944 5282 9532 11326 1615 11940 2891 5267 5585 12748 2033 6625 4597 10614 11922 12694 100 1585 2499 7310 654 4436 2838 5362 5173 10673 165 8998 9659 9875 8968 11441 3274 6476 11670 1023 6779 965 9414 4193 4637 6606 8813 4446 6039 11012 11859 6865 12793 8208 10690 1795 8197 5993 6578 3957 7279 9963 489 2181 3164 9583 11654 13310 969 1603 9907 2480 2763 4504 2441 4792 1713 2938 1658 1779 3048 6042 4448 5105 3242 10251 47 3806 11703 5997 6716 12791 3227 6355 7798 11669 11812 12080 5920 8385 1333 10160 4441 12962 6 2923 13459 368 10063 4121 5365 9031 9790 4826 11989 3730 9390 2478 5462 4836 9969 5162 9173 3196 9817 3312 6670 5970 7539 8728 9920 11205 12981 4301 7927 9630 12886 2706 6444 8485 12611 2684 2872 3562 7530 8804 9636 10238 11528 2165 9246 4113 8706 4426 12272 4758 7277 7456 9759 4230 5687 9188 805 8439 685 2958 12526 2195 5536 9468 2685 6593 4427 7619 10644 9902 12201 2229 4240 5314 5659 8593 1638 6026 6430 10906 8034 9391 10203 493 7252 83 5490 8444 10817 278 9807 12729 5902 8464 13356 3909 8970 5863 10742 12043 2145 9777 10705 4682 12936 1681 5326 9524 4526 6724 5170 7723 12742 6059 6068 2349 9800 2670 7634 9097 671 3774 6215 11746 967 5835 8019 10462 1927 10204 8363 11332 5135 11946 578 8727 1413 3129 4687 10300 1126 6457 11225 1857 2350 3964 4341 12570 13515 4584 11657 11826 5112 13123 
5015 
5063 12882 13293 
5079 12883 13009 
344 6498 5340 8565 6831 10457 3617 4506 2819 11884 1031 3728 6456 4653 9441 8567 10575 6691 11936 12536 10674 12764 5180 11671 461 3034 7572 9666 5960 6110 11446 9647 12361 5295 9609 8489 10802 3729 6286 9705 11467 12635 1112 8117 1809 5535 4825 8301 308 8928 2927 8921 8983 3064 9162 645 882 3171 12116 4425 5556 576 9075 1296 3767 3068 4152 6484 10875 12653 715 1788 2102 2108 2285 2352 5722 6365 651 5950 11974 5719 6139 7293 4292 7355 6957 8551 3296 10116 3470 11017 3974 11885 984 2403 10002 3391 8230 10270 11137 6187 6539 5331 10286 10593 12206 402 4617 3043 4991 9745 9022 11489 570 11115 2011 11716 5325 6034 11525 4342 7573 587 3394 6752 224 692 2880 3022 11429 9003 11583 12164 130 693 8779 2868 11277 2778 6824 2136 12406 3455 5142 762 6302 7235 5155 9027 2652 10504 6321 12574 10183 10839 5513 10316 1668 2129 7272 11753 12482 1813 2298 3384 5418 9078 6170 6381 10726 7218 11725 321 7784 8193 870 5732 2654 4639 2216 11274 2987 8397 5958 12224 1332 10796 4039 8697 9530 7312 11760 197 12719 5132 9400 3406 12330 6931 10344 612 6116 9090 1924 8905 2791 11738 4589 6030 11463 11879 1049 2985 1110 4553 5812 8091 2581 5249 3124 9928 1777 11690 10879 12814 7892 11620 3302 7676 4973 10082 55 10809 12036 12431 548 12247 248 3640 3073 6470 7894 675 9306 370 4400 1032 7592 8367 2323 2759 3262 7075 9072 6189 10804 1407 11806 4093 12395 7777 9976 2681 3176 4955 6112 3663 7472 4810 11215 6652 8709 10406 10925 758 10024 3948 7139 9617 1807 2604 9421 400 3040 4728 2495 4089 1672 9245 3000 11212 3202 8980 7001 8411 1198 2658 1328 7796 4533 12789 
5203 13034 12568 12965 13277 7863 13508 
5213 
5277 13052 13220 
1617 6560 6745 11359 2225 3557 10390 11495 384 5216 12210 3578 9017 6031 6978 9742 6421 8919 3356 6589 12257 1313 6002 3305 10812 1224 7818 4596 7925 1719 3623 992 3134 5318 6921 12463 5342 10365 12573 4221 11975 12958 3604 12555 670 8499 4137 6478 8228 8511 11354 1357 1387 8133 9908 453 11882 5497 8989 1185 4214 8222 12286 1111 7183 8384 8710 12759 2957 11016 4865 6136 605 13110 726 6562 3017 3328 7119 1001 5229 7878 10897 4450 9511 3798 12318 1423 4772 3822 4656 6502 6642 6969 8374 7415 7640 1302 11321 6760 12221 2387 13002 13198 1613 2453 7205 10083 13058 2518 8345 13461 7502 8339 4143 11366 5408 13228 
5446 
1620 1654 11511 7983 10080 2456 6486 4260 4442 3889 5260 7496 8360 1009 1524 5127 9994 11730 1327 4479 6770 686 8273 68 3233 1855 3538 2514 11149 1512 12101 5174 8102 6620 7003 4610 8484 181 836 10303 1058 5607 6350 1539 3787 7282 10077 10380 263 11244 2562 10287 6418 7431 10104 10255 9918 10916 11688 8139 10214 6617 10801 237 2702 2281 12569 3118 5106 8573 11966 6275 9458 5167 13206 1817 10989 12840 3321 8364 13126 9510 11286 108 4306 5755 11787 6379 10272 5303 8586 9092 11365 2104 12774 2955 3441 3952 4586 11182 2160 9039 11549 2741 4938 228 2691 2830 4261 12676 5566 6163 1005 1634 1347 7516 11150 3672 5537 5255 5562 9321 11426 12699 4115 4645 734 4900 7195 9845 2353 4813 8160 6376 8067 1478 1561 8196 3817 12262 1909 7082 10528 5284 11436 2949 3045 6133 4598 8733 8060 11020 10005 11317 2316 5102 11533 9322 12700 449 4423 11146 12768 5300 11092 59 8178 11091 3042 7545 5713 6354 9349 136 12115 246 10035 8595 10600 2398 3310 11267 2098 10441 12342 2634 5144 2713 3633 32 11382 2776 9542 10393 765 5076 2334 7692 9646 5455 9650 5438 9541 3864 11512 123 6048 632 12189 9004 11266 9997 12620 28 10149 11945 10061 12541 334 6063 12435 2016 2465 11031 3515 5787 64 2692 1129 9038 2438 10392 8413 12451 5865 11204 3100 11099 6028 8396 6264 8082 8525 2237 9699 2614 11200 868 6276 7081 9233 10062 53 9005 419 2846 3284 7187 931 7638 5306 5818 6346 7337 10534 11916 2603 8890 7532 7687 1731 3600 11460 589 7541 1494 3241 10394 11235 12110 3687 5679 10164 162 7136 10019 2131 3926 11381 37 7446 1212 2017 8857 5149 10860 6735 9703 2492 9362 10066 12151 89 4754 6795 11208 1450 3445 3831 12485 6769 9377 2030 11757 707 2258 7357 12808 2693 11052 6415 7933 8057 11642 8993 12589 1684 7242 12105 893 2904 8046 5613 13383 5072 9132 5471 5776 8153 5043 6832 8781 7561 12075 7711 8288 10379 12464 6524 8156 621 7706 9439 9751 5571 9484 10237 5684 6009 8415 10937 12289 1884 3055 9959 11891 11435 12527 2233 3731 4006 9715 8278 8461 6757 11835 
5483 13254 13319 
252 6864 431 4353 8806 3488 10781 171 5099 1000 6759 10188 4809 5768 4050 10268 2833 2836 3641 9752 455 2703 3940 4351 7748 9842 503 7426 12402 8351 11336 8478 9925 7308 11232 3105 7550 7469 11832 220 10578 366 7434 7112 8229 660 10833 2757 9018 4088 5904 10085 3229 9443 317 4667 517 12097 7681 8163 3820 12777 3453 8009 13215 4090 13114 5223 6910 6646 11686 11065 13141 3500 13336 9182 10927 1712 8368 2971 9165 3340 6060 6493 12745 3354 6631 6573 8797 1706 2265 1729 12506 1655 4763 11101 13104 1463 6022 11581 3800 6113 10880 11289 81 134 6689 1548 7188 2328 4554 6674 3795 6630 4999 8807 6908 9108 10774 12819 13398 2593 4329 7870 9839 10851 10874 2802 8423 11679 1392 5512 9859 13106 1767 7795 3426 11788 1374 11488 13543 2516 10577 2333 13390 4046 5495 8268 960 6055 9096 4068 4209 156 4856 6973 7844 10755 12788 3836 7213 14 10222 7182 12273 12856 3803 4034 6912 7739 13161 2230 5744 314 8331 2153 9058 857 10206 4717 6948 9103 12513 1557 3061 4368 7626 11898 12944 1688 13564 2824 9060 10934 11312 1943 10653 2388 4390 2152 2397 5013 5644 5593 13479 2563 4101 5184 11257 5645 10947 11 2018 12493 12697 1034 7678 3110 12270 6756 10888 13166 105 11068 2613 4125 3378 12617 1050 6488 9045 1772 2727 3872 1383 9767 9906 2341 5937 2101 4472 3411 5707 1249 4226 9295 6897 8248 2894 11453 3572 10112 392 3692 5317 2869 4624 10775 5894 8742 9811 5796 7010 1405 8562 7379 12317 2013 2839 4841 7914 4314 8453 8620 7537 8991 10253 913 6356 630 3300 5702 10788 635 2558 10271 6245 6585 8638 4582 7350 1409 8435 315 2746 3616 8888 2354 3566 4648 1553 9215 4947 11062 1669 9345 2429 7716 7764 8747 1017 9290 4879 10868 2748 7981 8597 9224 4688 10786 7858 7984 2288 5309 2434 12211 2820 5312 8174 806 7802 8683 11789 4244 9765 6304 12259 1784 5059 6733 1704 6747 4756 9480 7438 11942 955 3369 4731 3267 7721 11120 3524 4447 5247 10107 5955 6754 9330 3693 5568 4139 9801 3499 3550 8317 9231 841 10260 1898 9369 11087 9341 11416 9895 10505 10611 9866 11570 714 2179 3352 10006 3626 3694 1366 1547 5125 7225 11804 12062 1349 7946 12219 5324 8938 7313 10275 5581 10840 4080 8036 3532 12604 3915 4173 4207 8097 1062 5740 5077 10567 3526 4740 9279 10780 899 8546 5355 6637 10550 4282 10494 1667 5992 309 6307 12641 2697 10524 9872 12077 10659 12479 6364 8052 5666 11749 
5590 
1214 1636 746 8799 11628 2315 9880 782 9134 2524 5616 6768 8903 4470 6433 10974 2432 8113 5678 8937 9427 9935 1933 7757 9606 6208 7077 7998 1260 5676 11188 7601 11161 553 3093 7238 7987 9915 10805 1765 2720 11482 3281 9901 155 3386 4669 10290 1641 4350 10597 2933 4574 6762 7365 10294 217 1345 5721 138 10397 1141 1814 1926 8762 11132 4384 5675 3168 12242 2210 4098 5849 7478 13446 2829 6141 11875 3409 7311 1483 8757 9293 11985 421 2040 3791 7770 8673 10119 4778 12792 169 4051 452 11383 3493 8132 5054 5913 6607 7266 12507 12815 11740 13008 4249 6863 5134 11643 9146 11293 580 8391 5906 6213 9442 1168 10492 4188 6990 11230 1037 1234 3150 3375 6169 6556 1602 1792 8884 12028 3298 8245 12757 3571 12196 4099 12104 4585 6828 2134 5262 961 1682 5514 11386 6739 10391 4473 5730 7461 9392 10863 12767 5891 8468 6540 10604 11863 1415 4703 10793 5716 12460 1018 8842 573 4784 1137 7257 92 8708 4432 7860 7503 12835 13245 5212 8940 3069 6657 1840 2036 8880 7822 10436 2882 7162 3337 10643 3323 11964 4714 8071 2591 2862 4872 5695 4161 9271 2898 8323 1930 9213 11661 4305 9910 12367 2027 2680 3703 1711 4979 11030 12148 2906 11927 438 3109 11103 5760 12121 799 3383 3078 7199 9879 6615 10158 12468 2687 6764 9228 10007 1030 6297 11550 5278 9456 2150 5881 7451 5225 12054 2678 3646 5097 7113 11174 6837 8965 11469 3553 9329 875 3140 2031 9181 6035 6067 7026 1481 7599 5652 5832 614 4698 7941 5715 7579 10514 11809 1732 3596 6033 4439 12446 2899 8811 4712 11105 5479 10329 3825 4594 4061 11347 261 3333 10836 865 1550 1394 7165 4233 8975 7403 9164 1292 11597 6083 11563 12550 7790 10939 1063 1870 12086 1370 4842 2185 4996 10598 353 4761 10717 1377 4718 11957 4184 9771 
5161 5742 9952 
5837 
5850 
2590 11143 7166 12858 9137 11933 13083 13475 11659 11684 12916 13529 3816 13022 13345 5952 13270 
6080 
6145 13087 13284 
2426 8689 3439 6743 3081 6081 2472 3620 13563 4566 8655 4040 6513 6570 17 4683 6997 2394 8017 4237 8116 3821 10182 4963 5465 1204 11839 5903 10095 9546 9698 13251 4290 11997 13132 6467 8281 318 13134 555 12891 1530 5658 7559 11534 11133 12296 591 12712 574 2149 6725 9981 12567 1209 6345 3949 8854 1579 7177 476 3461 269 565 2249 9424 135 1785 7100 5927 7035 2843 4674 4791 3552 11164 12562 6386 10456 10433 12849 558 4903 5261 8874 5286 6508 2973 11993 4316 4430 3513 6577 5564 7445 8209 8870 9253 11431 1182 10894 1422 3602 904 4732 9735 2428 10015 722 2037 5948 9435 447 1520 6436 8805 2304 8496 2207 4202 3454 7263 2509 6587 2489 5210 7662 4634 8936 5205 10664 2415 9052 4871 7663 8611 10813 3510 9829 2284 5899 7333 929 4478 9160 1532 9841 2118 7928 4747 8602 8061 12041 4417 8836 12383 7995 11142 10811 11411 323 7032 12147 5877 12473 1102 11261 1121 6020 10132 6234 11920 1265 6699 12603 7275 8514 11588 1208 11824 5419 10244 2934 11097 3876 10297 4134 4821 5612 6490 10527 11723 5126 12136 3588 7437 5857 9655 4393 12118 3371 9957 3162 9533 3289 9701 2497 11823 4251 9954 12571 1308 3400 3525 7495 4898 11197 7743 11175 3721 9324 12478 1485 6025 1381 7505 5633 7677 10533 1801 9221 12403 627 11000 11715 1629 3480 5884 5914 1994 10904 1213 8103 8335 1055 8021 4030 4133 9209 9750 1147 10634 2545 9552 6147 13364 1277 9974 8341 12133 4604 9478 9937 9984 11445 12739 5569 7131 9714 358 2482 8808 9814 9180 12300 637 6485 12930 4378 10252 12955 145 4769 4894 8098 4685 7726 5928 6648 2551 10174 1398 10148 11213 9471 12100 10563 11241 3726 8792 470 950 6244 6497 11536 13118 2597 7283 3271 3682 5169 7535 9066 10086 11586 12315 10374 12372 423 12452 13325 2470 12722 3567 6549 8361 11299 12337 1944 2812 5579 5602 12287 2719 12790 
6308 13116 7111 12983 3941 12915 12973 
6504 
6586 12923 13392 
6604 9561 11729 6687 13089 13407 8814 12957 13027 
6666 
6704 
6786 13471 13501 876 13097 
6826 
6839 13067 13379 72 13333 
7038 
7126 
2261 6568 1845 2722 13021 733 11831 7487 8290 1373 9081 12669 9197 9463 5553 9712 10449 11058 6510 11184 689 5959 5653 10070 8959 11408 9422 11309 1337 2528 5907 3809 3991 927 1181 10635 9177 11171 1176 5428 2372 2382 9412 7904 9995 10856 12142 1465 7133 11302 2447 4914 569 11226 2236 9057 7091 7429 7422 9830 4295 10339 6711 7585 10357 140 2318 4702 6626 12943 3269 13063 3484 3635 2412 8053 10243 6975 11066 892 6431 5287 10713 3994 7104 3252 5176 8996 3389 6640 486 6270 8824 593 7942 2636 11950 763 7256 6192 6507 6404 10325 5999 12255 5046 10299 382 11530 5263 7510 12010 1556 1881 11810 290 10044 1808 12069 8512 10946 813 1871 4577 9070 9110 4335 4886 12534 2717 8621 10476 11472 7560 9805 10508 11203 911 970 6868 5258 12724 312 12760 1203 5429 12566 4208 5116 11873 1576 6967 471 8213 2154 9792 1368 7637 9501 5240 6784 6314 7009 6395 11522 7227 11765 560 7520 2695 6614 10697 2731 11630 1526 4059 1911 5190 1303 7044 10721 80 6231 5871 9492 5275 7598 9919 512 11107 3407 4218 1820 7094 4965 6866 62 8051 46 8111 11781 583 983 11163 462 7956 3344 7237 3268 6800 8922 11680 8503 9360 3709 6783 9401 2974 8359 82 5680 7912 121 1289 8628 11223 2311 3681 3736 7007 5705 9453 11422 12394 515 4434 949 1975 1118 8817 5800 8569 11315 4287 7972 2617 5003 12687 6867 8833 11372 2651 10425 1438 7753 3867 5354 11284 6219 7879 5655 9446 9778 562 2646 10636 4587 4670 1482 5648 6632 6758 52 11475 11689 1239 1335 5053 8782 10509 3746 7755 4558 12656 6932 12217 7695 12182 7931 12321 1849 3763 9457 4149 10168 2082 3539 9376 10259 12391 6258 11477 99 10748 1406 11903 73 12172 1875 7359 12441 440 3103 647 1505 4737 5964 12072 161 7895 11072 6049 7659 8594 9342 4169 7409 7604 11647 7622 11338 6901 10452 1652 11484 4652 4676 8926 6588 9354 2645 11890 2834 3512 11323 5827 6703 7500 7523 6526 7666 7015 9274 981 11404 3133 4159 5935 8933 12044 3598 6862 7303 4325 8073 10815 7413 7855 2749 9077 4699 12223 5230 11582 5946 7260 3495 7605 11503 11799 2921 3487 3601 8748 588 9073 13343 112 5461 5065 8438 8237 9210 2570 9136 1763 5030 10383 12615 7373 11970 13030 4567 4812 2994 10652 6186 11455 1819 12378 12521 4992 8298 4988 10602 1821 11427 8604 11845 4412 6101 6227 683 4269 6011 6594 640 12161 2560 12183 
7288 
7339 
842 3318 1743 10669 658 4725 1230 5493 325 6064 4704 8992 2494 7447 5570 6896 8149 10569 11720 10944 13235 2421 13112 2913 6622 754 11780 12274 4118 10754 12838 4998 12896 3905 12837 3382 10779 3702 10410 6351 9982 11195 2704 10907 6366 6962 9223 12595 1760 7095 222 11147 4964 8596 4498 10656 1892 7935 9334 11308 12138 3166 13395 3637 12663 5453 6058 1228 11508 4559 8823 526 8760 980 9320 8175 11886 11191 11838 444 2189 9653 6609 10720 3347 12778 6406 10568 2917 3180 12647 4709 10986 3522 8855 10318 5650 8606 12313 6694 10566 4983 7718 7907 12305 6861 10960 6458 12832 13472 8424 8918 2865 5236 8840 1114 6766 2081 5276 1611 2576 13024 3185 5413 8332 5848 8236 8579 3737 12335 42 4995 1888 2124 524 8246 1735 6295 6624 4659 7381 631 724 7351 1958 2213 4373 657 3338 4523 6952 7688 10138 8659 10338 1355 10557 8560 12073 2172 8978 3373 9326 6125 7810 9080 4222 9470 4658 10167 10954 13086 2599 11167 4969 9234 22 12723 1972 11656 12154 1622 12188 1322 1838 5736 10100 7184 11929 918 6285 6846 10199 7179 8555 7701 9141 1177 1916 8585 7910 9651 11820 1389 11160 6036 8717 1401 2368 283 4248 2740 4985 4834 6705 12022 9260 10469 10850 11082 2806 4474 12298 4336 6175 7346 12407 4382 9911 126 2385 3699 10562 679 3088 10824 5165 7297 9465 1747 2624 2884 9597 6013 6408 468 7577 8767 6506 8896 8816 9643 9339 11653 4719 12803 2255 4833 11796 2608 8428 10821 656 11553 8657 11924 1986 4456 9677 12319 1992 6749 8062 13394 9496 13164 1973 11003 13423 3609 4944 1419 3863 2087 2169 8001 12122 2625 4967 4631 8171 8953 10617 7340 11456 2566 9551 11773 253 3326 10 3306 1978 8966 2 10547 8994 11814 3980 5158 9856 6162 8287 275 12111 11981 12716 4065 12087 10463 10915 4532 6298 7377 9145 2769 9876 2638 7230 4785 8310 27 5285 2623 5458 5020 7142 9300 1113 7704 7320 8911 7214 11179 8069 8405 7544 8537 12249 6706 9021 345 9380 745 2511 7108 5509 12540 1109 12048 2286 6720 10967 2788 7060 5510 10997 9020 11088 1127 6658 7921 12494 10466 11562 11714 6650 6850 10056 1965 10745 2679 7934 3558 8693 10111 7443 10389 1287 5563 3320 3838 1093 9946 9949 8308 9113 11236 7012 7908 7920 2245 10668 916 8211 6079 12708 12735 266 4866 6339 12749 1846 2064 4471 3492 6700 4920 11039 5259 6422 6659 12596 5856 7887 5962 7358 5647 7975 8920 56 8217 8389 10624 4395 12099 649 3908 2755 11458 10491 11448 350 1330 10517 13211 212 811 8769 8737 10133 3627 9236 3005 11514 3555 4840 5018 8392 834 11644 
7476 13199 13429 
7490 12839 13195 
7553 
6690 12353 3556 13406 3376 9263 10333 10584 1038 3143 12853 6402 9261 4317 9571 7655 11953 759 9544 2290 5001 12191 5757 11598 1894 4528 6323 10369 6193 9344 1169 3462 9064 915 7002 12197 1864 5441 5771 3098 10362 1650 8750 5583 6326 3222 7985 1006 2975 4619 1515 9086 3288 5381 5377 6988 9051 10901 3784 3990 8736 9897 5273 5709 1687 5502 5751 12232 3677 12631 5118 7906 6062 9352 6709 8142 7961 9138 10694 11733 4489 7247 5688 7149 549 10249 7563 11634 426 3527 10421 5472 9731 4561 5886 9037 8802 11701 1902 11166 5974 11909 6344 7691 11685 12738 3086 3632 3984 9798 4751 7064 1479 10926 2442 8322 2601 6438 1134 6977 33 7105 10572 10861 6821 11717 10310 11531 4493 9869 10011 8883 8997 188 4262 1822 2377 4633 10553 369 5801 6928 3294 5975 7791 3811 4337 9764 10032 1876 2867 8180 9363 10134 5022 11345 1626 3023 4799 11844 10666 12619 2777 11054 5868 8020 3586 6697 9497 3137 7616 8526 3451 7524 9965 4246 8876 6194 10034 2215 3468 6045 3331 6527 1572 10649 9053 9652 8455 10782 429 8837 8894 10816 2721 8838 1247 3607 4235 6148 10200 5198 6462 8694 2137 8726 1143 7289 8790 4232 10320 2928 11173 5499 12068 2935 6636 12108 139 5846 2112 9656 2544 11795 474 8035 9576 944 1033 2240 2330 3089 2002 6397 1233 7629 1290 3111 4724 9713 11592 2209 7067 7980 3992 5988 1046 2503 8123 2291 8584 3593 6641 9474 3091 5888 6528 10999 2411 9849 3529 4635 2105 6318 8943 11209 1193 11329 1079 9567 11228 12672 243 354 5525 2041 5576 12515 7970 8218 2965 8255 747 12186 1883 2222 2826 6511 303 383 2881 3968 3707 5987 810 3885 4324 10526 11712 5252 9885 535 9100 4921 6554 2772 11568 7267 11867 259 12113 9676 12783 4542 5120 7607 12278 15 8772 3977 11465 11934 3379 6202 2577 5392 432 2455 5107 4008 11270 1676 5129 3325 3830 6767 1999 7763 5412 8147 11428 2832 9154 1738 1890 3324 7223 1307 6649 98 7901 6089 12085 3621 8033 6599 9365 6678 11693 8307 8986 7200 9687 3647 9013 11398 3199 12866 13415 5833 8740 795 9396 10763 13039 2479 11764 13133 789 11761 1229 7829 11986 4124 7331 2419 8486 1499 3062 1533 9559 1680 7069 3608 10832 11094 11392 7023 12443 5961 12590 1552 5511 12800 
7642 12933 13507 
756 2012 7466 8012 4636 7073 10071 861 2942 13558 1148 4365 6503 6775 7506 2856 5629 890 6613 1457 12977 5033 10787 9794 11352 11585 2466 10004 4031 11026 1467 11574 6154 9823 11055 3942 4074 2113 7868 1215 3235 2747 4766 4849 10099 4678 9179 8378 11243 11010 12667 3258 10088 1793 8770 8845 2148 3106 7072 2795 9444 2300 7092 8716 2092 9499 4630 8305 10714 11575 11931 5002 7216 10529 3780 9732 10715 12384 8080 8238 4110 8128 11919 9947 12686 2594 10884 7926 12185 5265 6073 764 12727 2380 5660 9724 3319 6293 6521 7374 10050 6869 7127 8528 101 7366 9739 12019 3874 6303 9158 7657 9623 974 12336 6378 7033 10280 11178 697 12598 2310 9462 6653 9196 537 1306 2796 5075 6492 7309 8759 12137 242 8235 11801 5600 11778 2665 7484 1739 7741 3989 8674 6075 6109 10909 11794 424 9515 4253 5481 7861 3397 5296 9407 209 373 5651 11029 10519 12426 63 650 4600 4672 377 3099 6825 10279 5825 10375 5726 12454 2309 2501 2512 2878 9574 5606 11288 149 3639 8640 13051 1283 5565 3901 9204 111 12434 1782 11556 3708 6469 10610 2792 11906 1245 8326 3561 12809 3805 11748 469 5192 2246 6241 7625 3197 10257 416 7705 3732 4419 6134 342 8841 310 1708 4824 7745 11646 326 3765 4984 9191 4146 7141 5378 8260 6453 8731 4981 10078 2395 7674 10638 12215 8540 12543 3054 11176 2325 7847 3887 12165 2094 10003 7329 7627 4514 5404 3189 7632 10938 6917 10386 1428 2184 8827 12303 668 3649 9269 12523 1825 9554 10233 4044 10353 10630 3833 12771 935 4399 9781 9986 991 3483 9299 10225 1659 6878 6982 8778 3751 5352 4370 4870 6256 12199 2019 7889 10908 3740 5792 4229 9707 533 6185 9721 10671 78 7603 1195 5421 10337 5254 10151 13511 2168 7486 190 2742 4013 6695 835 4538 8520 10205 96 907 3837 6787 8408 8635 10771 7698 12732 
7707 13174 13444 
7773 13393 13414 705 13424 
4511 7259 4339 10601 11763 532 3031 2782 10420 1471 9348 613 10305 11502 5630 5643 10453 5231 9924 12520 12630 8785 9638 2050 5883 3530 6987 4632 8935 2635 10983 3801 5822 6480 11356 11361 10276 11438 690 1969 4613 1460 9084 2977 12301 2390 5662 2174 7736 5237 12288 2768 4931 5625 5302 8448 11567 7132 9916 5008 12412 4483 6281 7097 11900 8436 8784 9338 12000 9927 12095 3896 10231 1837 12612 4932 5919 956 11638 4362 10523 5931 6047 10256 1019 2121 2343 4421 7411 184 9820 7483 11655 6017 10495 9998 11217 11377 1279 4340 1624 6731 12701 9744 10136 337 2701 2391 7323 648 1060 3136 11821 4497 8543 2733 12496 7102 12581 262 8667 11373 1913 8430 2182 10381 1136 3247 3576 3976 11735 7158 8420 4106 8517 4609 8092 8972 12632 5101 11414 3987 9523 5226 10047 483 727 855 1961 2840 12743 225 12209 5000 8285 10187 3577 11554 19 6242 12706 1531 2060 4272 4443 12401 3146 4475 9679 3568 6273 8177 3466 11237 5780 7306 1039 9192 6923 7971 2178 3858 2459 4469 10038 8291 10591 1559 2410 10551 951 4909 176 12282 6985 12695 11320 11631 966 1616 5366 8158 4168 6672 9095 9252 1254 11231 999 5785 6003 8066 988 8297 2889 5574 12659 3666 8127 413 2629 3447 8948 3443 7648 3781 10254 11978 351 405 10716 1454 5123 5215 6342 10415 6115 9686 9716 12673 9403 10679 5838 9741 3549 7399 2710 6605 963 11857 5069 7746 6065 10053 412 12040 1098 4764 5729 6727 8115 1124 8583 7826 9934 1574 11961 2097 7713 1397 6895 540 8873 10282 6663 9661 11440 696 8038 962 6443 1305 8058 1906 7854 2655 7586 4297 7808 1649 10919 2555 3832 1860 5150 7817 8951 801 4197 3396 6449 4411 5349 152 3004 793 3753 6442 2821 7546 301 9851 504 5874 153 4454 2515 8146 6164 10480 5131 9126 9936 11800 622 5521 6765 6799 7587 7915 9281 2234 9308 239 8054 11498 12140 490 7457 10332 4108 10413 12802 160 9437 544 11908 276 10175 1403 1433 8589 1725 11056 5035 6547 6600 457 2111 450 2716 596 1094 41 3002 3351 8642 1025 7167 5734 9282 6181 11046 4431 11767 5741 10992 6491 10564 11625 1573 9802 5188 7349 5972 11379 
7982 
8220 
8100 12781 247 1878 2331 9761 12 13467 6070 7332 7786 12179 1497 12677 1192 8151 2375 6370 11965 4957 5990 8 3502 6269 11360 381 3509 6290 6595 8946 5367 10683 7024 10473 6044 8370 5405 7493 11172 7103 11830 9821 12004 4936 12763 5335 7229 624 11296 396 1907 375 5799 2241 12143 4405 6180 5853 8703 2952 3172 4268 11707 5448 11865 5572 11466 5634 9357 260 1107 948 4831 1298 4859 1274 12106 12170 708 6608 9264 12593 3283 4565 9259 11248 8252 12297 2729 6797 7393 9964 1486 11603 3360 7175 2445 8849 11079 1448 10826 1201 9315 12355 2384 4203 8386 9657 11743 4520 11963 6707 9169 4877 13127 3408 3799 270 3719 5057 5350 8676 4890 7567 2557 3213 6803 8618 1011 8492 1506 7671 4128 12421 168 5094 5195 7475 666 864 11048 3589 7156 7467 8352 3200 8538 2360 11589 2109 12144 843 9754 3336 7031 2968 7181 3815 6552 5474 6900 7397 3683 8224 4760 6781 4775 11067 9736 12141 7354 9166 231 6429 6721 3265 5304 7164 3771 4437 11500 1733 7528 227 4721 5728 9346 2147 5393 10806 1480 8257 1489 9130 1338 1630 6266 2850 11363 7348 8412 10269 11792 4773 5870 175 4787 5204 11480 1436 2096 6040 5845 11285 6300 12702 514 9483 2548 2969 8777 1786 7022 10328 12503 1010 12229 1035 2932 1183 11941 1390 3236 3425 11246 3014 3266 5239 6873 7624 11001 124 3511 8529 5211 11665 3299 3436 1069 7212 10039 9015 9298 3790 11375 435 7123 475 5389 10682 6627 11152 3559 11622 500 9194 1085 5407 3477 5196 3629 6635 3955 6151 10416 5369 5601 1310 6118 9432 930 3446 1990 3459 12256 5841 9152 10892 8266 8504 8548 9860 1546 1981 6021 8409 9512 2498 8148 9620 5294 12583 1914 8002 6925 8086 4275 12198 3913 7905 8541 10166 797 1766 8522 12575 885 1940 6253 10412 6463 10639 3127 12564 606 5915 12563 2122 7919 9023 9343 5242 9768 8425 9816 3060 9418 11825 2504 11905 2252 5943 7254 9168 3158 7679 1835 2855 10153 3270 9041 1086 4189 7992 8449 10629 8465 8521 4726 7385 205 11856 
307 4300 10266 6576 7838 1749 8463 4803 7344 7491 6919 8664 3648 6509 11871 12636 8738 11057 12051 164 9521 324 2324 11595 9328 10000 5938 11973 102 5864 838 10964 3363 3845 12176 1952 2239 4937 3094 7138 4145 4590 4603 51 371 3910 837 954 10722 539 1752 2244 9135 12780 4298 8559 9579 5626 10092 7620 10226 1220 2765 4211 9359 11493 8327 11599 12008 542 7280 2294 5307 9466 10911 1334 4802 7392 12169 158 9262 3862 11011 4607 6583 8969 10709 4003 11464 4611 5793 5936 6883 9220 6618 10424 10842 9467 11134 218 378 921 11325 2756 8587 9738 9570 11777 94 1411 1439 9580 2326 2774 2327 10637 3716 4510 7101 3743 10060 5532 9819 154 6629 7835 1826 11769 11943 1513 4862 4994 6561 2662 5548 9226 4104 9543 4655 4962 5842 6520 1299 6664 10660 4706 6904 7423 8949 11346 2707 8924 1623 11722 3679 8488 10477 9425 10953 2425 11413 319 5171 652 10766 3878 10212 1900 2682 4535 9960 11124 3155 11539 4531 12798 2694 3738 7839 3599 5359 604 3688 4905 7468 5313 5347 7029 572 7610 9528 5615 5791 6517 10137 12093 
2982 11437 10654 11650 3622 9835 4346 5980 5232 9539 1047 9183 13555 1606 5605 7873 8653 192 3205 13213 2462 4501 3981 4863 3996 6976 4916 11828 2361 6246 1365 1451 3414 295 8065 1989 5543 2100 8524 8815 9527 1525 10808 7940 9776 9074 10549 5119 7703 1885 2773 11153 1554 4328 6481 7018 8796 11194 896 12609 7552 11074 1945 10016 2065 3049 9119 4945 9167 839 8773 5011 9637 11952 6235 7480 1596 7618 7797 443 7172 6738 11506 8474 9865 9734 12326 9706 10108 10846 1558 11071 200 11102 11623 1495 10596 2507 8089 385 6362 7571 3975 10762 4331 9187 7441 10215 3203 5783 11450 4908 6435 7771 3789 4167 4020 8576 11189 3412 7646 7846 7857 8227 11594 5803 5986 4147 11442 5933 7534 13163 694 11607 1456 1472 8850 9385 4097 12371 10825 12192 2084 12773 5924 6854 3563 11439 1895 9383 9423 5396 12239 12591 6858 9461 3256 3841 6254 6403 4383 9870 3418 5588 6890 7099 12810 10896 11474 4972 12530 12547 6130 7667 7977 5533 8713 3534 10785 322 2805 6120 9318 3662 7021 9394 3505 9534 2959 8766 10368 2267 8247 6407 10355 1872 2988 10530 4136 8656 1935 10219 2402 4186 2271 3154 6537 10595 2754 10990 3773 7735 6325 8755 8644 13283 2000 10516 1646 2816 2550 9635 1759 5356 3297 11131 946 11615 2015 10615 1908 5357 8277 434 8239 2057 3631 3277 7088 2803 4485 3868 11043 12374 1754 1758 3920 5692 4132 6875 934 10407 2056 7343 12089 12418 7234 7630 8250 10113 10404 823 10098 880 6495 623 3429 3854 7994 4832 8945 3207 7342 11395 4892 6006 4487 11605 1768 6918 1723 7774 10936 2547 9725 45 655 7885 38 1348 50 684 1781 527 6853 2474 5890 8990 10323 8200 12481 3691 8084 9953 8144 8988 9118 9082 11618 3249 4729 6638 5197 7470 8519 7578 8622 12746 250 3104 8076 554 1455 7439 7459 8881 361 11324 4623 6791 10054 3278 3544 10190 6934 12522 7050 12525 1174 3139 9115 1312 4977 6279 8603 12251 3292 7361 6199 9967 6946 12908 2676 10009 13454 4271 11159 3755 12903 13196 6168 6877 3290 4708 3350 11265 5743 6400 662 4017 7140 9769 12841 10405 12968 9560 11387 13497 1609 7540 8131 10876 2500 4032 3417 12369 5550 8048 2363 8121 9813 4790 11238 770 10965 1226 5440 809 5882 4971 12230 12804 3930 9459 4970 10468 9861 11454 26 12422 3027 4946 9756 6812 9566 6998 12358 590 3020 830 6330 8358 9675 12624 6860 12668 8390 13253 1041 12875 7160 9117 8775 11674 388 6088 5138 8189 2074 5844 7714 4806 6173 1021 11433 1956 11984 5804 11130 12477 3871 12424 13327 3963 7852 3024 8677 9683 10115 1600 3473 4451 9979 7336 12382 2034 5631 12997 4484 7600 2584 9726 6782 7628 9517 13072 6460 11136 3215 8671 1538 7990 6954 12472 
7163 8821 
8897 
1061 10820 3705 10057 5029 11279 2414 8283 219 7650 12399 3840 8243 1780 3851 11711 4942 12613 4783 5181 9101 10278 7623 9893 2532 6945 2278 5050 445 1122 6074 6798 11449 257 2166 3531 4318 6753 4492 7989 5529 10197 11423 12103 1694 12715 1424 1651 1395 2142 4679 5224 459 2760 4860 6949 6158 7043 5739 11078 7076 11663 8835 9184 12769 1103 1905 3057 8715 3834 8533 1581 5235 11576 1491 2972 8296 9729 2767 4735 10042 6278 6299 11504 2308 2953 2723 6913 285 4296 2069 8623 9985 12601 4179 8660 7284 7761 11811 4745 10437 8212 12152 85 985 5337 8457 12167 1896 7442 10458 10490 11573 1674 6944 2554 9584 2321 4599 1194 7570 769 4805 10247 1501 1796 12094 6496 12091 1207 10503 8026 10309 3564 6602 10361 5068 7148 4882 11275 7255 11109 1799 8545 5714 6889 7877 8634 12626 2471 12234 202 1151 390 394 6483 6849 1376 10191 2535 4673 2089 3231 1643 4026 10701 12599 254 2926 4569 8679 6268 9749 4875 8167 5274 12308 5488 6259 10799 2893 9874 397 2029 7159 6029 10506 1354 4367 7356 2698 6676 5435 8008 608 8700 9268 12725 5671 9242 9831 11639 148 12250 4117 4503 8276 12292 8680 11116 8871 10571 2059 12127 3689 4881 5151 8165 10020 926 7143 8509 5954 12600 5080 8789 9690 1172 1703 6093 8028 8433 11425 2978 5725 1191 9766 5444 10855 3077 5394 9854 12084 1288 8233 10823 11694 4144 10531 3007 4086 12339 
9047 13183 13275 
5531 9393 
9563 13260 13408 
9599 
9680 
9858 13122 13135 
9938 12878 13487 
10327 13403 13554 439 13431 
10395 13197 13380 
10445 
10510 12975 13107 
725 2847 8847 3188 12252 5346 9812 2299 12576 2436 11926 6129 6368 11971 8471 11751 2666 7584 478 9828 1301 10045 3514 7324 831 11640 7444 11921 1537 7869 6974 9205 39 2818 729 3095 6807 8426 706 5623 12711 3066 10760 3357 3826 5227 4156 11726 2266 4459 12538 1797 3329 8320 1342 5385 10074 11206 12194 3 274 7145 990 2956 677 5759 407 786 7805 1108 7046 1267 4466 8527 2490 3175 11417 2312 4901 8723 7420 8294 1088 8267 976 1048 4550 2852 6888 12258 313 1720 2986 9668 3250 8554 4705 11772 6423 8754 3159 9593 1664 10051 13088 210 5271 6834 10461 2918 11755 2556 3244 6188 7842 9310 7096 10769 11316 12616 398 7327 4019 5594 6574 7884 10400 11675 11837 853 3144 8253 8120 11192 6301 10814 1120 8375 13244 5577 13455 5373 6820 6257 8176 2283 5908 6723 10440 11519 6237 7170 10772 4829 5656 12690 2335 3080 11269 4939 5360 1145 4801 12456 10142 11537 5851 8776 7057 10069 3114 8270 9316 10285 792 12145 3182 13400 1211 8758 1867 5878 5091 10987 5953 11389 2705 5498 12680 1044 8878 653 9106 9796 362 2345 3545 4711 8858 1275 7240 1369 8483 11090 6316 9267 11021 386 3866 9216 636 11015 751 4386 5374 6922 4243 12392 2728 6341 3507 4989 6959 10559 12796 1240 4522 4096 8129 10623 12621 3986 11045 12535 12714 4041 5109 1803 1997 5940 10025 5945 11768 6796 12438 833 10223 286 343 3287 4811 6601 10686 566 7593 8647 5665 8365 1592 9518 6538 9426 8022 13291 8225 12465 1131 2355 8049 4646 5052 6855 9163 3503 13040 199 11061 7656 10317 908 3768 2981 9941 6714 9862 329 10126 1587 13179 10522 11917 2941 7370 11064 10460 11353 3979 7463 11629 8337 12546 13170 2159 8617 4517 9140 10376 6611 9950 60 11283 12007 3535 5024 2744 7780 11551 11762 1847 10738 3938 4850 8480 8494 4025 8862 8944 737 9319 4562 11955 2845 11555 5372 7414 2344 8591 7670 7872 7969 9494 11193 2242 4580 5371 6621 10336 628 6836 5784 7128 10347 10525 5376 10265 9549 11790 157 8868 5893 11227 11564 11590 6802 7759 9773 7290 10829 8791 11593 2922 8072 10917 11198 12586 12928 1318 1689 6894 12364 858 3160 1976 9102 4182 7751 10207 
10768 13378 
10794 11168 
10822 
10843 
338 1412 2970 7794 1282 1953 5504 6535 7685 11234 1523 4135 4216 7710 11750 12817 5672 6662 6936 8431 8164 11923 1928 6426 691 3070 5934 1304 5316 2619 12362 2371 4620 5012 11736 2486 6066 4666 7848 6466 11478 5 2743 2996 5025 10140 700 933 4943 7243 1285 8446 9789 4359 8093 7364 10267 4185 5737 7322 6596 9674 2753 4696 3210 8274 8479 11766 1934 5789 11491 2035 8095 356 414 10576 10902 11219 10773 11018 12639 216 1248 2521 5238 9903 9975 11515 665 6673 1852 2583 3903 6124 1099 5182 2771 4661 7253 1490 9185 643 4581 6018 8557 10981 3969 9645 11842 4477 11608 1317 10459 11201 1159 1773 4502 11683 425 9001 4845 8419 11676 4953 6236 1716 9156 2730 6702 3860 11141 12174 2362 4615 4220 10021 1921 5288 7565 8442 120 3370 2907 3695 11874 1764 2461 5124 5767 740 1200 3904 7151 2596 12448 1346 2186 4192 4212 499 10539 1503 11314 12960 5442 7300 5922 7525 7979 8501 3928 10131 9782 10956 399 12227 387 2114 3009 6207 1444 5788 7917 1656 8608 230 1745 11709 12012 1564 2198 2078 3970 9898 2280 7098 9603 305 563 11587 5527 11833 6446 7819 1816 10858 349 9692 5542 8303 2206 5034 1865 5622 7724 300 7830 5090 7827 7788 10912 1414 11350 1371 7197 8382 12042 359 2481 3748 8917 8042 9868 5617 9452 6239 7419 11349 6385 12260 233 9026 4014 8357 6057 7507 1166 8631 1097 9500 1980 3848 5930 2297 2637 4284 8729 1115 6471 11044 1657 8898 9914 10129 12404 10648 10966 3857 4054 5686 8258 6801 7416 9398 8344 9648 777 7811 8852 11543 945 9272 585 12160 2220 9884 3246 10893 7315 12497 2950 12610 13232 523 1874 2589 2090 3243 8941 3842 8973 10220 2127 5193 952 6777 4279 6090 7396 10072 529 1861 11524 6413 8619 8860 10752 5811 8454 7649 8636 4644 8672 4864 6842 8887 9758 11977 820 4753 1770 5007 2734 12411 5037 6001 7522 12484 12761 4366 9176 9894 7479 12350 973 8475 1744 7801 10041 2130 3025 5244 7760 4500 10943 6280 12670 6558 9019 10935 11737 6388 12558 2574 8552 10352 166 1595 9737 6902 10790 551 2342 1545 3015 2841 10428 3933 5592 7680 13267 6445 7744 4695 12762 6041 10546 1863 5088 2815 4541 6291 5584 8188 11846 4308 6283 7196 8507 4356 5981 6805 10178 7352 12316 3890 9297 12157 4755 12432 2139 2264 430 10014 986 3489 4557 10923 496 7053 1946 10955 
10921 11473 
10957 
497 8240 1119 7450 372 8126 1751 5243 3272 4114 1575 12243 3478 3779 9455 2879 7224 7595 143 3119 3223 5082 1750 5451 8377 9891 2381 5055 4958 6701 4651 5039 3424 10994 7886 8306 1563 2068 1125 3727 12001 12516 7750 10731 1880 11816 255 9151 5598 8166 5401 9723 8558 10426 11492 12501 3879 6178 2552 3792 7564 972 11841 2875 9822 10807 5194 8023 2718 8312 732 7078 1588 10399 11007 12331 1040 6317 8915 12304 784 10592 1787 5669 10293 8295 10165 5557 5738 12266 10296 12594 2115 2853 4786 5896 6452 3315 3393 7492 1823 4583 11797 2799 11165 12467 206 10242 4067 11864 5423 5478 6683 4116 5221 12495 4959 5683 10718 10885 10982 1100 8005 12614 5991 7916 328 7341 2561 12765 495 1281 3046 7813 12031 2010 6417 4578 10735 6332 12592 1824 4828 5636 5638 4941 10605 10640 2790 10198 1778 10729 531 7055 4818 6313 9059 1084 3460 5280 5406 6487 9469 1326 7051 69 1769 3796 829 1599 2021 9988 3308 6876 410 4055 6396 10283 2657 10221 7384 8810 118 288 12153 1746 2162 5823 7574 11682 2944 8865 2989 9607 3843 6428 3192 11497 1447 5480 417 4403 2393 4948 5770 4518 8879 2173 5058 6938 7202 854 7785 9109 3819 8666 9042 9788 11357 3191 4820 12039 245 8987 1812 7643 8394 11301 5246 5632 10465 12587 1560 10830 11294 5967 7427 7690 11902 4273 5016 11868 4385 8282 333 12445 2580 11918 364 3673 5942 11335 1187 7834 437 11140 699 2595 1464 1644 9588 3047 5100 5618 10408 1829 11471 3364 7727 7307 9364 3906 7144 13520 2671 11619 7161 12241 1851 8506 4987 12109 8223 11803 10607 11948 2831 4286 13489 4743 6681 10711 11708 8460 12163 1582 11224 8263 9190 9244 12466 4265 11546 7171 8942 4394 10201 1540 12942 3056 6937 10645 11273 1256 1805 4548 5443 2214 3165 10312 3474 4307 7471 1535 10216 5214 6107 2947 5777 5830 7030 8078 10512 3655 8482 4024 5006 12741 6222 8820 7222 7588 12703 13357 422 682 8006 11901 2396 3035 13264 2405 7815 4774 7191 6229 7955 2546 2800 4037 4047 10330 2780 11779 5540 8202 8450 10537 7693 11024 12238 13374 9448 9654 3433 8544 9605 1146 6840 3899 10969 9251 10991 3334 4178 5341 8466 5668 12045 49 9843 1101 2559 3813 8721 4206 7270 2296 10619 8256 11264 2510 11635 13324 2348 6425 9389 11548 1591 7066 3053 4023 6434 4521 9863 1071 3865 9116 702 3678 3644 3661 3044 4043 11187 11651 1461 8692 4556 4788 7291 5983 10302 602 12795 9112 10295 2564 5279 7432 10710 2389 7772 6360 7967 9257 11207 6844 9347 9486 3777 5866 12134 12417 1756 10261 11700 788 3018 12833 13521 1223 11637 12155 12717 3749 7345 4194 9562 736 12998 2966 5411 12090 6322 10311 2190 7406 8498 8572 9254 4375 6785 7382 12665 1604 9852 12782 1522 1804 8907 13474 
4372 10993 
672 8822 2257 2364 268 4199 6677 7248 2960 11648 4056 8170 6077 9892 845 5530 7121 8550 10677 9098 9358 2660 8373 3665 6352 6206 11897 752 2892 1002 9945 2196 4223 8695 12356 4428 10264 10662 639 8050 13143 113 8893 10382 10486 6459 6981 1831 12860 3516 8210 674 5175 1748 2851 11155 11542 11162 11855 615 8249 11214 12046 687 1500 4333 4854 9939 1567 2157 1528 5555 6541 7353 1375 5447 6161 716 1216 2046 7176 6804 9288 2575 10841 2668 5797 10124 8232 11894 84 10658 932 11256 7404 7752 5795 10474 6349 13439 818 4440 5876 11331 1295 4404 8662 9076 2485 7249 2683 11295 1605 11791 2871 10663 8159 9971 4166 10622 12681 6122 7401 8140 993 10192 4160 11023 5685 10651 6559 8145 543 8383 177 2430 4782 7958 13092 346 12047 3818 4951 12820 11944 12098 3234 12293 4274 12050 5218 10209 1410 2798 8162 8861 2539 10588 2621 6250 3440 5926 10281 11494 552 7533 2072 5185 5328 6337 6829 12436 3225 7041 9770 10618 11292 1621 2990 2058 2945 8955 680 748 10245 3457 9302 458 10120 6942 10152 221 5808 3650 5745 12226 730 2925 7251 4176 10448 5093 8902 3041 10555 104 6008 8476 4082 10757 753 12954 1257 3220 1171 9614 3932 6455 8254 1917 5426 3264 8500 10789 4980 6240 7059 7137 1321 9490 5816 7208 12877 10932 13015 10483 13452 10236 11808 2951 13222 3240 5917 11032 3303 10493 3675 8007 3194 8523 3038 12427 5470 11818 5049 6914 8539 3888 3924 1022 6682 971 13443 3711 5152 4079 6581 1477 7551 5693 7020 7543 12539 7922 8625 4891 6736 9717 8532 11278 2080 11754 2491 11300 3614 7615 4162 4974 8831 10753 4680 11362 12322 3392 11558 302 4642 6072 13014 13038 142 10580 3385 9550 
3322 5517 7391 7756 1138 6519 6732 4397 5963 5459 6980 7974 8793 11399 1154 8289 473 1869 7458 3880 3943 9990 10699 4330 4519 6843 7694 7198 7719 7881 12271 3232 11034 348 2418 5596 4897 8787 5956 6228 6522 6679 3131 6085 4345 10502 8932 11972 1164 2347 10356 2901 10878 1612 6816 2908 9055 9217 11318 12267 12474 5410 5897 5697 6995 11049 1740 7664 12329 3075 5156 12306 5901 9795 9591 10913 3570 10451 3169 10470 11872 3263 3847 3697 11262 24 8578 2289 4266 12283 6152 11333 11613 7783 11579 2071 8688 3342 5905 603 1053 10010 2452 7519 11912 1951 7301 6138 10872 3734 5923 12654 821 8974 3211 5892 11041 8947 11699 3660 10515 5691 9232 1886 9899 3190 3922 7261 2508 10784 232 11541 7840 11019 9513 13281 251 5245 7116 871 7209 10046 1367 4151 2243 6159 1810 5457 2873 9627 306 2052 6603 7233 785 6794 4 4657 10759 644 4536 10918 3715 4377 6209 1128 3003 10532 147 7932 193 5815 9104 2420 7536 48 6288 803 1949 5463 2039 6903 185 1693 7464 5774 8204 2531 11719 13023 2823 8198 12658 1272 10977 8347 9702 12074 3327 7440 3219 9613 9175 13535 2708 7841 13239 6534 9900 1144 2120 12244 12582 1221 6296 9948 1316 1320 3812 1498 8768 6571 10548 13389 487 4749 3295 7789 3365 4129 1262 12376 1016 4112 4625 8380 9291 4858 6915 5912 11949 1132 12123 1252 1431 9980 1866 9372 4904 6813 488 6056 6953 2643 3113 479 7178 1384 11050 4294 9681 3788 5133 5506 8863 568 6655 5301 11645 13054 5731 7939 6565 8328 9631 11771 8195 11060 8300 13537 8812 13441 2699 6211 11306 2180 10172 13225 1067 2133 1736 4449 11202 11242 1004 2062 3008 7966 5086 7976 3332 9695 1078 12220 2044 6336 2314 8491 1762 5667 11327 352 2725 3944 9464 3497 6348 2863 5140 11006 13246 5064 7644 6726 13119 10429 13434 511 8714 2579 7896 601 9440 4087 5299 8473 10331 492 832 10439 878 10274 279 7635 9227 12642 3016 9786 7146 9642 5790 11280 11307 11560 703 901 766 4934 482 7314 11705 2422 9595 7083 7608 9873 3388 4422 7430 9111 9147 3050 5403 12279 4183 7596 11190 1833 3574 180 1991 8399 11415 12608 3936 9285 2279 3293 8429 550 2976 9991 9913 11633 1475 9762 5004 11271 4127 5382 8652 11127 11282 5220 10422 2633 3898 6899 9740 2269 2903 924 5017 7376 12063 3523 9368 7768 11649 109 2464 12606 116 4058 1013 4238 8016 9509 3156 5840 6774 7902 7937 8885 6142 12049 5858 6143 3852 11849 7130 12552 1631 1996 3381 1379 2167 8795 7122 12425 673 1960 11290 2672 5824 6669 211 1640 5861 6126 12754 3735 10675 7025 8039 3201 11319 12340 2367 9678 446 5712 909 11100 6160 10145 3594 10196 4402 7669 6032 8031 1153 5266 5595 236 8495 1351 8670 9633 2287 5752 8803 10349 11468 2814 3026 5703 8610 11451 11786 5454 12415 8607 10384 2931 3892 3184 9307 7529 11135 12037 3967 4868 11687 4579 9331 12517 8547 12368 8531 10979 894 5965 7893 8899 12666 4752 11517 12275 10171 12291 2732 9747 774 3606 3537 3794 4910 5269 7526 9200 10698 1509 4015 11461 12588 
11496 13299 13313 
9002 11510 12823 13503 
11602 13125 13231 
11881 
11888 13377 13551 
491 5283 1026 1429 1633 9332 9601 4465 5253 7715 1919 11070 12459 12512 4564 6038 12114 4843 7973 5066 5711 10049 4713 9639 5670 8105 862 6685 6966 9374 11928 1358 10450 10647 1161 9878 4723 11486 4727 5085 12058 2663 4267 5464 7590 1543 3346 1653 2571 11577 4344 8502 977 10291 783 10229 363 509 12408 1104 2158 4692 11250 12328 2690 6046 5758 8864 7454 8901 6551 8045 12341 1012 10535 1728 11369 5500 7428 472 592 1117 9034 3039 8215 3824 4001 3931 6929 9774 10341 4722 5115 5336 6963 7793 8343 5452 7070 3037 7903 5781 7653 187 4081 10342 5717 11348 920 12269 8939 9803 9061 10447 10672 7246 8882 9573 3245 9610 2238 9139 7004 7862 12187 4883 7390 4887 5208 1828 4358 5251 11802 428 10556 30 6367 10930 11254 6335 11085 11822 12428 12483 8265 10739 40 11084 11400 4954 7194 6815 7190 12018 4291 7157 10464 616 3582 1791 10128 4004 7959 9008 5368 11297 271 7824 10087 7110 12561 7699 10613 2275 3481 3762 4460 8070 7890 12016 5910 8169 6393 12664 1156 2536 3642 9043 4768 6566 8467 9009 8643 11106 2600 11958 3237 4928 10914 4213 8135 1508 2854 10978 3206 8185 10319 7185 11980 2038 11239 3173 12193 4643 5817 11834 12030 6216 10359 9473 10758 12565 12679 31 9068 4853 6221 4198 9604 3875 12628 676 7006 10665 6294 8445 7728 12657 9577 9696 4009 8079 6494 12650 117 4546 5724 8534 12387 159 12344 8183 12397 940 2373 3228 8809 9582 2392 11154 194 4593 10877 13150 4926 11995 12130 1123 1661 6027 9303 9498 633 2890 4338 11660 2260 8010 10343 10744 11040 1074 6412 11098 856 2817 1469 8094 7407 9063 11374 4867 6262 1922 6128 2458 7833 8349 8741 3712 9235 4122 4918 5014 5390 2920 7380 9337 9451 10364 10471 10834 12216 1336 8801 3128 9406 5398 10109 7660 9356 11662 11667 7455 11420 8477 10883 11758 1964 10179 3204 6809 10228 1426 4982 2797 3419 5010 11987 1238 5021 5310 10475 6374 11388 5104 5427 13492 4120 12056 
8136 13171 12135 12966 13028 
12268 
12351 13043 13130 
12370 
12420 
12542 12861 13513 
2630 12865 12556 12871 13226 
12634 
12652 
12684 
12692 
12758 13463 5872 13146 13490 
12822 
12826 
12828 
12830 
12831 
3115 12836 13496 
12842 
12843 
12844 
12845 
12846 
12847 
12848 
12850 
5467 12824 12829 10819 12851 
12852 
12855 
7036 12857 13078 
12859 
12863 
12864 
8107 12868 13261 
12869 
12870 
12872 
12873 
12874 
12876 
12880 
12881 
12885 
12888 
12889 
12892 
12894 
12895 
12897 
12900 
12902 
12904 
12905 
12906 
12907 
12911 
12912 
12913 
12914 
6575 12917 13154 
12918 
12919 
12920 
12921 
12922 
12924 
12925 
12926 
12927 
12929 
374 12931 12978 
10574 12932 13185 
12935 
12938 
12939 
12940 
12941 
12945 
12946 
12947 
5977 12948 13426 
12950 
12952 
12956 
12959 
12961 
12964 
12967 
12971 
12972 
12974 
12976 
12980 
12986 
12988 
12989 
12990 
12992 
12993 
12994 
12996 
13001 
13005 
13006 
13007 
13010 
13011 
13012 
13016 
13017 
13025 
13026 
13029 
2541 13032 13180 
13033 
13035 
13036 
13041 
13045 
13046 
8234 13047 13368 
13049 
13059 
13060 
13061 
13062 
13064 
1974 13065 13223 
13068 
13069 
13073 
13074 
13075 
6916 13077 13519 
13079 
13080 
6654 12879 13481 521 13081 6097 13187 
13082 
13084 
13085 
13090 
13094 
13096 
13098 
12554 13099 13480 
13102 
13103 
8615 13105 
13109 
13113 
1 807 12969 179 13115 8633 13365 9700 13541 3757 13352 4150 13409 
13117 
13120 
13121 
13124 
13128 
13137 
13138 
13142 
13144 
13145 
13149 
13152 
13153 
13155 
13156 
13157 
13158 
13160 
13162 
13165 
13167 
13169 
13172 
13173 
13175 
13176 
13177 
13178 
13184 
13188 
13189 
13190 
13194 
13200 
2282 13201 
13202 
13203 
13204 
13205 
13208 
13209 
13214 
6410 13216 
13217 
13224 
13229 
13233 
13234 
13237 
13238 
13240 
13241 
13243 
13247 
13248 
13250 
13252 
13255 
13256 
13257 
3766 13258 13470 
13259 
13262 
6411 13263 13362 
13268 
13269 
13271 
13272 
13273 
13279 
13280 
13282 
1130 13013 13453 9429 13286 
1683 13287 13526 
13292 
13295 
13296 
13297 
13298 
13300 
13302 
3304 13303 13416 
13305 
13306 
13307 
13308 
13309 
13315 
13316 
13317 
13318 
13320 
13323 
13328 
13330 
13331 
13332 
7673 13334 13523 
13339 
13341 
13342 
13346 
13348 
13349 
13350 
13355 
13359 
13360 
13366 
13367 
13370 
13371 
13373 
13381 
13382 
13384 
13385 
13386 
13387 
13388 
13391 
13396 
13397 
13404 
13405 
13410 
13411 
404 13413 
11014 13338 13518 5619 13417 
13418 
13419 
13422 
13425 
13427 
13428 
13432 
13435 
13436 
13437 
13438 
13440 
13442 
13445 
13447 
13449 
10055 13450 
13451 
13456 
13457 
13458 
13460 
13462 
13464 
13465 
13466 
13468 
13469 
13476 
13478 
13482 
13483 
13484 
13485 
13486 
13488 
13491 
13493 
13494 
13495 
13498 
13499 
13504 
13505 
13509 
6267 13512 13550 
10958 13375 13502 10968 13514 
13517 
13524 
13525 
13527 
13528 
13531 
3912 13532 
13533 
13536 
13538 
13540 
13542 
13544 
13545 
13548 
13549 
13553 
13557 
13559 
13560 
13562 
