0 
14 
31 1352 465 13329 
932 10658 5447 10818 5797 6541 11051 2668 5876 1295 8662 4404 10474 818 11331 5795 6349 10366 5175 11016 4199 11256 9076 9472 8960 11853 10322 11991 2448 2851 12013 2957 11855 13439 605 6136 6760 11621 13110 6502 8374 13228 6642 6969 11366 12318 667 3652 1663 4800 13337 3907 13383 687 2086 5982 893 2157 5613 5701 6127 9195 2446 12759 794 4157 3471 12461 2413 6930 9289 6171 7514 12066 2883 3714 3348 8699 365 5177 2250 9625 466 6696 6852 4391 5551 1727 3183 5727 2161 5545 223 5776 6515 6512 10324 2376 2904 4027 6358 7609 12081 10292 12489 4064 5554 2353 10667 10959 11956 5860 6347 10396 5070 10180 505 8347 1511 2568 10193 488 3467 3605 5486 5824 6056 8678 2664 7418 4616 6288 2224 4814 1949 5463 7694 2828 7440 3219 5250 9613 3327 12248 3700 6968 1272 10977 265 9921 7198 10367 12203 3580 4519 3232 3583 3701 10676 5840 6336 6774 3067 6984 5471 9775 504 7136 8146 10254 1442 9640 1909 4813 5494 6376 5084 12107 731 6961 10411 3368 4888 3307 12262 1294 7082 3241 3926 301 5319 8372 4915 6584 8046 8153 8196 9397 937 11434 3079 9449 12707 3744 7652 4900 11850 5087 6579 7800 5102 7273 18 13219 5694 9493 7221 8897 2232 4975 5573 10995 2677 5122 8745 7150 9568 7402 9961 8977 10740 
133 
173 12222 1976 4647 2347 12704 4321 12053 4989 11462 3342 4266 6126 12457 833 10878 6796 7148 11535 901 2279 4572 12070 3201 6894 3109 7582 8014 9102 343 12438 1408 4882 3624 3663 1689 4402 3564 6686 11275 2452 3653 3160 7751 3734 7519 10010 1164 9795 1936 8443 10207 6995 10727 7189 9301 2908 10223 1318 2610 8634 3293 12629 887 6359 3458 9710 6886 8059 627 1629 1994 3480 9066 11586 3986 5201 6516 7697 8749 1202 4380 2156 5264 5329 628 6750 8995 11045 110 4638 1662 2141 7368 12377 3280 7765 7952 4165 8192 7876 11786 7316 10347 2523 9809 8336 11728 4238 9285 3112 4767 6810 6819 12364 12577 7210 12811 878 12037 5595 7529 11280 703 1153 1640 10675 3892 9331 766 6465 236 11100 12234 12340 3715 6209 7635 7893 4575 5852 2517 5163 122 5468 5941 9592 4409 4524 6390 10211 10435 2789 3778 3341 8681 2289 6660 5861 7203 2672 4568 3075 9990 2998 5923 1075 8039 473 5901 211 1612 8925 1899 9431 10356 163 4570 7063 7126 10008 286 3287 4466 5596 799 12754 3735 7146 2266 6816 5790 7458 7025 10707 3594 11103 12468 2470 6549 10525 12315 5784 6836 4580 5219 9549 12359 12722 6271 8361 9399 11299 919 7058 5893 11790 3507 10623 12535 1175 5371 538 7778 4529 8999 10336 11590 2804 3401 4414 8771 2811 3230 2369 11138 3546 9748 5699 10680 3431 5704 5217 5386 9323 4182 6341 2728 9923 858 12071 
360 13266 9155 12893 1627 1939 2979 12890 13361 
409 13181 6212 12834 12910 
411 13552 10036 13506 1584 9170 13265 2573 4022 13227 9519 13020 13230 
235 2406 12174 414 11807 2888 11157 1159 11683 4953 5930 11141 1249 11676 3334 3865 10295 3661 6434 3678 10459 5786 8219 4226 4502 11201 9295 11187 2842 9215 12775 3044 11122 3056 6287 8942 1980 6702 189 4581 9001 1756 9645 10131 3860 11842 356 6236 10201 2035 11018 399 10956 1535 1852 2583 7471 9981 3928 6124 6673 7300 11608 1099 3903 6207 12227 1764 4212 9697 1716 5442 4284 4359 7364 4845 8419 387 665 10021 2362 3370 8504 4220 12639 2381 12045 425 8557 9185 8442 9156 1097 9500 1563 2068 12516 1125 6701 2900 4381 2146 4847 7153 1441 7737 11025 1865 10105 11982 4241 6808 12027 3032 11813 6104 6509 7344 581 11896 11935 1399 7647 957 3482 5322 9149 9689 1745 1752 5313 1656 3970 4590 9135 12246 230 5527 8608 9692 1816 12428 9026 12678 11587 12634 2078 9884 3855 8265 3638 10485 5973 6919 349 7507 3848 8664 5542 11709 1921 9452 2297 11515 1166 8631 12042 10321 12484 359 11400 5711 11543 1564 7157 9034 11410 9384 9898 1660 12799 4837 6238 4200 9241 6280 7522 6801 10739 5686 7416 11833 539 9903 1444 2637 5182 3343 7098 12012 1458 9853 3857 7799 8258 2206 4054 11805 7724 10363 8269 12160 8344 10224 2756 6057 2771 7253 3478 7595 5288 9975 5401 8166 5598 7565 11816 585 5034 3648 8587 618 10722 12780 305 2280 542 7661 51 3009 7819 2596 2907 2114 3738 1200 4615 120 8093 563 3695 5788 10267 1480 8042 9868 2850 4185 4775 5474 6552 233 5756 2220 3246 3748 7811 586 4072 10893 11737 9537 9553 4738 5748 5617 8357 5737 7917 11874 3592 9860 3904 8329 9612 11002 12448 5147 9887 5839 8106 6619 12021 7028 11118 4741 7151 8253 11772 12740 6596 7419 7397 12260 1675 10976 9736 11785 6102 6261 6557 6963 10890 6239 9930 7725 10513 8190 11612 3815 8266 5831 6335 6373 9603 11349 12483 5758 8045 7392 10858 2198 11973 102 11595 12169 158 5347 831 4298 954 12051 2324 4901 6446 2158 8264 9943 324 5938 5520 7204 10146 5575 7138 10000 11396 591 8870 604 5922 6018 10539 1490 7171 643 3969 4192 11546 11651 1540 9244 1503 6345 2186 4477 1346 12960 2461 5767 4394 4608 11829 2487 5124 7481 10051 2163 3782 4681 6834 1724 4759 3085 5690 5843 8501 11104 3114 9262 398 11837 58 11675 6301 7525 499 6725 7096 8120 5594 7327 1720 2986 3081 6743 9668 8375 11192 13244 1664 10461 6196 6423 2320 2992 2028 5307 7979 4406 5271 210 1120 7867 11314 3772 10814 3248 8563 13088 6937 10645 12942 2827 11273 574 1785 12567 4661 9466 740 7029 2294 7280 10911 8969 12093 11011 12136 
523 
734 
789 11362 1533 2577 3711 10832 11761 11934 3385 3977 2975 5804 8772 10468 1515 9086 10901 4489 7247 5392 9051 9924 429 1021 7852 8894 3024 4680 5107 7439 6988 12477 1956 7628 4619 11465 535 3240 4079 5576 759 5273 2041 5252 747 5441 7149 3098 4317 3379 5152 6202 11270 7551 11558 243 354 5525 7069 302 9115 1022 12525 4162 8831 432 12322 3392 4008 3139 6934 9861 6279 12251 7459 10615 142 4642 6072 13014 13038 9550 10580 5883 10753 8603 8881 10305 10453 1680 9885 4124 7023 5101 8486 2080 9523 9638 12520 12630 259 7615 3608 12783 3104 3264 250 10404 613 3530 1410 4623 6791 8076 3544 11897 2058 5356 1754 4977 434 1758 361 554 7050 1726 4891 4974 9676 7020 8625 971 3675 13443 6682 11032 7543 12539 7970 8007 6581 8218 3621 12515 1312 6199 10530 655 9967 2988 7234 10009 45 6495 7885 6006 7342 3207 10098 8250 10113 73 7695 6326 8750 6438 11166 900 2601 3885 4324 33 2995 4751 1875 3091 6838 6554 9100 7985 10526 303 12113 5583 7064 6977 9567 1406 7359 4364 5282 12441 98 6649 6193 12186 1883 6678 3818 8307 5120 11568 9687 11693 2290 2832 4154 9013 5526 10017 1169 9064 3462 8740 11932 5757 12191 7901 8147 13133 4348 7972 2617 6704 11372 7563 11089 5974 9344 1894 8833 2781 11712 4544 12182 1975 6323 8753 369 408 1771 6606 3569 12812 949 5648 6258 11903 12381 1482 5604 2248 12469 3355 6719 2442 8152 1339 3294 6641 7102 2254 5975 11735 6310 9222 10641 7134 8173 9276 5143 9503 1738 8889 3614 4951 5049 12085 1477 2491 4542 6736 8532 1890 5380 3303 8539 3457 10588 6427 8114 11717 11922 9965 11531 6821 10614 12694 7105 11228 7791 9849 5129 7223 8986 6089 11867 1150 9079 6767 9585 546 6776 8761 11144 7729 7845 6675 8140 9933 12132 2826 7002 9544 11701 549 5771 6511 6867 11598 1307 5917 7607 795 915 9396 2095 4196 2222 11634 2733 11986 2234 5801 3707 4921 6155 12750 5187 8441 11398 9375 9629 1193 8584 8943 483 3968 5987 12496 5363 6625 5042 7371 10864 2772 5226 1225 1555 4848 7267 727 4949 9978 12581 3987 10047 10118 12806 3163 10170 3194 12278 8523 10493 6599 9365 2479 8033 11764 3199 12866 13415 8255 12197 10763 13039 590 6330 9756 12358 7336 11674 3020 12382 6860 12875 3027 12624 4946 5890 5605 8358 322 11605 1455 1600 11130 9683 10323 11984 13327 139 5962 2074 11592 3607 8790 1109 9566 830 10115 10875 6173 11136 1006 7714 6460 8392 5381 9653 2474 3963 9517 3473 9726 2112 6270 5647 6659 2935 8837 6422 8217 12108 212 3555 5018 834 9713 5650 6975 10624 8737 8769 10568 12778 3005 4395 5176 9236 3558 4806 5510 8389 9631 11771 10517 10997 11088 11514 2584 11644 9020 12668 3784 8606 9656 10720 12099 4484 7990 1538 6782 13072 3522 8175 8671 12647 2034 4451 7160 8775 1041 9979 3215 5631 12997 7600 9117 8390 13253 526 4559 10318 8760 8823 4709 8855 6458 12832 13472 4983 6406 7907 10566 10986 12305 1650 10362 6868 10861 11733 11909 7425 12521 5256 10249 4567 9731 5472 5886 9037 1902 6709 3556 7691 3632 11810 6062 8736 1576 11685 2994 9422 12760 6344 8604 6861 9263 11953 6954 12313 3376 4561 5258 6402 10333 2965 6690 12353 1038 3143 8802 12853 2917 3990 5377 5688 8142 9261 444 9897 11795 3984 12472 9571 13406 1134 10649 12068 1572 4246 1881 3222 5649 6203 7509 10926 1233 11054 5868 7524 2777 10310 383 1864 5511 11094 12443 3180 5502 1687 12232 5118 9352 3288 5709 3111 5961 12590 1479 3677 6194 6528 9053 12672 7961 9138 9798 10694 7906 11392 15 1143 2209 4232 4235 9075 10983 1552 9559 7331 8726 10320 1033 5751 7975 3062 8455 1247 2136 10270 10816 6187 8838 6462 10839 5198 10782 9652 12631 
540 5150 2555 3832 6065 7483 4106 11655 4362 8517 1094 4932 1649 2710 7457 8642 1136 8066 9744 11217 11361 1254 1328 7796 963 4481 596 3146 1725 5188 7854 6600 7349 5446 7746 5069 8589 692 12116 3296 9003 651 6480 5882 11429 715 1788 3767 2880 4292 3617 10846 2893 6170 6738 5325 7573 984 11502 1046 6047 2137 5643 2403 10286 3992 5331 5630 2503 8123 2050 11414 2176 5988 2285 5812 4553 6189 2985 7676 9928 11063 4506 6381 11936 3000 11017 3202 3851 758 3728 3974 1110 4653 2505 6691 6831 8091 8567 11671 1837 5931 10256 10457 1031 3801 10575 5719 8230 3124 3391 10053 12040 10276 11438 1198 10593 2291 4262 570 4991 11885 10002 11115 6026 10690 2293 10431 564 7837 1876 2235 5293 1597 3137 4446 8330 3934 10157 1848 2246 8593 4794 5585 5077 12158 5682 10067 2587 9391 2604 6727 5089 7875 4089 10553 278 5659 8421 493 5362 10307 10906 4733 11291 2495 5078 2658 9421 10567 4455 12579 2325 12215 3149 5404 4210 8326 1666 3649 1245 3197 10257 10972 11748 4824 7141 8648 8841 11646 9035 11747 7513 10898 6453 10519 720 4984 5565 342 7745 2964 6814 10610 3561 4907 5192 3586 9535 6469 10027 9411 11556 1343 4635 9764 2721 6539 9245 10159 12206 3529 10200 2881 8694 11329 3043 7674 10386 10938 3927 9088 8411 11212 12543 12619 310 7328 7299 7394 7217 9172 4515 8980 1672 7075 8088 1593 10589 810 3593 6318 9474 10999 12800 855 8180 1626 2377 9363 11209 2033 5888 3023 6666 5022 8813 8968 1023 4337 6697 1692 11403 1807 11345 12743 400 8543 4633 10246 1913 7426 3811 6972 3040 3915 4728 225 1961 4219 2182 11373 1822 8972 188 12209 1624 10136 12701 3247 8420 3576 9281 10373 11881 503 12062 3976 7158 622 11028 1547 2701 262 9308 
998 
1264 12899 13516 
1382 12825 13048 
1422 
1498 
6244 8341 4747 9974 13132 376 2509 12383 2175 3510 11411 3400 9932 4795 8936 929 4478 5045 5669 4018 7333 9829 1532 11566 6436 6467 7928 9435 5948 7968 4290 8281 9180 10165 12478 12718 4634 11197 8313 8805 2118 9841 8061 12041 3819 7078 11357 12739 2103 7978 10632 8427 9428 10756 151 2450 5899 9160 5998 8696 3982 6717 436 9033 5485 9618 8040 8756 1642 7662 8836 12737 507 5205 7726 2091 10143 2489 5633 4871 6025 6587 8231 3395 5121 5484 6174 9909 599 13139 722 3793 6014 5762 8912 8108 12467 10642 10719 6028 9929 10195 11200 239 800 2111 12673 9808 11916 2131 10860 3704 12537 1731 2603 7532 9845 2515 3004 11436 3687 5787 37 11099 2846 7546 12451 152 5409 6449 10480 2821 9288 767 1142 6965 5210 7378 8948 12202 4660 5215 3995 6342 1941 9403 2017 11978 11460 12747 4073 11800 9686 9716 11498 12140 108 5557 7081 7492 11266 11787 5755 10392 9092 10272 2799 11165 7638 8595 9005 10600 3599 9220 4003 6618 10424 10807 2879 11841 972 5738 732 10592 1212 5865 3100 8857 1787 3716 3424 3879 10293 3191 7835 9788 7785 11365 11797 1513 7564 4224 9528 6629 9819 8396 9699 6264 6274 6941 8525 5754 12039 7011 9381 3600 8890 2692 10149 2718 10512 6178 10637 6317 12304 5532 7687 11769 2766 6639 3792 9278 64 12774 8060 11020 11959 4463 7636 1158 1231 2098 3045 2316 5769 5284 9322 3916 6133 12700 378 2104 5562 8463 9708 11533 5708 10394 4115 11382 143 3672 921 11464 4598 12501 2875 5936 5255 9321 2021 3727 3779 4958 7886 8558 11492 3119 10994 3223 7900 12419 1750 10186 11229 6313 9059 632 2016 5303 9455 7055 7750 4306 10062 531 2552 9822 10221 5055 10731 2730 11478 6095 12594 28 10061 12541 6048 8586 9004 8733 9650 12435 5679 11235 11945 12110 
1683 13287 13526 
1761 
1974 13065 13223 
1989 8815 
2022 
2177 13071 13168 
2443 13191 13401 
694 9870 4015 7012 9946 10967 388 1287 8308 5844 12048 1228 4910 2286 7934 402 1332 5513 11489 2215 2411 6148 8322 8020 11844 2105 4799 4467 11854 2395 6045 10666 4617 6917 4639 11274 2216 6824 8397 3189 10796 7627 8260 3455 5722 11137 6139 6321 7632 9647 9745 11173 11446 12406 2581 5249 5958 8779 10316 10344 2122 12564 2508 7261 4752 9111 774 9200 11517 12275 7596 9991 7130 10515 606 3388 3637 11508 2679 9633 1351 8211 11468 5158 6850 9609 10056 4532 11448 5295 10389 7443 12087 275 7377 12708 916 1965 7920 10111 9762 10915 3729 9368 4866 10491 2755 9027 6899 9740 266 10463 12063 3523 6700 205 10384 10682 7376 8489 4065 11096 2330 2778 10802 12224 9145 9876 9982 5563 9223 1914 10639 8465 9168 6298 9343 9856 11981 6351 12494 550 11127 6032 11109 446 5068 5712 6160 1475 10745 2464 6931 1886 3936 12368 3190 8547 6650 8670 12291 3184 10171 10979 11687 2245 11282 2633 5220 8495 11271 5382 10422 9385 10668 5924 11102 511 5266 3967 11319 3898 10355 4514 4588 8697 8731 12036 4228 4927 3064 10446 12431 3537 7060 5965 11461 4868 8531 9747 10698 1128 5269 2732 6254 11135 248 3640 12574 1777 4973 2654 5062 2819 4342 6752 8652 10196 11974 12814 9072 10082 197 5732 55 9306 109 8016 1013 12618 4058 4589 6030 7768 2269 10349 2791 4093 1311 11505 1032 1924 12395 7367 12491 2295 9238 2785 5378 11738 11879 739 8875 924 8610 9413 9746 26 645 4152 6130 623 12804 762 5004 3073 4127 4425 7667 1499 7980 3171 10183 5142 11884 6365 7293 326 6555 612 9162 9090 12623 1809 8117 7592 10925 576 10504 2652 2928 7358 7977 1093 12371 6407 11607 6470 8850 7894 12230 8247 8524 1296 9113 130 693 6302 1290 3068 7067 3930 4724 5138 6636 5556 7887 6088 9675 649 9949 11236 12192 12653 
2512 
2541 13032 13180 
2741 
2876 13140 13249 
186 12177 4332 5370 5375 13522 7645 13556 2356 7090 12439 6845 8825 6859 7462 11251 13004 4956 8406 13019 12150 13108 13182 671 7820 2533 10867 2126 7305 2478 6052 12689 9777 12784 10705 11669 5835 9664 6716 10884 8417 12303 4110 9739 9817 7926 8385 3319 4074 3106 4849 3942 7366 4766 10099 11243 5002 8378 2148 12667 2696 9010 10401 10612 1815 11819 3573 4155 5909 6401 6956 6964 8207 1236 10910 11110 11756 3957 9128 6628 11470 3145 11376 3178 4420 8600 10993 2094 3887 1702 7986 5997 10096 2709 8827 6818 9091 12729 8892 9626 4341 9807 4448 5920 1333 6042 3227 6355 6 13459 4441 12962 2553 7684 12365 4304 10084 501 1774 12807 1162 5640 4715 10301 13322 4045 7781 2373 4334 3428 3923 12390 5829 12937 8651 12991 3012 8685 775 13312 13353 4823 8853 13326 4215 7831 8000 12633 2374 4807 2408 6582 12180 849 5427 2712 9582 1428 7052 2905 4146 9191 9947 12686 416 5828 8080 3805 6256 2184 12165 8238 10835 10003 10375 12434 5606 6420 907 2501 2380 9724 190 7486 377 3099 10004 5254 5825 13511 3639 5726 258 2488 4372 9477 5798 10996 7034 7279 2045 6260 4236 8846 12953 47 7310 1603 9390 368 11668 2763 6215 9583 11703 2938 12026 8346 12755 7787 11746 2786 9790 2441 4436 8363 11339 1350 6989 4392 6091 3993 7957 817 3528 12336 2795 12414 6303 7262 7657 101 1432 8845 5587 7033 10414 11178 6265 13289 4095 6806 149 8640 13051 1839 8235 10388 10625 4276 6329 12727 13477 764 6521 12019 12185 2706 3958 10280 3874 9158 12981 7539 8728 9920 4301 5970 12886 7927 8485 2594 6293 4792 8197 1658 1779 3048 6670 9623 11205 2923 9630 3164 3312 5993 10160 489 2181 6578 9963 11654 13310 1385 1507 6201 2808 3802 4263 9554 1701 4508 3823 12393 4123 8637 6525 11692 29 4347 13056 3775 9970 4416 12696 4549 12488 3196 5015 10684 12208 4796 9388 4684 5202 9955 10665 10378 12982 8528 8549 2227 12611 3758 6444 4283 9810 7321 10749 2661 9838 6504 9999 3706 4853 7006 12205 6294 9068 10859 12112 1580 11706 13290 6221 7383 11108 12363 713 4044 2409 12458 1135 1713 12061 2113 11919 7127 10715 4630 7868 7216 10050 668 10088 1541 3339 1690 3612 4826 10251 3242 6869 4187 12791 10962 11624 3911 11083 11216 469 3258 4060 8128 7950 10233 853 8754 2556 6237 3250 3380 7742 2991 6166 9201 9882 940 3244 11154 7954 10920 65 11610 4705 10881 974 1157 6419 8292 11443 1918 9366 1068 6167 9555 454 709 502 1970 4094 8564 2023 9529 10026 10090 395 8906 866 6024 1619 12772 4323 5505 1957 5698 6200 10980 281 1446 743 1793 2083 7049 1218 5047 13003 331 3148 3410 3917 1467 7072 1077 3835 296 6378 8770 11574 979 11931 11834 12178 1967 12166 
3107 
3115 12836 13496 
3304 13303 13416 
3470 
3481 
3565 12909 12979 
1634 2308 1654 10458 1896 11576 2549 2861 5235 7442 8665 8800 6096 7496 12601 2955 6418 237 7983 10490 11244 394 3057 1151 12091 10503 12094 202 6923 769 12308 3834 5274 1207 5431 10247 6496 10191 2767 11757 8212 10822 2281 7735 8755 2456 6486 8360 4442 7431 4038 6481 11153 6350 11194 7018 10255 1005 5321 2830 8296 2953 3625 8690 8732 12253 2542 5043 6524 6943 1931 7561 10417 2069 8623 3058 11908 5818 8518 6769 12289 7242 12589 89 793 160 5972 10841 544 8054 3002 10564 1684 8057 9437 1450 10992 11204 2237 11625 4735 5741 6299 10042 9377 12151 41 276 6620 1531 6638 9192 11554 3889 6875 2343 8177 7088 8277 9078 3118 8573 10516 2000 4610 221 7470 11131 3297 8519 11894 8102 10187 8993 12746 1039 10175 7003 7933 2030 10379 228 8139 263 10380 8084 11618 1347 1512 3952 4479 6617 2702 5174 9082 9635 10104 2550 2575 6795 11767 8484 8988 1327 9118 10077 836 12101 4754 11642 2691 5566 4938 10080 3277 3631 1908 12418 985 1620 8239 4443 5000 3665 10407 5106 5692 2271 2676 3868 10595 3417 13454 2402 6537 1646 9953 6677 11615 3920 10990 3773 6325 11043 12374 946 7361 3888 12522 3924 4136 6240 10054 5197 6206 6352 8254 8656 10190 12089 3292 6946 12908 10219 10789 672 1831 845 8550 1935 10483 4186 7121 7248 1748 10677 11542 993 1171 2683 4082 3154 8373 268 4056 4729 7752 1321 4980 7059 6008 6455 104 7137 6826 7922 753 1257 12954 5530 8500 1917 5426 7208 12877 8476 9614 3932 8822 10236 10757 8893 12293 10486 11155 5816 10932 11808 12860 113 13015 2951 13222 13452 2046 4440 4197 6804 716 1528 8232 2196 2514 8249 12046 4223 11214 615 2107 12505 3753 6442 10922 4428 7353 7176 10303 203 4171 4413 4261 11891 12676 246 1884 5144 5167 9458 11435 2160 10937 3731 5349 59 8178 5571 7516 11549 4257 8155 136 8781 7545 8461 9039 9542 12115 32 419 3396 9362 5713 8067 11381 4454 5874 2949 7541 10066 10528 11052 1494 4411 5837 6354 752 12356 7404 8144 2892 8695 3055 7282 1855 2258 2492 9349 12527 1567 3817 5072 9132 1500 1561 4333 6770 801 3691 3233 11149 3538 9945 4854 9939 639 1002 8050 13143 10264 12373 6447 8780 9131 9665 153 181 11208 2693 7357 6009 12464 5684 7711 3445 8415 707 3284 5149 6735 12808 6415 9439 9484 9703 9751 10164 1402 1478 2305 5836 686 1539 2816 10662 10989 1817 3321 3787 4744 6087 13206 456 7594 11835 7236 8273 6275 8364 13126 68 2233 11286 9510 12840 
1912 5705 8937 7087 9804 4361 4573 609 1027 6106 9956 155 4690 3021 11380 545 7696 71 3783 7599 10924 3493 4525 8965 12312 12348 5344 5678 8125 3011 11925 289 881 481 6518 1481 4698 2346 11078 5673 9565 5721 8684 7076 12367 1856 7658 2538 3615 6567 2273 4086 4621 9184 12385 3157 4881 7071 11663 7228 8284 10571 8715 11076 1583 5435 2723 6880 11893 4669 10455 1061 12339 8071 8700 1214 8979 2775 11783 2680 4895 3705 12148 3698 8216 4305 4574 7365 2332 9901 9691 10290 11482 11913 1259 1323 6523 3587 7720 2948 7912 11915 8981 11009 5141 9433 82 9540 1695 10442 5023 5178 4797 9780 7891 12082 114 7755 9230 2219 5655 1280 11628 8903 9453 975 3746 2695 3736 3681 10037 3415 6932 9376 4652 6588 6614 8926 994 1636 4676 6135 393 4993 8626 2315 7604 746 9935 10882 1836 12720 5186 6778 3971 6131 8191 3946 9029 7803 11704 10479 11758 1100 10761 495 2465 1769 5082 1326 7341 5243 7813 12243 3301 6379 5425 6688 6958 1281 3046 10746 2251 6063 9753 5591 9506 11031 3618 9541 12189 5718 6392 97 9284 2561 7114 5056 6758 10496 5991 7916 1160 9778 4757 9083 74 1700 7508 5300 10606 285 7761 11811 2009 4707 3310 8156 123 11512 557 5032 8288 12075 1534 11341 
3730 
3766 13258 
3836 
3912 13532 
4017 
4077 12827 11459 13037 13321 
4239 13055 13335 
782 12349 1297 3965 9489 128 12531 1827 4710 11358 6920 8515 5932 10730 10704 11731 320 1360 2546 5971 6332 1073 7643 1812 3673 3420 6884 3001 4959 9448 4037 10330 5683 9654 5636 7693 10729 7730 11868 6179 7485 6123 8650 4385 11918 1217 4828 6840 8282 8544 422 4273 5016 11779 13374 4047 11024 7405 10961 1818 6414 13294 2193 9038 2438 2853 1025 4296 7706 1129 3831 12485 577 868 621 6276 53 3515 8413 7187 10308 1492 9912 245 5423 12495 5632 11301 10465 11752 8458 9487 5469 11836 12514 2055 6874 3628 10028 10791 11521 2534 10895 4745 8654 3192 4116 12504 4418 5480 1887 4495 10354 1966 5558 7911 10437 1447 6428 2077 11852 1222 7809 11538 2099 8624 9129 2496 10345 2253 2800 11121 626 5394 5641 12060 9760 12769 1775 8459 9233 11681 822 2980 12592 277 9581 9763 5696 8223 11902 910 4923 1560 2675 4281 982 5967 11544 1842 2188 9317 2689 5761 5582 7288 7690 2857 11294 7821 11181 3435 6474 610 8422 9256 10541 333 437 2580 5942 8987 12445 1562 10607 13304 1187 1778 7307 9364 2831 3364 11948 13520 4286 13489 2595 10198 2790 10408 5221 5638 10605 10640 2010 4941 5071 8450 8879 12241 5100 7682 5618 5646 1551 12124 7207 10830 11962 2405 2780 3433 7834 7191 8202 11224 815 2762 8866 11862 2340 5580 10030 5128 6468 498 6016 7152 1209 9424 1591 4265 2249 12466 1317 10312 288 1599 2214 4206 7066 1071 6844 12134 3053 9863 1804 11635 2296 3165 2510 7270 1223 2559 4548 13324 4556 5406 2337 8632 10594 9112 12153 6425 9389 2348 4178 602 4023 6785 10619 11264 8907 12155 6360 11548 8256 11637 4521 12717 3272 8306 4518 8240 8810 372 2393 2779 6487 4578 5280 2162 5668 784 2657 410 7384 328 1119 1746 1823 6396 8126 10296 12266 3047 3316 4371 1461 7291 2966 7432 7772 12163 10710 11776 5026 10949 1699 5546 898 5491 3643 7734 7675 8460 5315 11042 10903 11698 12557 902 3774 2670 6223 6708 9940 2145 6059 4682 12936 1681 4547 7721 5326 9524 955 2263 8205 12742 2349 10653 6305 12728 9370 11559 2902 6960 12998 4987 11471 4857 7727 4743 11803 2037 8082 3504 10982 447 3821 6938 9251 10182 854 8312 8666 4820 8572 2173 8023 5058 9042 1520 4376 156 1462 8820 2389 7213 7967 9547 5247 6912 10377 1464 10711 1644 2564 1851 5983 11708 3803 4068 4209 6973 4194 12795 4024 9257 5279 11207 3749 6322 3369 7345 6681 12741 1582 7144 9190 9588 736 10626 12109 12752 3777 7222 7588 9852 5531 10222 4856 9347 6222 9562 12273 12856 5006 13474 5866 9486 12703 13357 272 4838 1331 5246 11335 3501 10743 12217 12816 2063 4374 3717 11447 3386 4922 3469 3947 4458 7450 9446 11507 69 9046 7147 9607 417 4563 4084 5095 5608 1751 8005 1459 8865 5334 6911 2944 3843 11497 1575 3796 1824 2989 8692 3460 4948 497 4114 10288 12031 1329 8701 518 3720 5515 582 2646 11371 2476 10636 7740 9430 11732 12059 5614 6464 6564 7363 7482 9367 10418 11951 12156 4205 4496 10838 3739 10644 11310 1219 1790 1372 12240 4010 10570 10586 2190 6229 1805 5777 8482 1204 9698 7406 11901 7030 9254 3655 7202 9843 10242 4067 11864 7161 11619 699 8263 12782 1604 12665 682 2396 3899 4774 7382 13264 3035 4375 1522 8006 2671 3906 10537 1146 4055 8498 10991 4788 10302 49 8721 1084 12662 3813 6417 7815 8506 5341 8466 5830 6107 3474 10216 2973 8915 1101 4307 2947 7574 1040 5823 11682 2115 3315 3393 10735 3147 6452 10283 10969 206 364 5478 5896 3613 4583 6683 4786 7918 10718 10885 5194 7955 12238 12682 
942 4159 11781 981 8933 4493 11689 1571 3133 2302 9680 10572 1505 6865 4737 12072 8997 10034 10210 2247 8883 12011 4299 8829 7602 12285 3451 8646 11899 1594 2088 7477 8828 9969 12201 1829 8561 6149 12029 6183 9733 4836 5624 6184 6616 9031 3475 5162 9133 2218 10973 11332 873 7155 9468 9826 1079 7616 9414 11859 4597 9497 4113 11946 3562 4637 12272 2053 11880 2685 7339 711 8208 1691 3274 4534 8063 8404 9548 11012 3745 7814 9902 3669 12614 685 3657 9636 11670 4426 12005 3028 5687 9188 5863 8706 6272 6593 2684 9759 12493 2872 12526 4960 9246 2165 6461 2644 10134 4254 6779 6039 11672 35 1070 8804 7899 10204 2473 3212 4175 3330 6476 3710 9174 647 11940 3449 9532 6788 11477 4526 10238 6724 10462 4240 9097 5490 7252 8019 11826 3983 9659 12793 4584 9875 165 5135 4193 11441 8034 10780 6430 8998 10203 1638 6353 11298 8526 10032 100 1585 969 5173 5105 12508 1927 2838 7634 2480 4504 967 1795 7489 9907 654 11812 1932 2020 7456 9143 2229 7530 5992 8444 2018 2739 5314 5666 12043 12270 99 440 772 10748 1325 4491 515 7538 8056 2651 3251 4100 4164 5547 11315 3539 7007 10259 12391 1504 8569 8782 12687 7879 11475 3763 4587 4434 9159 3358 5395 2061 10063 3167 11326 3780 7375 3833 12771 12809 1858 9161 2997 6862 3806 10202 5766 11343 1825 9931 12384 2616 3485 6219 10234 1615 7753 3508 3895 3103 5964 11072 12010 1652 9056 7622 11338 52 10509 161 1438 2311 7895 1988 7997 1757 7575 10798 4081 4874 874 7227 9296 4930 5610 3598 5439 8571 3827 11484 3680 12698 4250 9599 7413 10452 619 978 7619 5354 7120 7782 4427 5746 1569 5053 1335 3867 4057 4665 9944 4670 10795 11284 1045 6241 3690 10673 5267 12748 2895 9012 2499 4280 7883 9416 965 9266 1059 8241 9806 10849 859 10646 5365 9036 11432 2891 10843 3761 9173 5462 11989 1118 1849 4066 4149 5330 6632 7 7338 1453 6986 4808 6729 11742 12281 3006 7292 3881 8598 3584 9457 8705 8859 10590 12410 688 741 9094 11487 1843 3520 341 5338 11513 12765 
920 10342 3037 7903 4965 7832 46 983 4140 12044 273 7094 641 877 2212 8111 3142 10353 10948 5749 6404 8819 813 3512 8512 9110 11472 5275 7666 6314 9492 5046 6192 7044 12255 7256 8621 382 12566 11530 11799 1544 10815 1556 4992 7510 8298 3083 5116 763 4325 7855 8594 11647 7303 9342 4335 6526 10325 6395 11522 5263 6507 9360 10845 1054 5241 4505 5935 5031 9526 9545 9857 583 2454 3088 679 4052 2433 6371 3268 6800 10810 8503 11680 3668 5855 944 8957 312 10635 5428 7904 512 11107 8767 10357 4719 5887 11873 3344 7237 7956 11180 80 8922 4035 10824 468 3709 5165 9564 11526 945 4954 777 11770 3686 4839 6233 6667 3591 6970 6633 7475 4722 9404 12408 1373 10048 30 3245 7653 7715 9386 1358 7598 9610 462 4410 2528 9919 1696 8213 7070 10299 6866 7296 8316 4218 11412 471 5208 2432 8073 11802 1303 7637 3407 5871 1526 3422 1117 7454 9501 1828 2717 5251 10725 5999 9792 62 1911 6784 7009 1368 10721 1300 6768 9354 8799 10608 553 9427 560 7311 8113 9134 2238 8477 9880 5240 11630 1260 5676 6762 11188 4384 10294 4577 4886 9606 10476 290 10946 11875 11985 6049 7520 1239 8359 10697 4470 10805 4412 5675 11203 1393 9210 1765 2829 2731 2974 10974 7757 11422 2834 7008 6141 10508 112 7523 7560 9805 121 8628 7659 9915 12394 441 2082 4558 4369 7421 8930 9062 9833 12131 7410 7965 5847 8085 917 12409 491 1933 2185 7077 10450 1137 8708 3409 9293 4059 5906 9442 8882 10647 4358 7238 7601 11161 12534 1156 1370 4887 8502 10556 11106 7407 11577 4344 10229 9878 12194 3762 10359 8643 10087 10613 4843 6216 4768 7046 7428 8901 12341 1919 11921 428 11070 509 1728 3039 3642 9803 363 472 5190 2687 4718 1048 3346 5225 348 1030 4996 1429 1653 6966 12258 1633 4784 976 5066 1012 7106 9670 12114 1026 9573 6367 6685 1543 7590 7862 4883 7987 4460 8467 7004 12187 217 7246 4842 5283 5097 7403 1345 10717 1104 10464 559 7973 3036 12328 8185 8215 3206 12018 588 7118 2921 11845 3921 8137 8186 426 9073 6306 9586 9434 11222 12334 12437 1430 13129 1465 1763 2570 5030 5946 8748 13343 3601 10652 4622 13147 6472 13111 13274 9239 13448 1116 7930 12009 8592 10402 3527 8856 620 5001 7168 9536 10421 2835 3071 3954 5995 244 10059 13530 2605 3914 5516 7265 11878 3349 11428 2202 8109 5213 8395 10232 13091 5827 11455 11503 2645 10425 9869 12321 11223 11404 10011 12172 816 6703 4812 4988 10602 6069 6101 6195 10044 11323 970 12738 1176 1203 3495 11302 5907 7133 640 6227 1181 7260 1819 10985 12378 1821 4269 7931 683 6186 11385 2560 7500 36 3282 6594 11427 12183 1289 9274 4363 5003 8909 12161 9124 9972 959 11870 
4656 
4712 
175 12297 4773 5870 7396 10072 3283 10138 6040 8659 8717 12274 2729 3265 5204 11480 1338 2096 3326 10935 7671 7688 1916 4523 2884 8171 6952 10338 253 5094 8001 1011 7567 336 1177 7340 11456 4128 11664 1401 11656 1355 2806 6036 6405 952 2272 1425 6558 12627 168 4787 11792 6413 9445 8941 9141 3842 9326 2124 4995 10167 12723 42 7701 8246 11160 524 6295 12073 1874 6846 1972 9234 12143 12154 4969 7179 13131 2632 12677 486 8824 5846 11950 11954 2211 5507 8035 2930 3450 3935 4208 4605 7629 4062 12430 3086 6967 8537 2483 8405 8555 10850 4658 11167 1973 6749 13423 7184 10954 4456 8062 1838 2599 3863 8657 1992 9496 13164 1735 11929 4222 4659 5736 10100 1986 8978 631 4373 8585 918 1958 2172 6285 2213 2608 9677 13394 1322 10821 126 3737 12335 13086 1419 4944 3484 3609 892 4382 12022 5413 9911 10133 7104 7718 2255 7351 3347 10562 283 11082 12407 4985 11553 4336 6175 6013 11653 2412 12669 2318 10243 11184 11924 140 1845 9712 569 2447 2722 13021 27 3034 461 1090 2638 12006 3331 9214 6527 8876 2792 7583 3132 3423 7572 12361 1937 5458 11221 3468 5960 2623 9705 2276 4255 2783 11304 474 5499 6286 6397 6110 9022 10638 1782 8540 11906 3708 10599 8013 12813 911 9830 5429 12724 7294 7422 2189 7942 2544 8996 6609 11886 2236 2261 7429 10713 11191 2636 3994 7585 8053 8069 9081 12803 3269 13063 4702 12943 4295 4914 5287 9057 7605 11226 593 7655 6694 10584 3635 7577 980 6711 7091 11066 9320 10960 6568 6626 6640 9339 10469 11838 12249 2527 4628 8352 657 2169 6706 1888 5448 10629 8994 9260 12298 5291 11004 12122 6108 6249 345 1096 7108 9380 4248 7230 12596 7142 10547 2624 6536 8244 11313 1747 2625 9597 11814 10 350 3627 3320 7320 2740 4474 3699 6624 2385 9470 811 11562 7346 12540 3185 11780 1330 6766 13211 5848 8332 1611 2576 11003 2494 5236 5276 8918 6896 7381 8236 8579 13024 5570 10466 2081 3318 13235 656 7910 3373 10617 6506 9465 8816 9280 7297 8896 4641 6408 724 8428 10518 3908 5155 7235 2240 7289 3306 11458 3838 8966 1978 5259 2002 5856 2 8310 1113 6705 11179 3089 6339 12749 3389 6431 8920 3252 9576 7544 11467 4785 4840 5285 12635 1337 1808 4188 12615 1968 10573 4833 11532 12319 9401 9663 11796 733 6783 10339 5553 9197 7487 10449 11058 11408 5212 6739 9709 11132 12792 2372 9463 2382 10856 6510 8290 3809 4432 2210 6556 7478 6990 11230 689 5849 2572 8959 5514 11309 9995 11969 5959 11386 13042 1087 7125 12142 10391 10706 12692 7810 11578 10670 12753 
4964 
4967 
4998 12896 
1893 11405 9755 10169 3808 13066 1080 8867 9325 13420 10543 11036 70 2357 2187 3087 4885 9071 2642 13212 183 4287 10130 207 3261 3208 12597 3856 7372 2943 3374 6773 6991 12366 3973 8161 5627 10933 287 9305 6334 7702 4315 8304 3945 9589 10156 10609 11983 2003 8817 11240 1056 12014 3950 4835 3999 6722 4734 9590 3487 6011 7278 2936 8438 3486 12862 1057 1445 11627 812 3610 10163 5048 12607 1610 9743 5433 9011 5475 12433 129 6822 2752 4302 5539 8675 10102 1359 5807 13193 1755 9730 4322 6121 2204 7689 912 8963 12901 6454 9832 6927 12096 3092 8403 7453 8325 3498 9198 1190 12323 3309 13221 2043 3810 2569 7668 1270 8377 334 9997 11426 1955 12699 1749 9570 9151 9738 9837 10005 255 2191 5090 11871 12636 5451 10837 1963 6999 4308 10217 11419 5537 10184 2606 6015 534 10441 2713 3633 5113 8278 931 3042 589 2398 2634 11267 1999 6610 4005 9719 1427 7258 8774 11311 1388 12003 562 8418 2171 12656 3864 5455 10035 10237 6163 9959 1959 10351 10393 2334 8682 1468 12768 4950 11092 1488 9373 2776 5438 9646 11091 4048 12705 1737 9890 12423 9891 11777 12620 6644 11146 201 519 7913 3072 5981 7549 4429 6363 9992 10633 11259 12277 2049 2317 7206 1284 3894 8226 6082 7580 10693 8366 9968 2688 11249 3630 11093 3985 10520 4662 8720 4906 9926 4006 5137 5873 1105 8181 11851 5139 8985 6757 9715 12585 4592 5979 10899 6755 7093 12168 12551 1003 3839 3664 5584 6450 12486 607 11798 2513 10723 11518 12342 4552 12442 4245 6315 8096 11992 3161 5794 9150 11342 5661 9673 7474 9255 10692 1648 4924 8929 9602 93 2667 10430 7943 11744 10776 11883 575 10866 12400 12499 132 4551 4388 6661 430 4541 10688 986 9989 872 889 1734 11407 3540 8203 1052 5859 7424 2586 4618 7040 10127 10582 6114 8112 13354 2439 7792 10089 7317 10306 10750 2386 10655 3853 10241 11580 3902 8462 3829 10014 10703 1862 10831 1987 4107 8279 7823 8916 11112 1170 13050 4142 8199 5424 11759 2598 8746 3441 12455 1058 3696 1029 5607 1493 7061 3076 9125 9408 4899 13473 7804 13101 7174 13044 12023 12821 11253 13053 765 3434 7692 4423 12320 2565 5076 8510 7591 9818 1714 8516 3849 10685 7555 12646 4586 12017 1020 7269 804 8553 449 10176 4453 12453 3919 6742 10168 10289 2358 4798 292 2543 8340 9983 11255 3214 11150 8704 8796 9918 10214 10801 11710 5496 9594 11858 13534 6598 12092 9355 9694 947 8261 3403 6951 3873 5060 9488 1596 11688 968 10484 4663 11139 1517 3554 4389 8472 1418 10950 760 3603 10287 3776 6881 12731 2562 7936 6832 10916 11641 
5063 12882 13293 
5079 12883 13009 
5203 13034 12568 12965 13277 7863 13508 
5228 
5277 13052 13220 
5308 
5211 8529 5900 11665 3397 11585 3636 5436 650 1915 4672 6982 5352 9515 5296 8037 6099 6873 7386 12380 5764 11039 3483 4253 9781 10661 10844 11352 209 4919 12454 2466 2878 1283 6825 10908 11029 63 4031 5481 2742 10279 2359 5248 7806 2855 10153 958 3399 2628 12352 9 6023 2592 10040 11169 4896 6369 11038 6531 11444 11529 2822 5538 4739 5449 5168 6563 6501 7274 8110 8542 11125 9194 9557 4893 7330 3211 7212 9247 146 5407 884 3790 3236 6635 11246 5098 8618 12256 9292 9298 227 3438 2761 8449 4444 5599 3477 4721 1486 3158 435 5369 1590 11111 500 2370 2268 4462 5196 3684 7398 1850 11666 2932 5432 1069 6224 11941 5239 7022 11001 11589 1035 12280 522 4217 8724 5552 10039 1183 12450 6924 8154 11375 11123 12064 3425 5489 12560 7334 7576 2954 3299 1645 5028 1516 8299 9509 11649 116 5752 137 6925 1625 11613 625 3270 1920 10125 12245 172 8064 11451 7016 10438 256 2525 4677 5905 299 12345 3456 4163 6138 10872 508 1835 5879 4021 8402 9382 1024 4494 8031 8429 11328 11633 3900 7669 821 2071 1310 11825 2287 2814 3922 5703 6118 9041 6152 7385 8607 8803 8974 12654 5389 10784 11333 11699 475 2609 5753 8613 11745 7123 9015 9402 12559 24 9619 11912 2903 3026 5017 8083 9913 242 6613 11778 9462 11026 991 9196 6154 12598 1659 6878 3732 11288 2310 5265 4370 5660 6073 7374 697 9823 1186 8674 11055 11801 124 2736 1010 11695 2360 7624 744 2109 9754 843 4259 1844 5522 6763 10298 935 4229 5148 6012 3054 7889 3740 11176 12330 4419 7329 3406 4981 11760 78 5651 5792 7603 7847 10078 10671 9707 12199 5020 6387 11938 4102 12388 1235 2582 4600 7312 11463 56 9666 2440 9530 8869 9212 1846 9644 2064 3492 4069 6079 9300 2252 8287 3338 7704 2087 4920 9021 12735 514 6010 3751 6505 1786 9483 10328 3060 11152 8905 11622 3436 3559 1195 9721 12034 2019 8398 3713 10988 3213 8521 5601 6627 1733 3014 4890 7467 1390 1990 2557 4565 3200 3446 4471 3266 3459 864 3494 2969 8538 3361 8777 779 3548 12065 3238 6217 5976 8047 3517 9040 8962 10284 930 6797 5393 8492 6151 7164 10081 2548 8315 12144 1489 10806 2147 5244 2753 7322 8274 2205 3955 3170 6426 7219 1380 6612 11219 11766 12583 12702 1473 6542 5305 11636 2540 6146 6424 7154 10751 2014 3437 11084 6929 11418 3311 4631 3966 4075 7417 9643 3804 11363 7354 9674 11067 3589 7156 3997 8447 9030 1506 11773 5092 7232 8141 4190 5996 1820 7686 1630 3472 2481 6266 8575 12421 3654 5195 2025 8788 16 1877 2300 10529 2770 5323 4870 10225 3754 9299 6185 8778 9779 10489 533 10337 3235 4678 8663 9499 12137 4399 5421 11010 11794 9986 12128 2511 10557 8425 9418 9346 11603 5454 9432 6803 11905 2504 3980 7254 7919 12415 9023 11856 4689 9485 7092 10852 5875 6327 8369 12126 2092 4111 10628 2042 7014 1293 9732 1014 3797 2475 12523 8087 11575 9269 9336 8305 11501 749 7039 7625 10630 12648 2870 6054 5677 5845 1697 9312 796 9179 3683 6721 8356 10909 2498 8954 231 7181 6429 12503 4170 6385 846 897 9883 11616 6885 12141 8716 9889 12544 7700 10714 4437 9166 1155 6592 8401 2747 10370 12229 4085 11509 666 11048 6300 11285 178 6119 12015 4760 8548 7762 9476 3257 11037 5663 5969 10803 4696 6900 7031 8099 9789 
5483 13254 13319 
5540 
5619 13338 13417 11014 13518 
5977 12948 13426 
521 13081 6097 13187 
635 3335 3432 6311 6535 8620 4624 10235 21 895 2673 2351 3685 125 3658 4252 6544 10963 11727 8991 12492 1278 2824 1060 3136 5536 7858 806 2820 7802 11336 2391 8478 5312 8351 8683 11789 105 4088 5581 4879 6113 9925 11068 6304 7984 6747 9330 337 966 5324 9765 10275 12211 5125 7946 3362 3536 5978 6799 1043 10870 3532 4080 4758 7313 2195 11528 1366 7587 7225 7277 11804 12402 2867 8667 6928 7323 4497 8174 7915 9016 10857 11821 4816 8914 1934 11491 1285 10902 5789 8095 2839 11453 2894 2971 3352 4270 7010 1953 7830 5316 10346 7517 11044 5796 7537 669 8562 913 10253 3844 4841 5934 11234 6356 10335 6071 7201 8479 10565 10773 9811 12317 4925 10853 10892 2051 10889 2615 3692 5083 8275 11272 6320 8184 327 1405 12102 2939 9417 4314 8371 2859 2877 66 5206 5639 1309 6165 2958 7633 4158 9905 7597 8493 9504 7754 8742 5 1882 6132 2424 7042 8826 11724 3101 6936 8248 3519 9283 10006 11086 3120 7438 10545 528 6754 3741 4258 10033 7710 10561 5012 10058 9516 12171 4457 4986 4445 9632 4771 11736 1773 9480 1635 4177 1042 9634 2013 4793 2179 4105 3694 10018 4876 7135 1036 10314 9987 11907 10620 12405 12604 805 4148 8439 698 2306 6176 4230 12675 1349 12219 5059 9767 5317 10112 1383 10868 4053 12776 8036 8938 315 8888 2101 12259 2341 5707 7511 392 3626 8025 3616 6733 5700 8435 3411 11942 714 10840 1710 4326 5770 6248 127 4403 10371 90 8580 241 9531 6950 10029 829 2486 8711 10023 240 7196 2807 8348 11245 11378 4943 9723 6833 7243 2329 4779 5041 10621 6375 7074 10521 6662 12181 8164 9727 338 12817 3141 3543 6343 4620 5664 771 6693 738 3030 6569 8221 1304 4135 6080 8431 8453 742 3541 9089 4540 5578 4818 9048 2132 5183 6532 10648 5351 6882 9273 9615 12218 12640 118 4651 4736 9988 3291 6876 4748 5039 3308 7051 6841 9116 3239 12001 6680 12637 5504 8895 5025 11923 2371 2996 6466 5672 9121 2743 10140 
6197 
6252 
6267 13512 13550 
6411 13362 
6499 
6712 9258 
6786 13471 13501 
6839 13067 13379 72 13333 
6897 
6916 13077 13519 
6940 
5680 7015 11890 
7036 12857 13078 
6308 13116 7111 12983 3941 12915 12973 
95 8807 863 12721 229 6398 12462 1929 10239 3939 12083 520 9333 798 4277 13546 3693 8611 996 1404 9052 9311 11367 12819 134 1392 10874 1542 2192 12233 4329 7112 2277 9085 10500 3102 5689 7826 8590 3286 6333 9934 4486 6898 7000 7816 12802 2328 4554 5332 8513 12237 532 3031 4999 9825 5805 6939 9122 12487 6895 12268 12386 12429 403 4349 6789 13376 357 2339 11999 1397 11877 6879 9120 8440 9525 1398 12420 2207 9369 8317 9231 3229 9348 4869 10420 9859 13106 7870 9839 13398 4139 4417 7663 10611 11609 1548 6985 2459 10664 11570 4202 9801 2961 9018 10601 7188 10687 380 3575 2896 5345 5609 8908 81 11679 2593 12777 490 3351 5035 1906 8075 11056 12324 457 4108 5637 5898 6491 10079 412 7001 8951 9847 10332 11961 12612 1796 12354 11218 11793 1879 3427 7614 3929 5081 10712 4480 9846 10700 4720 9855 12691 1173 9025 1374 2929 12730 1904 2449 4693 10123 5541 8242 4285 7589 214 2401 6456 9617 3125 6500 12789 953 10848 11848 7043 11774 2686 7264 10579 12398 1811 4289 294 9105 4533 5729 8115 11356 3224 4173 9208 10340 451 11930 10413 11557 888 12310 9387 9834 3518 4225 1106 6580 1707 4011 594 869 4293 6158 8172 12490 525 1670 10534 450 4764 10919 962 4297 2655 6605 7586 2889 6731 5574 11231 6971 7139 7412 7449 220 6457 6910 10188 8806 10578 11312 6864 13479 1062 6307 6871 1279 4050 1767 3937 4207 5044 11488 13543 648 9279 2840 11527 9060 10817 1729 2802 5512 3488 6689 6759 3110 4688 3940 4244 9224 3426 10268 5355 6674 4539 7287 9842 10494 431 1706 8229 3641 9752 3872 5904 2303 2738 3909 8970 584 1000 6630 5768 11788 171 3105 4511 12659 1098 7259 2703 10381 4340 4351 1527 5740 455 2288 7308 7469 4282 6637 517 7681 2516 10550 2833 2836 5013 10786 8597 10934 4090 6646 13114 8163 11686 3500 13336 5309 8368 11232 1712 11832 7795 10577 4667 12097 3795 13141 1471 5099 5223 8423 3820 12641 3453 11065 13215 317 4809 8009 1434 2151 2259 4092 6634 3667 10121 7388 9193 10064 3221 10928 6851 11561 5984 6037 8851 6331 12052 2047 5272 3452 8309 11673 11739 2460 5949 8913 5164 13278 9658 13285 9704 13372 448 1028 6734 6282 7769 6053 7812 4227 13412 
7356 
7476 13429 
7490 12839 13195 
5343 7639 
7642 12933 13507 
7673 13334 13523 
7680 8507 
7738 
7829 
597 7455 1964 5867 12333 484 6150 1242 12553 7304 7749 2524 5434 595 4770 11421 600 11344 1910 2910 9451 12733 2223 7722 6730 10052 2866 4264 7038 2758 12447 3116 6597 4122 7833 1469 6128 1578 2143 2301 7898 4918 5390 9522 10471 4716 6772 9265 5775 5779 9127 12660 2260 4338 10013 5399 11040 10834 12216 5492 6793 10737 7641 10135 4509 8764 5398 10109 6887 10744 2155 7380 10364 12343 3128 12628 11662 11667 267 2858 2911 12625 7414 11751 2817 7670 12252 3 3582 10535 1791 4564 8723 274 7969 5851 5908 6723 616 9008 2690 5500 2436 9359 10045 10128 11369 783 9009 2600 9063 5014 9337 1074 6412 117 4546 3718 6817 11098 856 4867 6262 10291 6340 8259 7890 8135 2567 10767 12664 1508 8169 12016 1922 3204 9577 11374 4928 6566 9473 12561 2711 5781 5336 9774 7190 7276 1452 2854 12684 187 3634 3824 12679 5452 6312 6384 8379 3931 8051 9043 11958 4001 8939 5115 11163 7793 8343 617 12030 10758 11254 5368 11980 2536 10341 2275 12709 2522 10930 3883 4844 4822 4933 5717 11239 12565 2038 10672 11348 6815 7194 7185 10319 11822 11027 11085 2392 6820 5656 5850 8183 11555 5910 8534 710 4169 1336 9669 11008 995 8505 5806 9335 3581 9061 3173 4002 4007 6117 12265 4121 7991 10887 11571 12338 2231 2919 11967 4516 6182 3875 7318 8599 8832 291 2920 11988 10179 10228 11420 371 7499 11599 3135 3910 7824 3237 7110 3175 12459 1334 4607 6046 4291 6551 7699 8864 271 11297 3159 10689 7170 10914 2283 4213 12690 3063 7347 6393 11545 12193 6433 9139 2154 5616 8786 2749 5230 8070 7054 10304 10854 3093 10883 4699 7982 7409 11765 712 2313 9977 6901 9077 11582 12223 6153 10772 7005 8032 485 4643 3065 10702 1518 5388 7433 9482 5817 10447 7192 12269 8094 9696 9722 676 10957 2458 6809 10978 4952 6780 12344 8801 9406 91 5763 1608 12025 3785 10536 12480 4488 9498 510 9671 12801 3279 13340 6416 8605 10263 12685 6835 10213 2602 8752 12510 3814 11128 12002 3479 12228 4889 9327 9309 11401 1470 4571 8904 12934 1273 13311 790 8394 10240 4131 7938 4968 13539 4926 8362 6205 6451 1123 8003 10736 6374 10945 11388 332 6906 4935 7086 2860 4198 7728 9356 12657 860 3547 6391 3216 7521 8079 989 3742 9303 12532 5292 9604 827 847 1051 9007 9186 5534 10511 9628 10869 3886 7856 9587 7996 8445 681 808 7427 480 7117 7226 12587 9014 11140 1072 10828 1496 9243 
264 10277 755 9877 6051 6530 646 3019 4929 5567 1258 2024 5854 13136 1163 10075 10445 5710 5880 691 1523 174 2477 3387 5809 7914 8451 11750 2724 3551 9248 5559 6892 9688 10091 10650 3325 3595 3951 7048 12805 4855 11390 4256 6007 4976 5154 11584 5521 6548 9419 12225 2653 10162 6751 9888 1577 5320 7037 1854 9596 7518 10538 7200 9479 5412 7763 6292 9572 5833 8376 9154 1466 2032 1665 8354 10031 13095 1705 3830 506 1718 9844 316 8719 1324 2005 5929 2529 3724 433 5477 8041 761 1686 1730 8338 3174 8952 4438 11233 1889 7712 5136 7401 8891 10765 1830 9314 5108 9569 1868 11047 1595 2208 5233 4216 9286 1928 3597 8251 284 6255 12736 4781 8220 802 12125 2813 5800 2909 3506 4649 8416 2194 4528 1440 3647 12284 6744 10585 11368 3275 8707 1008 9351 3122 7244 10369 10498 6394 8848 6156 7948 8984 5611 6994 5597 7944 9772 1089 8872 7945 9520 10258 10696 5422 12787 8182 8691 3869 8886 6748 8262 8976 11677 1741 2119 8971 10900 
8234 13047 13368 
580 2720 2882 5134 4350 11469 2678 2933 4051 9886 5054 5913 10103 2079 8818 776 9436 936 11263 6232 8612 11734 2008 5130 4195 9171 11393 421 2040 1814 12507 1141 1948 8237 8762 5065 10383 1926 11970 13030 1483 7770 4778 7373 8757 6169 12069 927 9412 11171 5461 9136 9177 5653 10070 11831 1108 4550 4811 9228 12121 2852 8932 1377 6764 9187 3169 5956 9217 1550 6067 3703 4061 4331 5278 839 1895 5715 11347 3975 7579 9461 10514 865 4897 6228 3322 6980 5517 6915 2031 11550 3295 9456 7162 9164 1711 3596 11964 6033 6837 11174 2906 7113 9910 11030 138 4439 12446 1367 2699 12244 1384 8204 6211 10046 1866 9627 12608 2180 13441 8195 13537 1132 2036 11060 11306 12376 2120 7209 4087 4151 2133 6159 3981 10918 871 1736 11242 11541 1067 3008 601 4449 10532 12123 2062 3332 10172 13225 2267 4097 7908 7940 9776 192 2462 13213 568 4863 5301 5731 13054 4657 6998 5543 10549 9074 12810 1221 9372 2579 7756 9786 11623 4112 9440 5299 10274 12588 1431 9980 4908 6435 7771 487 8473 1154 3943 4749 6296 1063 3825 3078 9879 4156 6889 7790 4594 11563 12086 4979 8975 2926 5479 4233 8811 2027 12779 3333 10329 5695 10836 1078 12220 1365 4501 7099 7976 3789 6120 7873 6246 7966 1451 5933 3205 9183 11828 6976 10808 3203 7441 5086 9695 11202 3662 12530 9394 9423 12239 4020 5783 8812 9146 4249 6863 5986 11442 9119 10762 8880 11450 3418 9534 3841 4972 894 6890 169 1641 6208 11863 6213 6607 10597 5716 6657 961 8468 3791 8673 5891 7257 10119 13446 1682 10604 1018 4703 10793 92 12242 2065 5652 11293 385 11643 3069 6828 2134 6540 452 11383 3553 7480 7266 12815 5262 9329 10016 11740 13008 7941 11952 5832 8132 1144 8899 9291 10331 306 4916 7233 232 6603 1138 9771 4184 11957 6035 10436 7822 12028 3337 11399 1292 11597 7026 7789 11949 4147 7571 9181 1840 12460 875 8391 492 3016 3852 1252 3880 11560 4330 11290 5156 6669 1960 5626 3131 10699 1320 7881 8289 10451 180 12517 8399 9307 11415 832 11034 279 9227 4625 9948 261 2418 6615 10158 1869 3383 11307 200 1472 4383 6403 8714 10145 3256 10596 614 4858 6362 6519 1870 2507 7165 6732 7896 9642 8089 8474 
57 1715 6085 11658 5897 7951 1537 3845 4937 7620 9328 838 2239 2312 12008 7959 12512 10049 10964 1267 9216 1797 3329 4459 6601 12711 2901 10559 2666 7584 1240 6904 2490 6679 6888 7444 10502 1952 4713 3570 6522 7869 9055 1088 8320 9639 10007 8294 10686 3371 10527 5612 6368 7057 6490 10137 7324 8209 94 12603 5126 9954 1299 11943 1205 3961 652 10212 10266 4300 11124 3878 7423 5842 6664 2425 4994 216 2521 2244 8559 218 7491 10426 1248 5238 3688 6517 4905 9579 2694 7224 7839 319 837 5791 6561 164 7838 154 10842 4862 11325 9467 11134 4803 9960 5793 6883 1923 11895 1268 8739 1979 12714 13 7488 1623 7612 11722 3186 10177 850 3590 7387 4851 10741 10913 5564 7610 3743 4655 572 6020 2327 2482 358 10660 3679 10477 10894 6520 11413 135 1182 5615 11993 470 950 2545 5169 3726 11241 3454 7995 11142 4378 6648 4686 9148 4852 9475 5918 12195 293 828 6979 3579 3645 2284 3108 7495 7677 10811 10560 10941 10533 11175 6792 7963 7504 9682 12076 1081 3094 10766 4145 5864 1210 6576 10226 2984 4668 4603 8327 9521 11057 44 4104 5171 7195 9226 5359 9543 7101 7468 2650 7446 4204 5298 6111 7542 297 6645 10695 162 10019 11406 5939 11904 1900 11539 2467 2622 3750 5895 3155 12204 307 4174 1826 4611 6372 7319 3363 12176 4531 4535 5051 12798 5697 10092 10886 11049 1121 3525 8514 8129 10297 1439 10847 5234 6319 10873 7275 10244 10094 11097 11520 4898 9324 1381 8103 1213 10904 1147 6234 8116 1102 11920 11588 12473 1208 2715 4096 8658 8794 8924 12621 2812 7032 2934 5376 9941 4522 11227 10265 11823 2597 5877 5419 12147 5884 5914 11000 2765 3514 1220 1301 8847 11493 4211 4706 8488 8738 2707 2751 4962 10953 12796 9205 9425 234 10797 54 673 757 12329 1740 9591 5268 5410 8949 3097 6692 5145 11330 6076 12306 3123 6441 2844 4645 8783 477 3013 12236 1237 1319 3925 4612 9420 9973 2662 5548 11976 9608 11346 1632 7664 2682 9783 1443 1598 2026 4827 10552 1722 4990 2618 3988 1184 1998 5590 12710 6790 7743 2714 4555 12655 2774 9580 10060 2326 4510 2659 6684 10132 11824 5519 10174 2757 7263 2304 10155 167 12100 4685 4769 8792 11715 1485 10563 5928 9471 3567 12452 3259 3682 7283 7535 4894 8098 5153 11536 13118 3271 10086 2394 4674 8017 9984 2497 10374 6497 7505 13364 9552 12133 476 4430 565 3513 9782 12712 269 10981 5443 7177 6508 8854 5214 6577 3461 3949 12652 2426 9862 3080 12118 4939 8270 3862 11640 4004 4019 4802 3588 6574 5927 7884 4393 10400 11431 1530 9209 1265 2843 4133 7131 9714 1055 2472 9750 1277 12300 1308 3721 4030 6147 8335 11261 5569 9814 11007 6699 11445 8295 10399 12331 3289 3876 6513 8874 2981 6714 7656 5579 6997 4237 4683 4134 7437 3768 12571 4821 10317 4251 9533 4791 5261 5286 9253 3602 8021 12849 7035 8655 3620 9701 2149 4566 5360 6386 10433 10456 1411 3552 4316 4903 7445 12562 7100 11164 17 4040 6570 13563 555 12891 4604 9478 7559 9937 1256 10015 558 4732 9735 904 8808 318 4963 13134 9546 13251 1579 8078 10095 11133 12296 2428 11534 5903 11997 1588 5465 9109 5658 8602 
8615 13105 13238 
2815 12362 280 6041 8649 1946 4864 9398 11977 551 2841 1545 11524 2342 9229 3972 6445 6805 10428 12987 826 10891 13433 150 4356 10178 3015 3489 10923 7744 9538 9395 12079 13267 300 6471 7848 933 1880 4666 6066 700 8898 1115 6001 12404 1412 8382 1414 9914 10129 1657 12761 1282 7685 8446 8729 1798 12264 12622 2970 3210 3651 6399 8188 8722 1863 5037 10912 7788 7827 8303 10966 11350 2264 5586 5096 10313 12355 4557 7554 467 7794 718 9176 9737 11846 2648 6140 9297 12316 7352 7389 4697 7053 5622 8763 6283 9065 496 1371 3933 5088 2139 4755 9641 427 2067 2619 3070 7801 9894 12350 418 8552 2750 7528 1744 10943 3828 8475 3254 8630 10065 10409 11968 773 7479 9758 2734 3953 5592 6291 8887 8917 10352 10790 12670 166 10998 4014 7197 6204 6432 820 10955 556 3890 1698 8257 2968 3629 2130 9130 3771 5304 7348 5294 8412 4500 6388 10041 6090 9019 2574 7760 10269 11500 7250 9648 12314 5728 12411 
8710 
1139 8730 12887 
8797 
3419 5024 9556 11519 1340 9502 2797 3535 7759 1426 5021 159 8554 8809 3228 5373 12387 6000 6257 8741 9024 304 11987 3503 7435 8176 11551 329 3162 6081 4801 10142 1145 2335 908 8689 9957 10769 11971 6583 10440 2344 5372 8471 8776 3144 9593 10709 4829 6129 7842 12145 3182 11269 13455 9316 13400 792 2918 5577 11316 12616 313 6188 11755 2744 10126 10285 12456 9310 11537 4562 7780 7872 11955 5010 12397 5724 6494 2890 7660 11660 3712 4120 194 9235 8349 12650 1661 4009 8030 4593 10343 10877 11995 1867 8862 8072 10917 4386 4850 6316 7335 8365 9426 5878 11090 2144 6225 2270 8393 182 2849 2641 2845 5635 737 3770 1211 1369 3082 3545 8627 4902 11721 5061 11022 3366 6543 5310 8010 6338 11910 2400 3465 3962 1435 12033 729 3188 8426 4492 9189 39 2166 407 11768 5524 7650 4780 5029 6753 9793 3870 9199 661 5773 12649 12818 4091 7080 8570 8601 9624 8044 10189 701 12444 5109 10227 10309 20 11021 4815 10603 7828 10068 4942 6602 7964 6718 8201 6955 9000 4955 7665 9718 10194 10361 323 12372 2242 13325 60 2526 10434 362 12465 2705 6621 2159 11283 5498 8958 1131 8049 8225 11015 1847 9655 8591 12538 386 11723 11926 478 5857 3866 11564 751 4025 6959 9812 5346 6974 6922 8878 4243 12392 157 2719 1044 5953 12680 423 1944 12287 5602 8617 199 8868 11061 1484 5951 12337 7286 12790 4517 6802 7370 10460 13179 7766 12770 13057 2345 4041 8669 9340 8026 10987 4646 6855 9163 11198 7290 11762 3938 8494 2355 2922 3439 5052 13040 10069 10738 5760 10939 10025 10760 786 9267 6038 7420 2956 12576 990 2299 725 2847 5374 11193 5091 8758 1997 5945 5385 8527 1803 5940 2818 9828 706 5227 3357 12054 3826 5623 2591 3066 257 2993 353 5628 6807 7199 11784 12327 10350 11486 879 12058 2663 5085 4267 7390 2150 6297 2571 4727 8105 10598 1342 10074 4723 9578 4761 8267 5881 11206 977 7451 677 5759 7145 2070 5589 6823 5544 8843 1161 7654 8437 9211 10397 3646 5464 633 8944 8480 9319 9069 9494 3253 11927 7805 11389 11626 12212 1238 5104 13492 4512 6027 12130 13150 1178 3877 6746 547 7758 4379 8004 11053 13159 208 12389 1386 2117 3752 4789 2200 6094 6545 10001 11552 12056 4982 10475 12500 867 13031 1977 11629 4742 10616 4033 9270 6105 10472 6377 7047 1179 11481 9662 11384 1396 2007 4191 12035 5674 8931 2941 5437 5665 8647 636 6409 791 9106 8483 9796 9773 11064 11593 7593 12546 3979 8337 13170 566 12928 1592 8858 8791 9140 7240 9518 10376 10829 12586 8022 9950 13291 6538 11005 653 4711 5009 7463 5111 6611 1275 8381 2937 7285 4320 10141 571 8333 1244 10144 2164 5989 119 6479 8645 1802 10931 12207 7169 8286 8293 12734 11572 11696 
9104 
355 6230 664 2085 3405 3542 144 10481 890 10205 1148 4398 339 1095 6775 7506 4365 4746 7631 10724 7861 9791 1487 12970 1188 2700 3130 2886 5820 2140 6005 8353 9144 11499 1614 10747 4560 6695 3413 4538 9574 2168 8635 9353 1199 6546 5166 12732 1628 12440 2611 5508 2407 7929 4543 9407 2054 3747 12295 460 7698 1834 8520 12786 3285 7923 4013 7473 8387 781 2336 9460 6623 8214 10522 11866 2484 11081 1587 11073 12007 6157 11353 10117 11917 4435 11457 12713 4234 12643 442 12325 1673 11914 12999 2530 8456 2217 7325 6383 8432 5420 9409 891 7548 1873 2125 11220 12756 11199 13369 848 8400 7115 12511 373 4039 6134 8301 3765 8928 835 11156 1112 4825 8983 6787 8408 308 10771 2309 8921 7705 12426 43 2927 1708 3117 6847 9797 96 3901 1897 3837 7295 11075 11741 2759 6652 8709 11158 1891 12261 2537 4810 8577 6477 8535 9294 10681 9405 10482 10659 10804 840 5482 11652 115 1925 5681 3152 8187 4507 7874 4452 7239 9649 3276 8934 61 11059 11409 3676 4319 5802 6872 12078 1271 13288 2656 4312 5772 10975 5257 11718 13344 111 9204 6983 12518 8765 10151 1196 3769 8469 9787 13301 7271 10800 5038 13547 6533 12949 12951 1133 13500 13561 170 1717 
2457 12578 2649 6651 2199 9651 11820 2962 5159 10218 2075 6198 8101 8953 10220 1243 12545 4130 12529 2090 7649 10199 2076 3243 4753 6935 4063 5007 12157 2127 8973 6777 6842 12558 2566 10432 4141 5765 12751 4880 6891 3960 12497 1770 8454 5811 8508 4644 5642 8636 9203 106 1853 4762 8194 9304 9558 2589 11351 6125 9080 2950 4530 12610 13232 3273 11994 13402 3179 13186 13430 1800 5916 9917 11516 1251 11876 3033 7079 4606 8434 1315 6489 2116 7859 6737 9378 3722 4049 11095 5040 5339 67 4878 8844 7220 11355 3444 12332 3059 3760 941 2924 3345 4076 6247 6263 298 12475 7947 10777 8556 11702 5005 5778 11713 7027 7362 6550 12413 3074 6905 3998 4181 10728 3317 5073 12024 659 1253 13421 7408 10315 2201 8743 8055 11911 13093 1246 3402 7909 12884 1783 8271 9123 11600 311 925 4408 8852 2915 7448 3151 4016 6698 8090 8609 9272 40 1076 8588 9551 4078 7085 4695 8318 12432 2810 9672 906 4119 8272 516 4180 9142 10372 7621 12762 5193 7315 8672 12200 12309 2493 6771 5333 12519 728 13218 335 10427 11565 11889 2379 12055 10012 10114 1677 4407 48 196 1082 1474 4861 11268 12267 4345 7391 8787 12375 5963 10470 11872 25 11177 638 2469 4352 9028 4650 5353 7395 10230 1353 11318 9785 12474 4912 5720 11972 7719 10951 1529 5327 3619 11860 1983 11815 3193 6324 7871 12396 2502 7999 719 5730 2338 4595 1152 5253 5670 11250 7556 9601 1341 3891 4109 7841 12671 6668 8582 3090 6843 8074 7045 8027 11540 12302 13236 717 5114 226 7617 8629 9206 2519 8910 11170 1871 7709 862 12651 8884 12146 7163 8821 2128 2135 8661 9392 4473 12449 4129 4397 4461 6103 2940 12196 1262 5912 6571 13389 10548 12582 1316 2039 3812 6903 7536 3571 3807 1421 8793 3298 12346 7501 8877 11937 10499 12757 7860 13245 7503 12835 3150 3375 1792 4099 7461 8940 1037 1234 7998 3168 4098 3365 4585 5459 7974 8245 12104 1415 7512 9350 1064 9374 573 1602 141 10643 12767 592 4465 4692 9332 1066 7993 2262 4464 2416 9032 9277 6086 9202 3991 6231 1168 8842 4819 10492 9070 11928 1227 3226 6251 7850 13510 2006 7062 12898 787 8698 4103 6190 8687 9900 6992 10360 5814 11775 3421 3723 11113 
9114 9379 13399 
9469 
38 3350 1723 10921 5743 7774 2500 4271 12369 880 4708 684 7646 4167 4487 9813 10936 11473 8121 9725 956 1668 3568 5780 2352 3466 11237 7306 12536 5950 11725 6483 6849 5340 6498 344 11511 397 8285 1501 1524 11966 12105 2868 10108 12326 3394 11071 3563 9706 1456 5588 12773 6854 11474 443 1394 9734 148 11639 12164 934 2056 1759 3384 2803 5440 1609 8131 7540 8644 7784 12167 10876 13283 1872 2754 7343 7630 823 1226 9459 882 10965 12422 1813 5231 4485 12482 2015 9679 2419 2455 2635 809 3846 3429 6484 6918 10785 11437 1606 5232 6853 2547 8653 1781 8200 1047 1525 13555 1174 1768 50 4892 11454 11395 12481 8990 11433 3871 12424 2899 5671 4161 10097 8323 9213 2898 3323 3126 4026 4714 11105 295 2959 7994 527 6168 8065 10896 3854 4832 8677 2100 5533 4971 10825 4970 8189 1348 8945 1019 4272 3577 10523 6242 6273 2060 12401 5357 11324 4475 12706 7971 11638 19 748 3278 5822 8935 321 2057 4328 4945 8342 1885 5416 5603 5826 1930 9410 5119 12867 6144 6235 7618 7797 1491 5127 1581 7613 9729 103 11485 1732 1901 3281 11074 3140 11809 7021 8576 11594 8713 12547 2805 11753 3505 6858 3534 9383 1558 10368 2773 2897 4260 5337 9985 5260 9994 12569 770 7272 2029 4346 3622 8457 6029 7355 5980 7159 12250 662 2363 11650 6877 8193 3290 9318 1009 9539 7218 10726 2129 8276 85 9637 10076 2298 5418 11730 8551 11439 2084 9865 11506 12591 1495 8766 5396 12292 1554 7703 8227 5011 8048 896 2982 5550 7846 1945 11238 5803 8300 3049 11189 12609 2361 3412 3414 7534 9835 7552 8773 9167 10654 2698 9749 8167 12764 608 8679 3404 11573 11402 11661 6676 8008 9271 9831 10506 8900 10940 4032 11159 3755 13196 4790 6400 7857 7140 12903 2011 3022 4503 9242 4468 8680 2108 6957 10116 2089 11116 
9563 13260 13408 
9605 
9621 
9858 13122 13135 
9966 
10055 13450 
10215 
2972 11504 4179 6278 2321 2887 2059 8319 7143 7557 4627 7570 8660 2123 5862 7302 8124 6830 8302 1950 10929 7776 11252 7962 12726 5306 5364 6346 12152 2614 7337 1586 2787 2983 5157 6328 8068 8043 10778 7853 8744 997 4884 7767 12067 12173 12184 3859 9611 883 12995 204 12785 1376 4846 6019 7180 1049 2535 12693 3302 6259 1191 2760 7851 12379 406 10467 7558 12683 5080 5954 9827 9958 1007 3051 6473 2365 3121 922 4966 11490 88 9371 2978 7186 5706 8789 4396 5191 7888 8168 852 3918 4777 10073 10488 11452 3177 10444 5549 8923 4750 8834 7843 12294 7717 11827 11990 1565 3882 6475 561 8718 12984 6357 13000 6093 9067 10022 4012 8712 9514 7173 8024 13358 330 8324 1703 1971 8011 1420 4070 1859 3313 3585 4126 1363 10942 5444 8433 1172 3756 8509 1149 11425 3217 8165 5027 6177 886 5151 9049 5290 9854 1103 8533 8581 1194 1671 7284 4367 4599 1674 6913 6949 12127 2554 9584 3689 7167 2471 12715 7241 10057 4318 7989 12626 438 8545 3095 3531 7255 7877 11726 2862 11423 4872 12103 1694 7623 4117 10197 6083 11716 7172 11277 1643 3231 4569 10701 4875 5488 10674 1424 2142 1905 6268 254 1651 6944 2999 8835 459 4860 1433 6382 5180 9441 390 10024 926 3442 6856 7988 11569 4805 5919 3948 7231 219 10823 1437 9685 10657 3007 10173 663 11145 5968 6100 7775 2323 4545 2414 5181 5725 1122 12399 1354 2532 4679 11279 8283 12725 5529 9893 10820 8081 11258 3430 8735 9087 1780 5733 7581 9275 10583 4327 9690 1794 12498 548 9976 7777 9400 2437 8122 870 5132 6116 12719 4783 8243 6034 6074 6945 9874 12613 1407 4029 7569 2874 10691 370 5535 11806 6857 7124 7193 3262 8367 5714 11449 2278 6798 7472 2681 10406 7892 12247 675 6112 9101 11711 7460 11215 11305 909 2367 1799 9678 11525 12550 3840 4400 1092 10865 587 10809 2987 12606 10879 11690 445 1356 3176 11077 2102 8565 5050 10799 224 11583 11620 1286 1502 2914 7924 2946 6728 3733 9093 5270 6226 12190 2864 3861 5456 2066 8118 8388 1637 9006 1510 8950 1395 5224 10278 4673 12599 3077 10531 1288 4144 11694 10020 10326 2674 10542 11013 8871 10855 5146 9268 6437 9766 1241 5739 11303 1255 4303 8233 12600 8028 12084 1995 8568 2221 8686 3218 6740 3377 5417 4740 5810 6870 1568 13351 
10395 13197 13380 
9560 10405 12968 9769 11387 12841 13497 
10510 12975 13107 
351 1454 10415 1206 9741 9866 413 3447 2629 3781 6715 12688 405 6115 690 1574 2097 4247 5838 2435 7065 7713 5123 10679 2178 2415 3499 2410 5568 9895 8038 8058 1841 9936 2174 7399 10716 3372 5654 5747 9622 4654 10813 9287 10794 198 10544 1050 12213 536 2292 6488 5019 5937 4310 6643 10248 2627 5289 11340 1124 1860 7808 12282 176 3549 4469 629 11416 841 1898 2727 9341 4339 11857 1566 2613 5785 11763 7817 8127 2782 8583 10260 12617 3378 10085 951 4909 7807 4125 9045 3550 11087 6245 6585 2869 7498 10775 2417 2784 6050 7465 10505 11183 2960 4421 2945 3650 4132 5745 7578 3249 4431 9802 5555 10281 2798 8170 2257 8622 1621 9717 5218 5808 10209 6337 8162 695 4591 10558 3324 9099 4309 11754 7251 10120 1832 2588 9481 3496 11440 730 7097 2647 12235 2990 10152 107 11843 401 6713 3041 10398 5179 9962 4231 5925 6250 191 5074 7211 9107 11126 2585 6663 11377 9927 11547 1305 12288 3666 8291 10038 12695 1616 11631 5966 6281 12095 5110 11998 5379 7611 9867 10678 5361 10385 4168 6443 9095 999 3725 7550 11523 75 9508 11691 11320 12572 6214 6672 8481 10231 6003 8297 6765 10282 9252 9661 8873 9998 988 2434 7089 5366 8158 1375 6077 6848 8961 2764 5131 9207 6161 6164 1216 9770 5036 11046 4424 5560 1417 3187 4357 5518 12605 1573 5734 4931 6665 2121 2390 6017 6181 12226 5237 9126 8902 9084 6547 11430 9282 9616 11379 7132 9916 7411 9505 696 1403 1460 2716 5662 5008 8448 5523 11300 5693 9490 6914 12427 2364 2660 8861 2539 9996 1676 3038 10192 5470 12820 2963 8616 11743 642 4782 11791 346 6309 11939 3464 5189 6389 6122 10622 3220 12681 8159 9971 2871 10663 12047 34 5172 5209 8407 10708 6243 9881 11611 1985 12106 2375 9153 1167 3010 11260 3897 12533 3656 4940 282 8130 9237 12170 6191 9240 391 5067 1942 5200 3359 10348 1229 8785 10507 8955 11278 4609 7708 8092 8430 12632 6987 10245 184 4632 680 9820 10501 3463 5921 6942 10495 4730 11151 552 5625 987 5911 5358 9050 1982 12159 2768 5302 2977 4401 9338 12301 3896 11567 938 4483 6380 7779 8077 8784 87 3353 6277 12307 1969 12000 1559 10551 3858 10591 458 2468 2925 9302 3440 8150 4176 11494 1721 10448 5926 12412 11900 12231 2621 7533 8436 3659 12436 2228 6043 12347 4274 9720 7041 7249 10555 11818 2430 5657 5103 8566 9815 2072 3225 10122 12221 674 11162 11287 2612 6893 5328 6459 8210 9358 9892 3516 9098 778 5185 2485 6829 11023 12098 12602 5093 11648 11292 12050 6981 11295 
10574 12932 13185 
10634 
10768 12971 13378 
5467 12824 12829 10819 12851 
347 3884 4978 851 9219 708 6529 7679 4275 4629 3521 12139 914 964 7215 3476 7326 1083 1085 10403 1180 7129 11391 9824 10770 11337 11996 464 8830 1903 6947 5460 6993 1766 3913 6608 9232 5445 5834 5367 10166 10683 3209 3893 6370 11296 177 3234 4138 1189 9438 2004 5408 2916 11148 4160 5685 6559 10382 11944 3798 8964 3719 4450 5057 8339 2518 13461 543 3408 4936 8133 12763 3390 10618 5335 11479 624 12781 1232 1357 7229 2639 5297 8370 9821 1387 8222 3799 9908 12286 3416 8383 12299 4877 5350 8676 396 6707 8100 4520 9169 11963 5634 9357 4166 7958 11466 1605 13092 8145 10651 13127 797 5403 5691 11579 5915 9491 7905 10473 1940 8989 453 6253 7024 12004 726 1984 1302 6562 1185 11129 1086 5242 6463 8522 5943 8541 745 7992 4726 12593 1521 7109 7783 3127 8002 4000 9264 6745 10154 12198 12575 3172 4189 3509 6595 22 8703 6070 12179 9848 12188 2331 6180 1878 7786 8530 11817 13070 12 13467 8 11865 2865 11707 6290 8946 948 4268 1107 8252 260 1389 4859 7214 4834 8840 8911 9768 11360 12111 247 1298 1907 2241 5990 9761 3502 6269 11882 9816 11830 973 4913 923 9657 9864 768 9315 1344 4366 5117 2384 8386 1065 1201 4957 5799 9250 2769 5509 754 8149 10944 12257 6589 6978 1497 5405 11172 7332 8560 3578 6921 6044 7493 939 12120 4354 12470 9598 10043 5572 10150 2445 11080 6902 8619 5387 11424 12797 529 2368 5853 1622 5501 7562 10970 10185 10733 1861 4405 8860 10546 375 750 7103 1192 1266 8151 9964 4203 11965 1436 3360 4831 1448 8086 9871 10826 2952 9259 11079 10752 12580 1274 3025 4279 7393 7175 8849 11248 
10863 
11117 
11182 
367 3198 7849 9952 819 1589 4042 5742 756 9054 861 4360 12524 5161 9044 1140 2912 9157 11840 13192 1993 4242 12644 2737 13207 1261 4028 2110 4036 6210 1678 11322 844 1015 3978 8148 4513 12360 7733 9620 3336 4664 6781 8224 10416 10576 5841 12357 10139 11678 1263 1546 1981 3786 9447 4582 9249 6647 10271 1269 1618 4288 7606 9178 12584 928 9711 4476 11186 5621 11211 1361 8414 8334 11606 6827 12038 780 3491 3181 3764 10106 10443 2399 12162 513 1306 1570 3533 1739 11617 2793 6075 3398 8409 12290 12528 2825 5957 6004 6492 8206 8641 4626 12416 6021 6553 3759 5620 9512 1215 9444 3989 7741 7731 12149 6092 8314 630 6137 3300 7732 10101 3566 4368 2669 2848 1772 4313 8638 3340 10788 6591 10905 10971 1463 1655 2558 4472 5702 4763 10851 660 1314 7434 10833 366 9443 9108 10774 13104 11101 11591 23 825 2578 9495 11364 12766 13148 9152 11947 4415 7568 8668 10423 7672 12985 4083 5384 6361 10862 2256 9757 4947 10792 5750 6284 5311 5819 1409 2354 1962 8927 4648 6590 1250 6656 5528 5782 13363 6909 12674 2226 4911 494 3255 4694 2620 5222 1536 4433 4691 8574 5430 12117 1391 7298 2274 3671 2640 5994 1457 5629 12977 2942 8012 13558 2012 5033 11697 5600 7073 5885 7897 4636 7466 11370 10161 12032 12549 10581 11483 11601 5075 7484 2796 11185 2665 2856 6653 10787 424 5466 6109 8759 7309 9794 3511 11869 1291 10487 8497 10554 10387 11979 5402 10587 3052 4527 10110 1679 9904 2319 4804 1947 7268 4071 10071 7452 8967 6710 9922 579 8138 9667 3195 9850 8725 12254 4997 13151 5160 7866 7683 11960 2735 5450 8104 11276 1776 6503 3029 11069 7019 12661 634 6482 2794 7084 7369 4153 5487 6572 10478 530 1519 4671 903 11114 537 5503 6439 1514 10871 3138 5473 6926 12471 213 12057 678 1364 12129 6933 10764 4765 8119 2183 4201 9799 9660 10273 195 1165 2520 13314 5944 12476 824 6440 6218 10827 3084 7949 1476 10631 10734 541 5947 10252 12930 12955 2203 11632 735 9728 145 4817 637 2001 10148 11847 6485 11213 2138 4776 7128 9218 2427 6220 12638 3260 4830 7825 5397 8029 4490 12403 3490 5869 6289 6761 11196 598 8157 4613 6098 7107 7736 7882 10419 10783 2631 6996 9784 8018 12645 1362 7013 5561 9600 4355 12214 415 4172 9221 6811 11782 704 2551 12088 1806 5892 8452 2809 9951 4961 6078 5476 11041 11887 7301 8982 3560 7953 2366 5723 7068 9415 1938 10208 1789 3367 1801 7531 8134 2444 10334 2404 4278 4873 2431 6084 8702 8751 7865 12263 249 12276 463 2048 8179 8487 4614 8321 8496 7245 7497 6172 6908 4675 7547 10952 814 11210 8015 10262 10540 905 3314 10627 4601 7350 7436 11168 4640 12020 1639 3956 3959 9993 2463 4343 7017 12311 
11265 
11317 
11397 
11417 
9002 11510 12823 13503 
7836 10261 11700 3018 13521 
6604 9561 11729 8814 12957 13027 6687 13089 13407 
11839 
11888 13377 13551 
12135 12966 13028 8136 13171 
12175 
84 1607 7281 7494 340 5348 7527 9313 2745 10358 3443 7648 5199 7880 11281 3850 10147 8639 10124 2197 3611 3017 7056 12502 5400 9896 215 1753 11321 6741 11495 1378 2073 9575 9851 8614 8956 9836 943 1685 1951 3096 8947 79 2307 2106 3153 5281 7515 603 1091 2967 5889 10250 11614 5735 5813 3847 7566 5414 8734 4701 8798 12119 2378 5207 12744 4387 6061 2423 10732 3448 8470 251 2823 12658 13023 803 11476 1693 8768 2708 6534 13239 2420 5815 185 6813 9175 13535 8198 11719 9702 12074 77 11849 8839 10454 379 10181 3670 11394 723 5383 1379 7119 8311 2170 4311 1416 2451 1709 2322 11035 4576 7360 5985 6448 8143 5391 11247 2506 5821 7747 8160 8536 4 6565 785 6812 6720 8328 10410 1114 8424 6366 11195 11714 1743 3702 11308 13112 3166 13395 3788 5133 6658 7921 12595 3905 10754 12837 5506 12138 3606 5453 3660 4422 1991 11190 3050 6064 2704 3003 3794 7095 8863 8693 10759 2788 6794 1509 7526 2052 9527 644 7939 4536 10656 7840 9513 6655 11019 1004 1127 3996 8596 11645 1762 1833 9873 11720 12666 270 3822 4137 4772 7183 8345 8384 6478 12463 5229 10812 7502 7878 5497 9684 7415 10897 384 9511 3557 6421 1617 4214 482 1810 3113 5774 2643 7464 7932 9464 1016 9681 2243 7116 2531 2873 5245 5457 13281 193 2314 6348 13246 222 11147 1760 6962 10907 7935 9334 2225 3674 992 6002 2422 3623 5667 9595 3382 12573 4118 10779 12838 4498 5342 3497 8491 2383 11892 3944 7608 2725 4377 86 6726 1001 11604 1719 4865 3328 7640 352 5140 7902 11050 1892 5318 1313 9742 4596 12555 7818 7925 3134 7083 11705 4704 10569 2863 11327 11006 13434 4221 12958 8511 10365 3604 11975 1224 5064 7644 10429 13119 147 2044 420 7178 4904 6953 12271 6142 10439 6143 9942 7430 8795 2931 9147 3156 12642 4579 4934 7937 8350 8885 12049 3574 8380 7314 9450 4294 11334 479 11861 3381 10497 567 11596 1996 7122 12425 12552 238 9840 11359 2167 6514 3697 5216 11119 1954 3263 1631 5858 1053 11262 2976 8688 8578 12283 9693 10390 4183 12279 842 1230 2913 10412 658 12563 6031 6560 381 3356 12210 885 4725 6058 9899 6162 6622 12716 1111 3305 8228 8919 9017 325 8992 10669 2421 7447 5493 12663 4143 7205 1613 10083 13058 670 1423 8499 2453 11354 2387 13002 13198 
12351 13043 13130 
12509 
12554 13099 13480 
12758 13463 5872 13146 13490 
12822 
12826 
12828 
12830 
12831 
12842 
12843 
12844 
12845 
12846 
12847 
12848 
12850 
12852 
131 12854 13210 
12855 
12859 
12542 12861 13513 
12863 
12864 
8107 12868 13261 
12869 
12870 
2630 12865 12556 12871 13226 
12872 
12873 
12874 
12876 
9938 12878 13487 
6654 12879 13481 
12880 
12881 
12885 
12888 
12889 
12892 
12894 
12895 
12897 
12900 
12902 
12904 
12905 
12906 
12907 
12911 
12912 
12913 
12914 
12917 
12918 
12919 
12920 
12921 
12922 
6586 12923 13392 
12924 
12925 
12926 
12927 
12929 
374 12931 12978 
12935 
12938 
12939 
12940 
12941 
12945 
12946 
12947 
12950 
12952 
12956 
12959 
12961 
12964 
12967 
12972 
12974 
12976 
12980 
12986 
12988 
12989 
12990 
12992 
12993 
12994 
12996 
13001 
13005 
13006 
13007 
13010 
13011 
13012 
13016 
13017 
1197 13018 13242 
13025 
13026 
13029 
13033 
13035 
13036 
13041 
13045 
13046 
13049 
13059 
13060 
13061 
13062 
13064 
13068 
13069 
13073 
13074 
13075 
13079 
13080 
13082 
13084 
13085 
404 13413 6145 13087 13284 
13090 
13094 
13096 
876 13097 
13098 
7651 13076 13276 1647 13100 
13102 
13103 
13109 
13113 
13117 
13120 
13121 
13124 
11602 13125 13231 
13128 
13137 
13138 
13142 
13144 
13145 
13149 
13152 
13153 
6575 13154 
13155 
13156 
13157 
13158 
13160 
13162 
13163 
13165 
13167 
13169 
13172 
13173 
7707 13174 13444 
13175 
13176 
13177 
13178 
9047 13183 13275 
13184 
13188 
13190 
13194 
13199 
13200 
2282 13201 
13202 
13203 
13204 
13205 
13208 
13209 
13214 
6410 13216 
13217 
13224 
13229 
13233 
13234 
13237 
13240 
13241 
13243 
13247 
13248 
13250 
13252 
13255 
13256 
13257 
13259 
13262 
13263 
13268 
13269 
9137 13083 13475 7166 11143 11659 11684 12916 13529 11933 12858 3816 13022 13345 2590 5952 13270 
13271 
13272 
13273 
13279 
13280 
13282 
1130 13013 13453 9429 13286 
13292 
13295 
13296 
13297 
13298 
11496 13299 13313 
13300 
13302 
13305 
13306 
13307 
13308 
13309 
13315 
13316 
13317 
13318 
13320 
13323 
13328 
13330 
13331 
13332 
13339 
13341 
13342 
13346 
13347 
13348 
13349 
13350 
13355 
13359 
13360 
13366 
13367 
13370 
13371 
13373 
10968 13514 10958 13375 13502 
13381 
13382 
13384 
13385 
13386 
13387 
13388 
13391 
7773 13393 13414 705 13424 
13396 
13397 
13404 
13405 
1 807 12969 179 13115 8633 13365 9700 13541 3757 13352 4150 13409 
13410 
13411 
13418 
13419 
13422 
13425 
13427 
13428 
13432 
13435 
13436 
13437 
13438 
13440 
13442 
13445 
13447 
13449 
13451 
13456 
13457 
13458 
13460 
13462 
13464 
13465 
13466 
13468 
13469 
13470 
13476 
13478 
13482 
13483 
13484 
13485 
13486 
13488 
13491 
13493 
13494 
13495 
13498 
13499 
13504 
13505 
13509 
13517 
13524 
13525 
13527 
13528 
13531 
13533 
13536 
13538 
13540 
13542 
13544 
13545 
13548 
13549 
13553 
439 13403 13431 10327 13554 
13557 
13559 
13560 
13562 
1400 10093 5415 13356 83 6907 11033 1413 12570 4687 10524 2626 6671 4700 8097 899 3526 5902 1276 4482 2837 7798 8464 3964 13515 1857 3129 5112 11657 309 8546 11225 12370 12479 1667 11749 2697 12077 1601 8490 8268 12788 7400 9361 7864 12090 3524 12548 1549 1669 2093 2801 9225 4046 5495 2726 9507 721 4499 4602 12963 788 7553 2333 7182 13390 1553 5894 2429 7379 4537 4917 389 1742 1449 12794 4043 9454 12833 3644 9345 10984 11062 12417 702 8410 2607 7764 8355 1017 6364 2748 9165 11 314 1943 5170 5955 1704 4447 12697 960 10947 6948 7844 7981 12513 2152 11257 2563 4101 6068 7723 578 1126 13123 2350 5593 8052 8727 12080 9872 10300 4353 4390 6631 7748 3354 8747 4756 9290 1784 2746 3572 2885 6060 9906 2265 10880 3800 10927 12745 5411 10311 2388 10107 10742 1034 2397 5184 9800 10755 3267 6756 7678 11120 10888 13166 13189 4034 9096 7739 9393 4731 13161 2153 7716 5744 8331 611 9103 6573 11898 7960 8280 857 10206 76 1557 3061 6022 6493 11581 9182 11289 12506 4717 6055 5645 9058 1688 10781 252 5644 7626 12944 2230 13564 
