0 
1 12969 179 8633 13115 807 13365 9700 13541 3757 13352 4150 13409 
3291 6466 4540 7916 241 10746 3869 9048 9632 6066 6693 4445 4620 6662 12181 6680 9531 328 1281 1326 5718 12031 3308 5055 6487 12637 1100 4651 69 9607 5770 12614 4084 5243 1843 4948 6394 11923 495 1160 4458 10496 1751 8005 1769 6095 6313 6876 12765 3694 8453 7010 9767 5317 7914 6071 6897 8248 8184 10040 4841 6535 11219 114 557 9778 6958 7782 10590 698 9727 4427 6950 5095 11776 5608 10029 3301 5056 5330 9753 6392 7114 12281 1575 10838 582 7450 2939 9417 7537 11086 8620 8991 1309 4855 6569 4986 9987 4438 11724 12675 1115 1928 4925 5789 5504 8431 90 1710 6248 9121 2477 8451 11736 4258 12405 2248 8895 9634 528 3101 2306 2877 4771 6936 11907 174 3519 2859 6132 6476 10006 3532 8439 873 3524 10545 1034 4758 5536 7984 12005 4314 9826 2824 12493 12697 2748 7858 2179 3387 5581 1349 10840 9906 12604 3710 4148 6165 8355 8580 2894 4226 9480 12794 1036 4793 1601 4105 1282 5025 12775 5796 9283 5 8164 2996 10140 1953 7754 3572 7716 4270 8742 9215 702 9547 1553 5894 6461 9094 5624 10570 127 1943 6841 898 3028 1042 10620 5786 11698 10371 10594 10314 12557 955 7155 5315 8460 578 3129 5013 10934 8331 12270 2152 11257 5490 5863 9060 252 431 13479 2397 5644 6756 10888 13166 13189 2563 5184 4731 9096 7844 10112 10653 2263 3267 8205 9800 4101 6068 7864 5955 10903 4390 10755 10947 6468 11862 5798 12728 4547 6708 7721 6724 12742 1795 12784 2488 9128 8019 9963 3957 7279 5993 6578 2181 11654 13310 4682 8846 5326 9940 7723 12936 369 8208 9414 9659 6779 11332 1023 2234 11670 11946 711 3475 4113 8363 6223 9875 165 11012 11859 5362 6353 7634 11298 2165 2739 5170 6059 3774 5135 5659 2088 6215 2872 8706 965 10849 647 10843 10690 11922 2891 12201 2340 9133 671 1927 6184 5580 7305 4960 7678 11 10742 5128 5491 3435 6016 9777 6616 12272 7477 9902 654 9664 2670 4836 4280 9266 2478 7152 9173 11326 6052 6149 2616 6183 10644 11284 4057 7619 8828 8866 1594 4496 4563 9806 1325 3983 9430 5162 9969 805 2685 4426 3657 9246 5354 6156 978 6758 7120 8241 9548 2018 5746 3745 4230 8970 9188 9468 66 3520 6593 11487 2053 4193 12526 2195 2684 1278 9759 685 2958 5293 11880 12581 1681 5314 8804 10238 9143 11527 8444 9872 10524 3909 11528 83 10300 8727 12043 1126 4341 1413 5112 13123 969 9907 2480 4436 7034 10705 7339 7899 967 10204 2763 2938 10630 9390 9790 493 11657 5835 10462 4526 11826 1848 2441 1585 10673 4240 4254 4687 278 10906 5585 12793 5267 11008 47 11746 7252 12080 6355 11669 4792 8417 7798 11812 2350 12077 3227 12570 2697 2709 4446 1638 3811 7530 12370 12479 2229 4584 8593 9636 6026 12729 1333 10160 8197 8385 2923 9583 6 13459 489 3312 4441 12962 
131 12854 13210 
402 9666 2136 10344 3640 5249 10666 12224 4927 7632 3043 10159 1807 3974 4515 11063 12619 6831 8567 5340 6456 11671 1049 7001 5812 7676 2352 3022 6470 2880 10368 2285 3296 11429 4506 8091 6170 8565 5822 7306 7971 9679 1499 8837 1864 5961 7023 2777 5499 6838 10782 2928 10816 4635 8838 1615 2601 9053 11228 12748 9411 11940 3690 7616 3451 8526 9965 10034 2964 12694 8726 10575 3470 10002 576 6365 5722 10200 2403 3124 3391 2819 8230 2325 11906 2395 5062 2581 10270 3023 6187 3529 4799 4235 6917 6045 9745 7312 11489 2652 6321 9647 10938 11760 1597 6539 984 9245 11017 11212 2105 2137 4262 3992 4991 1046 2503 1229 3062 5198 2721 7829 412 8115 2658 12209 1198 12789 2401 8411 3202 6189 8980 855 4633 10553 400 7796 1328 3000 10053 11217 10457 11356 5931 7139 6727 9617 2293 10593 9088 11115 2050 10320 2419 8785 3801 11438 8935 12520 3146 3466 5950 6381 2102 6480 5231 9075 11974 809 7355 2635 9078 1136 1913 3247 7708 8430 2182 12632 8517 10136 758 10276 4533 8123 4609 5101 11361 188 11209 2291 11414 2240 10802 3455 5142 9027 10504 5331 6139 6148 8790 12574 810 1193 2644 5888 7791 2930 3331 3450 8876 4246 11054 1626 5988 6666 6318 9474 5868 8020 6462 8584 727 9363 3976 10134 1822 4337 3091 8998 8420 8943 5801 6928 3576 7158 1691 12062 8092 11373 12743 645 5107 5719 1143 4425 4232 5630 7331 9559 5392 10286 1079 8540 2061 9497 8968 9567 6527 7674 10386 10638 2411 9652 6641 12672 6528 11531 2211 7847 6110 8957 9545 10078 10972 2246 4419 4467 78 5421 7625 8326 12215 1672 12206 3934 6697 8180 11844 3586 9035 9849 10898 12543 100 4637 5828 6039 11441 3561 4794 9091 3137 6241 1343 5022 4733 7513 8330 3562 6430 11672 564 10203 429 7289 2935 3171 6636 1247 8894 2215 12068 3607 8035 3468 11173 2330 3089 5856 11236 10183 10839 7583 11446 3288 9214 9022 12361 
220 
298 
405 
550 
3552 4655 5615 11164 11431 2694 2771 5347 4903 9528 6517 10400 1220 3514 10137 12051 12136 8488 10894 210 1720 10814 11314 11675 3862 10461 7867 9697 13088 5124 5147 6301 9466 5767 8501 4212 5594 7327 3928 8209 10911 604 11011 216 2875 7029 3599 4316 5791 387 1921 3738 5182 7525 1099 7224 3135 6446 7392 8327 6046 12567 2596 12227 158 1301 5368 10087 4802 6583 3910 7824 8864 12018 853 8969 4607 12093 2114 4661 10858 5307 5442 8442 4615 6207 542 10689 12483 3009 7499 371 12780 51 3688 4298 164 11943 6883 10766 319 9579 4145 8738 9521 11413 4905 11057 3824 12565 2522 5817 12126 3883 11410 1518 10890 5831 7185 2711 11636 8087 11575 4822 10489 5717 10852 11509 2042 10714 12269 617 6335 897 3797 6054 6266 8401 6384 8369 336 11180 2014 5748 3472 7276 4130 11027 8265 9553 1675 4081 4111 6373 10464 11239 3437 6233 1117 7190 1526 2338 8901 4291 4954 7157 11084 9272 9537 102 2324 2690 5758 6216 11250 5864 7973 10224 6551 11595 8045 12341 4064 6808 2198 7153 11973 509 3206 1816 11980 1473 9898 12634 618 9135 1334 11349 4590 5938 10000 5788 10513 1656 7819 8608 6385 9674 2078 8344 5973 9603 349 9884 305 1068 945 12428 6592 11785 1425 7250 12670 6801 9452 8917 10269 7419 11833 233 1155 5756 7098 5305 7811 9026 563 6388 10935 1564 9648 1338 7348 9130 11363 1630 5092 168 3804 8343 11500 2540 6542 7194 10751 6963 9034 11770 1619 5698 9887 178 7028 3782 7725 10201 12015 6239 12544 6167 11443 5388 5875 9555 12178 6102 9201 6619 12740 3065 4170 6885 3683 7481 10026 11834 1728 11400 10930 11254 12193 9889 12021 4741 11587 8190 11085 
1065 
1221 
1264 12899 13516 
1382 12825 13048 
1637 
1647 13076 13100 7651 13276 
1776 
1926 
1974 13065 13223 
289 10484 3615 12082 746 11402 2861 5321 10097 968 3849 2549 9433 4361 6832 2538 3587 881 5178 4663 5060 7516 9488 11139 1596 6881 3554 6951 12867 5011 7797 5119 6144 2598 4038 8704 9355 11153 8796 11194 5684 8690 11628 1634 6009 2069 4745 10437 9005 9751 11244 11811 6481 6486 11688 2897 5337 9167 2456 9410 6617 8139 10916 9918 10287 7936 11641 544 8057 2972 4296 160 6769 4938 7242 10303 5174 12589 2773 9985 7431 8360 3889 11573 6943 7496 9729 10490 12485 1058 10042 4993 11447 7891 12720 285 3625 7761 1856 2308 8155 1896 8459 4503 7159 839 1895 3662 2507 3505 4117 9423 9865 5488 11623 12086 9003 10108 4569 9874 10329 41 10175 1025 12094 1581 6923 8642 10080 1531 3118 11554 1620 9192 10187 4475 8177 6273 11237 748 7483 5418 12401 434 12706 1207 5235 1674 2142 85 1491 1905 5274 10503 6676 8900 4875 6268 1668 8167 394 12308 2767 11757 1684 6299 8008 7579 11661 4439 12446 3783 7599 4051 9637 8276 10076 7613 10940 4442 12601 5416 5603 7618 7266 7696 3404 8665 8342 11576 7658 8800 9213 1481 7941 11952 5906 6837 3231 12103 2532 5181 3617 10799 692 10879 12164 4673 10674 11936 2089 12250 148 6029 1558 8713 985 11730 5260 11966 1009 10458 12105 1654 7272 5106 11511 1908 2281 2803 3277 5232 6120 10726 5127 12536 12764 5435 5780 321 6483 4346 8285 10506 11753 1151 1524 5000 6498 6849 12091 4945 9461 3622 7021 5980 7784 2455 5357 3631 9994 2298 7218 4485 10654 7480 8457 2982 9318 481 11594 4328 8048 1609 9539 10876 8193 11725 6957 11506 9394 11605 2129 12725 2029 9835 11639 8766 12569 651 1813 3384 2959 12482 254 1643 9271 1930 3126 8700 11663 3057 8533 9749 9831 11279 1583 7356 7442 9242 1901 8715 397 1732 5671 7165 1711 3140 3596 10514 11643 614 11809 8474 12239 5479 8811 1061 8680 443 11116 2926 6033 12292 5396 6858 
2177 13071 13168 
1863 2139 4557 10831 7794 12640 1963 2386 5664 8711 240 6661 6833 3853 5041 2970 5037 10955 9089 10321 12404 6001 10352 8382 12042 4185 11067 8446 9789 11676 5617 8631 5737 12484 1285 1523 8898 5316 6426 1657 10267 6471 8093 10648 10966 1412 10129 4216 11044 4779 9615 12817 338 5672 6343 2371 7243 700 5012 2043 10217 3810 8166 10723 3839 8348 4388 4552 4924 6999 11992 6140 7549 10912 933 8722 1880 11816 4818 5039 1270 1750 5451 2486 4943 7900 10023 12419 40 5327 8090 11543 1399 1715 5575 4241 11702 2220 8101 1660 9398 10432 3591 12314 586 8588 2649 9445 12475 1076 3246 10739 2368 4864 8619 10072 11456 10546 10790 6285 8953 2272 10220 1087 4833 10617 4762 11526 2342 4695 4644 8672 4063 6445 529 2734 4279 5007 5811 820 3243 6777 4356 5661 6114 8366 9602 5981 10105 3855 6204 6238 2244 2294 12260 7565 11515 1444 2280 7917 6509 12012 1752 3343 2206 6576 539 1248 6618 7253 5313 10722 10842 11245 11350 11871 230 11709 585 5686 2984 6104 3638 5090 467 7196 7788 6283 6805 8303 5622 11813 12160 5034 9692 7389 8258 10998 3032 11935 9853 10485 4014 7053 5542 6919 1166 7507 8357 4072 4753 7396 8973 4054 10178 6041 8887 3857 7416 6935 7522 9758 11977 1595 5088 3890 4541 1371 7197 1441 1458 4697 8556 4755 7744 9065 12157 941 4738 7085 12678 4180 12309 957 8852 1853 4200 2146 7204 7647 9241 10893 12246 93 2667 986 1003 2264 150 10428 9641 11249 430 8188 5584 12432 496 8507 7913 9297 3015 3972 5592 9229 3953 10313 3933 10923 255 2191 4308 7724 6755 6852 201 5401 9151 1865 8763 1955 2900 10363 11419 5793 6696 3648 11982 7344 7838 378 7491 9738 307 4174 4803 9570 10226 954 4668 2316 9467 11317 2950 4141 4373 7315 9142 12799 2076 2090 5193 7649 11994 4530 13232 8272 13402 1529 9672 2924 5333 10372 11876 12332 106 5778 3273 4119 3960 4078 516 6737 7621 7062 11095 8194 11113 7850 13510 906 3179 13430 3345 3722 4880 13186 
2443 13191 13401 
2525 
2541 13032 13180 
1627 2979 12890 9155 12893 13266 360 1939 13347 13361 
2985 
3107 
1184 3123 
3130 
3229 
3240 
326 3901 310 5404 8731 3765 8841 416 3197 7705 1428 4984 111 6134 6453 7603 12165 12434 2184 6420 3149 4039 4146 12791 4824 11748 7141 7329 1332 11646 55 10082 1809 11215 4825 11075 2791 5378 6116 9976 6652 12811 612 3189 4973 10925 1891 4228 4588 11258 294 10681 8709 11158 9072 10406 8648 12036 870 5732 8983 461 1937 4062 5148 5522 11004 3805 4514 4981 8260 11176 1407 3262 11806 2681 3840 7777 11449 3112 4093 1924 3663 9400 4238 8652 2414 5224 1288 10531 12599 1794 4545 7843 7558 8283 3302 4400 390 2535 4846 1110 11885 8397 12247 2654 4617 4639 12814 7217 10093 7745 7986 8535 10446 4342 9928 570 11884 2759 10823 1032 3431 922 4966 9371 10144 5549 6857 2874 8201 9950 6100 9270 2937 10616 4742 11005 13031 867 2007 1708 2927 5606 4229 12199 373 5651 6256 6878 3054 7889 3740 5792 1235 2019 12128 115 3177 11741 8333 12491 355 5535 4524 10125 8875 8905 571 9323 10481 119 1199 3542 11827 172 11879 6030 7376 3406 7572 9090 650 11029 2295 4600 2582 3064 7627 8697 2785 3751 11738 12330 197 10796 11463 3523 6931 9238 9746 11505 342 5565 10519 209 424 63 4672 5217 5296 3397 10771 12426 3423 9368 5295 10745 675 9306 4810 8088 5050 6718 370 8243 1995 5733 7717 10472 5191 12261 2085 8928 6555 8117 12786 460 2407 5820 12440 3747 4543 7698 4750 6230 8301 8635 2054 3405 7295 12623 2537 10865 7581 7592 1092 8923 9294 10444 5482 8168 9649 1897 1925 8686 11652 2221 5681 4319 6872 12078 13288 8187 8568 9827 9958 1179 11990 1271 1834 12295 4553 7460 548 7573 7892 7075 12431 10809 11305 130 649 2868 6407 2084 7894 2269 5132 2464 5382 11127 11277 446 10196 11525 10145 10355 2893 3176 6034 11271 2011 7472 6126 11563 12715 266 12063 3537 9740 5004 6899 12606 5155 9609 5513 10316 2216 11274 3073 7977 8850 693 8779 1777 5958 587 6752 4653 11620 224 4783 6798 3394 6259 11583 12613 5325 10846 2987 11690 109 924 2903 4127 12719 248 10116 12192 11137 12406 2245 12371 2778 6824 694 6302 1276 1400 13356 2837 8892 6818 6907 5089 7875 8546 10780 8421 10096 7052 10067 2094 3887 9204 2626 5682 2905 9797 5038 10800 8934 11409 3276 5415 6870 2929 8097 3964 9807 13515 3526 5902 8464 61 6740 7239 11059 9105 9172 308 3676 1112 9405 3837 8921 2656 6983 1702 6847 4507 7874 9275 12579 1593 7299 3117 7394 9764 10431 7328 10157 3927 10307 4482 10659 10482 11033 10003 11747 43 11854 720 11291 9191 12158 4740 9391 840 2587 4455 10804 8081 10848 6477 8577 3152 10579 5802 10583 170 7271 4312 4452 6533 12949 12951 1717 13547 13561 8765 10975 11718 12518 13344 
3304 13303 13416 
12 11172 13202 3509 11360 524 12143 8246 8560 1622 1972 10167 42 4659 6624 4995 6036 11160 6846 8555 754 7381 11707 12179 658 6589 2913 8149 10944 12257 2865 5848 3318 8918 3737 6896 381 3578 6269 6290 5570 6978 7447 5276 13235 1287 10389 2769 4532 7377 2755 8547 9633 12087 27 7934 10111 56 2679 1965 3908 10915 3492 4785 762 1093 9385 7443 7887 9946 7920 9949 4840 11448 3555 8175 9113 1888 10138 2124 2385 325 9147 12595 1892 7526 8992 8919 9742 13112 6162 6622 6463 11865 7214 11179 8911 11780 6064 6560 12563 4422 9111 4910 10171 4725 5493 4704 5216 12210 1743 10569 10669 885 12716 126 3699 2 4382 8840 2081 6766 8236 8579 12335 842 12407 1330 3185 3347 7346 4395 8920 212 5259 4983 13472 7718 12778 6458 12832 1747 8994 11653 1978 4248 7907 10986 6694 12313 892 4559 8310 9020 2584 7600 3838 11514 350 7230 7104 8760 12099 8308 8693 3558 10997 8737 10517 6705 10133 8769 11562 3522 8855 4484 12647 3609 4985 4834 9260 2494 3320 6720 2286 8966 1230 9876 1114 3166 8424 3788 10410 9982 10466 4709 10318 5631 5650 526 9236 8823 9320 2544 8996 11644 6270 11886 1611 13024 2576 5413 3627 3863 11003 1113 5509 3306 9145 5236 7320 811 12022 3005 6406 8332 10469 10568 13211 2633 10056 7012 7908 8531 10668 3606 12663 6298 6351 11508 8670 9899 12291 6058 9023 606 8287 11981 6650 12368 3637 8211 12735 3967 9762 1228 5563 8688 10979 918 7179 6125 9141 1958 9470 1992 6749 2599 11167 9496 13164 1973 7184 13423 4222 6295 10954 13086 10100 11929 5133 5506 3905 12837 4118 10754 12838 3382 10779 7935 12138 1128 1509 5269 10759 10967 11461 2704 9223 222 7095 9334 11195 3702 11308 11720 6962 7921 6366 10907 4964 8596 4 11645 8863 13395 
3565 12909 12979 
3808 
3912 13532 
3941 12915 12973 
232 10656 11541 352 5342 644 4498 871 11242 1736 8380 147 7840 2052 4377 3003 4151 6159 5245 11019 13281 3944 7932 4449 7939 11327 251 7209 1262 4129 12376 3113 10046 12244 7635 8399 7608 9873 12517 1144 9513 9627 1693 2120 2531 5774 1810 5457 7116 1866 9440 2699 12123 4087 6211 1498 5815 6534 3812 5463 193 7464 1313 3134 3557 7083 12608 511 8899 9291 9331 12666 2823 8198 9104 12658 11719 13023 774 3050 6209 7430 766 7596 4579 8714 12037 9307 9747 2931 11135 2071 3388 4183 5158 1833 11190 12279 1991 11415 180 7902 6143 9227 1760 10918 3715 12494 2133 5965 3418 5588 1456 6854 306 7233 1004 6603 11202 1067 5299 2062 6655 4383 9870 10698 4536 10532 3794 6658 5086 7893 2732 8089 1153 1472 11439 5924 12773 1495 4147 6403 6890 3534 6738 10825 11102 11474 200 487 4908 5783 6362 7552 10215 3008 7771 7966 7976 12530 7529 10596 894 4972 4752 4868 3898 8495 9200 11687 236 10422 11282 901 3184 1956 9979 2034 4451 12997 15 6460 5018 11136 7336 7990 5844 7714 11984 6782 8772 13072 1109 4806 2788 8815 388 3068 2100 12653 8247 10785 4097 11607 1127 12588 6812 9527 5138 6088 7235 7358 1296 12116 1525 1989 7940 8065 2975 4152 3930 7852 3024 3963 5556 8189 10875 4292 4971 432 5882 26 12230 12422 715 7980 1078 7099 2805 3563 9074 10896 2474 4863 192 568 13054 10323 13213 6976 12810 5543 10549 3981 3996 4501 1723 7873 8945 6998 9631 3027 4657 9756 12624 590 9566 4015 5731 785 5301 6794 7060 6565 12358 8328 11714 11674 11771 12048 1600 7160 1041 3020 8775 3473 12382 2917 8606 6330 12668 5510 11088 8390 9726 9117 13253 830 9776 9675 11433 9683 10115 295 12481 3205 8990 2462 12547 6246 11828 9183 13555 1047 11395 322 2267 2361 4916 527 3854 3207 9725 8121 11473 623 1348 1021 6484 4832 10808 2108 7293 8551 1226 10965 12804 770 1788 3767 11071 6130 9534 7667 8524 7439 9459 10468 9861 11454 684 3429 50 4892 5890 12424 1781 8200 3871 6006 11130 4946 8358 12875 38 13327 1132 9695 2180 13441 2036 8195 10172 13225 11306 13537 2065 9119 4167 6235 7703 8227 3553 12609 7857 10016 896 3412 1365 1451 1606 3841 3332 6254 12220 3203 8300 7646 8653 5986 9383 5803 7846 1945 8576 3789 7534 5933 13163 2363 5550 7774 9813 11650 12167 6853 6918 4487 10921 5605 11437 1367 4749 11060 1840 11450 5716 7571 261 1394 10762 3049 11074 3975 11442 8773 9181 12591 4020 11189 5652 6863 8880 3414 8812 
2826 6402 759 9037 3556 4317 9571 747 11392 1680 6581 5709 11094 4489 9051 1515 8671 1552 7247 12631 4751 5273 7906 3677 11733 2881 12800 303 8694 9885 3111 9086 1290 8392 3379 8007 4079 4619 9138 10694 5381 12232 2222 5441 7149 3098 7985 8750 5511 5583 5252 6511 259 535 5120 6554 11867 3608 12443 7069 12113 12515 1006 2577 5377 9517 9653 11592 3215 9798 11838 3984 8142 5118 11166 6709 11909 2209 3977 8677 11465 7628 10901 8736 12353 1538 6988 10720 3784 5688 11953 7067 12590 11934 12108 3462 6690 12853 1169 9064 11932 2290 7002 8147 6193 12191 12284 3143 6344 9263 10652 4561 9261 12197 1388 3610 6927 9743 13193 1359 5807 8675 1862 8774 5627 6994 3071 6773 10750 4315 8161 5526 6610 9719 5800 6255 12125 3199 12866 13415 10763 11764 2479 13133 795 8740 9396 13039 243 354 915 2965 3621 8255 10169 10655 3275 3540 10585 1466 7763 2202 5516 1427 8395 244 5213 6197 13530 1999 3349 9154 10059 11222 10232 13091 4107 4322 8867 9325 11036 13420 6454 9730 11311 12003 1080 7823 1755 1854 6776 4302 6121 5412 8376 7930 8109 1893 10543 506 755 1987 9572 9755 10582 13066 1008 8971 8182 12186 549 3954 5757 5771 284 2424 4005 7945 9314 2095 2653 6751 5187 8976 3707 8152 10498 11634 2473 4158 5129 6767 4196 5042 9687 1150 1738 12820 2119 7048 1676 8889 98 5833 5576 6649 9013 3220 7901 2041 9365 5525 9544 6599 10362 11598 1225 9888 2772 6678 7223 4951 7607 5987 12750 4816 9419 10170 129 7425 8753 620 4348 5256 9536 3914 12009 1116 2194 11428 11878 515 1482 3374 4164 4781 4544 8984 7244 8707 10017 6744 7258 7518 9504 1894 6323 5995 8592 5001 6704 1902 6326 11685 3222 10526 1440 10249 4324 7563 6186 8802 12521 1038 11701 2832 3647 9344 9629 11693 6089 6309 9079 10348 10398 4154 7200 8986 11398 383 3593 483 11329 3968 3987 10047 4921 9523 10162 2733 9375 4949 7102 10641 11712 12812 1043 2724 2351 5710 3725 5978 6799 2434 12776 7313 12219 1883 5974 9100 7267 7371 8441 4457 5320 7134 7633 7597 12496 1771 8173 5363 10864 3212 8691 11089 5611 10561 3163 11881 4848 7587 262 9308 337 3136 4497 7225 8667 10381 4168 12402 2840 4340 6765 9281 806 10275 5324 11336 1366 7915 1547 11821 5143 11804 9174 12225 9905 11727 3274 5687 8493 10870 10963 3330 7456 2254 5975 8543 10857 622 966 503 1616 2588 5523 9978 5521 7037 771 9351 6375 10900 4175 7042 8886 7 5578 5639 741 3584 8262 12410 5422 10696 11677 6986 10521 8859 8872 2329 8848 6748 9503 7074 8221 5338 9516 6272 8813 408 3669 6176 8371 4534 6719 949 1339 2781 4528 11903 6788 12469 6625 8404 619 7338 8705 341 8826 772 9159 
4256 
4277 
9092 12774 5537 5936 2552 5738 1823 3792 972 2438 1129 3879 11200 64 9699 3284 11787 7492 8240 6048 10062 143 10994 372 8306 5557 5755 1125 9988 4055 8810 3424 11841 123 868 2692 108 497 2115 9233 2561 3393 4114 6379 8126 577 10345 3315 5480 2583 2973 5238 10807 2947 11464 2756 3672 3779 9822 4003 9220 9321 10424 2521 9975 7827 8664 9723 3478 8559 9903 921 11769 7468 11134 7839 12636 1887 6452 6874 11497 2853 4116 7081 12464 5255 5562 1749 2949 4813 6133 154 7835 5895 9278 4645 6979 4463 4598 11325 1909 3223 5598 8587 5082 7750 10426 5303 11426 11031 12620 8586 12541 7886 10221 10731 12501 5754 8525 8082 10293 1040 7445 7564 8295 11797 12594 5478 12266 5564 6317 11165 11365 525 11252 3510 8805 9829 1532 7333 5234 9381 4478 10873 5045 9788 929 5899 6014 9841 11566 4018 6028 5762 7378 10756 7011 10847 1277 9974 8061 12041 2118 9160 11997 12296 1204 5658 1804 7406 7955 4963 9698 13251 2190 6785 4273 11779 2396 8006 13264 422 1604 2780 11901 6229 10242 1644 7382 13474 8907 9852 1522 12782 447 3793 9618 4290 6436 6467 722 5948 3819 8602 8666 4604 4747 13132 3821 10095 11839 5903 7928 118 410 10605 3899 5636 10969 1824 2253 12243 12495 12592 4959 8282 5194 9654 682 8450 8506 7384 9843 6396 10283 206 7341 5221 10296 1119 5423 6683 10982 4786 10718 4828 8865 2944 10198 2580 2790 8544 10729 1447 3192 531 9469 364 3047 3739 1778 5334 4941 5638 6417 6911 2989 4205 3316 7051 1950 8912 4376 4820 3191 5058 12682 2799 6264 8108 10195 3613 12467 5306 5364 7968 9435 12039 7078 9042 1787 2718 6107 6577 10592 5823 6840 7785 8312 4307 8023 4067 9251 10991 8498 8572 10015 2037 7202 2173 8915 1588 8078 8482 10512 12331 6830 10778 3147 10330 869 11521 5016 5540 7730 11024 2055 5971 7767 8744 1520 6938 3859 12995 318 8281 13134 854 10182 3504 12067 5683 10885 2077 4583 5896 5157 7918 883 6328 4047 6414 4037 8068 7557 8302 3667 9049 8043 10308 997 1859 5027 7485 7853 9006 12514 436 7388 9611 1818 12184 13294 2602 4488 11128 1073 8284 9127 2946 12625 2999 4716 7086 7722 1255 1492 3157 3420 11868 1395 10020 12127 8950 10942 320 2546 11121 3628 12060 1827 6179 5641 12504 4710 7228 7749 9489 11078 3001 11852 1671 3217 8509 9760 2321 5932 5071 10704 
4470 
382 763 9869 290 3512 7523 816 10635 927 10044 5461 12069 1808 2717 9293 2829 4384 6556 11875 2834 8512 1483 8757 3409 7008 11472 4335 7256 8621 4886 7637 2432 10492 6314 7904 12534 3086 6967 11226 4208 5116 2636 3268 3709 5165 312 11950 80 11107 2528 9422 7605 8503 6404 9360 1203 6800 7237 10845 6192 12255 7500 11503 6101 10011 11530 4992 5263 6507 12010 1556 4493 9830 12566 12760 10 3252 6640 486 2302 444 9656 834 10624 2112 9352 3389 6975 7942 8824 3994 9465 2189 2483 5502 6062 1576 7961 5507 11954 970 3632 911 4605 4988 12738 4812 5258 474 6397 944 6286 5647 10491 3668 4505 7629 4255 11304 5855 5960 11313 11467 5649 5887 12635 3935 6868 1544 5031 11873 7975 8244 679 7294 1096 4035 4523 4052 8962 3517 8575 3238 10298 4844 10628 5749 12065 583 2212 6371 7154 11781 11810 1054 12388 9212 10284 6557 12648 4140 8829 8933 46 4364 8997 10614 877 11556 4907 8819 1696 5935 6203 8883 641 3083 2454 5976 9040 2792 10610 1571 9161 9857 12011 2475 3708 4299 5192 6469 10210 1782 12813 2074 5962 6860 6173 8389 139 5846 8217 11795 1233 2783 1033 9576 73 1687 1479 7509 1572 12430 2261 8053 2412 10243 1845 9057 2722 13021 733 10449 689 5959 2447 10070 11408 5553 6510 140 9712 11058 3269 13063 980 6568 4702 6626 12943 1465 10339 11302 3527 11845 4295 5287 593 6711 11066 2994 4914 7691 12724 7260 7422 10713 1066 9917 1243 4464 7810 8609 9558 8941 9080 6651 9663 1986 12200 3226 5228 6891 9304 1176 7577 6431 6506 10357 1337 5907 9412 7487 11831 3344 11680 4410 6783 7585 9081 2382 9197 3991 9463 2572 11969 5514 11386 8959 13042 1800 10670 11532 2457 5916 7956 12669 12692 2199 9564 5765 8661 10856 6198 8290 569 6861 7655 12472 9897 10333 3990 13406 3180 6609 10960 6954 11191 2236 7091 7429 10584 10566 12305 1419 1838 1322 5736 7351 1916 11820 7297 8767 8816 12298 468 2255 12578 2172 2589 2213 7701 2740 6013 11924 656 3635 4944 2318 11184 12753 3484 5176 11553 6408 9401 2608 8428 4456 10573 8978 10821 8062 9677 11796 12319 8657 13394 1177 8585 1401 9326 724 3373 3842 9651 11578 523 2075 12610 2127 10199 11656 2566 4787 4128 4631 4890 6413 7340 9551 4967 6952 11664 3088 3311 3407 4218 10824 7686 8001 9280 5195 6405 1844 3997 6424 2884 9643 4336 8171 3654 6763 8788 8869 983 4075 5115 777 8141 6633 6970 6146 7475 10976 11773 5996 11412 7417 12627 2962 4839 6667 7296 8316 10048 11516 
4504 
4694 
1780 4942 4396 10278 5706 7180 7589 9846 7851 10467 214 12052 6898 7988 1703 4693 6971 1904 7816 3427 4285 6734 7614 1031 6047 4289 12693 2505 5541 459 6691 9441 204 953 3430 11848 6500 9847 1376 11711 3442 6019 6496 1811 3851 5180 12379 12498 1566 2613 8478 532 5785 11523 2627 6311 7089 10544 2459 9338 10601 11570 4310 11998 3496 12572 8297 10282 9095 9252 1167 5074 6277 12307 1094 5150 6600 5215 7349 11218 1725 1860 2710 10679 3058 9716 1649 5188 10919 4297 8242 6985 7817 2655 8058 10495 11377 11655 4730 10507 11278 4309 6663 6942 9820 3353 8784 10038 3896 12000 3499 6050 7586 10591 2097 6443 8038 11547 4613 7399 5898 6605 5838 8291 963 2176 4632 1254 7746 5729 6003 4219 11231 6065 12040 540 11857 951 12695 9927 12095 12301 276 596 696 1039 12140 1305 7546 1460 1573 2390 5662 5734 12288 2343 3832 5302 2925 9661 1019 4272 3577 8589 6017 6281 8873 9084 450 8448 2555 9998 1707 1906 7713 4225 8075 451 11930 1837 12802 6856 7000 1124 11961 12487 7978 9428 4106 5643 5069 10024 11638 956 10983 5921 8532 2060 9638 2072 9962 3225 4176 5067 8436 1417 1982 4231 5560 8542 11126 11529 730 3041 10120 10231 11440 11567 987 8402 1969 2977 690 4401 5625 12412 6380 8077 769 1501 2760 10247 11569 2716 4764 5919 8951 4443 4805 2121 5446 5725 10701 2554 6949 6158 7043 8851 7231 10332 202 10523 344 4362 4932 10191 1403 5431 10256 12612 2449 10500 12462 6879 9085 5805 5998 7854 11430 3221 5984 800 2151 9834 9525 11877 5609 12429 888 1642 2103 6398 6580 8696 5272 8440 11561 12083 5485 12726 9033 10929 8756 9387 1149 6717 10961 4011 10064 6331 8124 1971 6851 3982 8040 9193 11739 4012 4070 5151 11673 1172 1434 7302 8913 11793 2450 7962 3939 5862 2259 12310 5164 13278 2460 8718 10121 9658 13285 13372 3452 8309 4227 6053 13412 1173 10239 448 1929 3929 5949 7812 9704 1420 8324 7173 9067 13358 3918 7888 11490 3585 10073 5290 12084 6634 8011 852 9855 10488 7769 12785 2365 6728 3882 9514 561 12984 
4724 
4756 
9639 10049 1377 6228 11957 1108 6085 8787 2687 2852 4550 2312 4901 8294 12711 2490 9008 2847 5623 7959 12008 1088 8267 2347 4459 4843 5956 5385 7869 838 4211 11921 4004 4603 1952 10964 11417 12169 3173 10758 10914 11297 6815 11369 3237 12328 2600 3931 2038 12679 2854 9803 10881 12030 3363 4650 11565 3175 12512 25 3845 4713 11318 10230 11889 5626 12258 3131 10502 1537 5697 6995 1740 6679 11872 5897 9217 5410 10092 2536 12187 4727 7407 9009 5085 7004 783 5390 5759 3 4213 4768 10229 5711 9473 10598 1633 1919 11070 6367 6966 976 2571 1653 8643 3329 5227 5881 10074 7145 11726 977 8426 12114 5225 10350 274 990 10128 6038 7699 1791 8723 856 8094 6262 11958 6566 8215 1156 9063 862 8910 9386 1064 7106 11658 7951 9206 54 5353 2379 11034 3193 6905 10114 719 7395 3281 6614 6768 8903 8477 9139 10179 12223 2749 7238 10228 7862 10364 1964 7455 10883 11667 428 2158 3039 5253 1104 10341 7428 12459 1012 10359 3036 4564 7110 10319 10535 10613 491 573 4996 1358 7512 11170 1429 6888 11972 1292 1543 7113 5208 6208 7601 10647 1026 5283 6685 9771 4883 10556 11802 4122 11967 12216 5014 9337 1161 2920 7380 7833 8135 8467 7641 9029 11421 7660 10135 10834 445 2591 12327 3095 3531 4156 3826 6889 6945 7623 1997 10309 1799 2471 12626 286 343 833 673 1612 4466 7420 2367 12234 5760 12121 2266 3287 5940 10007 1803 7046 786 2956 10025 706 1164 5109 1211 2818 12680 407 12194 1867 11768 10068 10227 1356 10931 6479 9718 7569 8367 2323 6112 4955 6074 11109 1122 7255 4414 9102 3230 8293 2804 11077 4767 12395 3770 7805 5953 11389 677 729 8944 7872 7969 11955 9163 10126 11551 737 9828 8494 8862 4386 9106 2166 4318 20 4815 7877 9267 10194 5968 6105 11145 6753 7989 12399 663 7193 1437 6955 6473 7665 6602 9000 5714 8545 5437 6316 10361 
1238 9235 8741 11519 4338 4546 4952 7006 5724 11660 2890 12397 676 9970 3875 8801 12628 9406 9577 10978 6494 11662 2144 2641 3962 4902 4379 7758 3465 8601 6094 11053 13159 2911 9189 2914 6150 8570 2400 10657 6225 11721 2117 2200 3861 10189 4033 4091 1286 9624 12002 12649 39 257 879 9494 6807 10291 4918 11193 633 5635 9502 11910 12500 2849 11626 182 4562 9069 10603 1340 3877 6887 2155 8030 2143 7038 2260 8079 9356 1578 4723 10013 10471 4593 8003 10343 8445 9068 11117 547 6835 3814 5399 6730 9265 8362 10263 1123 11388 4926 5398 1661 9604 1435 4780 4509 8393 10737 12385 1469 2845 6412 4867 10744 6793 11374 6340 8832 6128 7890 1336 9669 847 9186 4516 9451 1074 11040 2458 11098 3366 3712 3752 5427 8010 5104 13492 1580 7383 11706 4120 10475 12056 1273 1470 4571 6205 8904 12934 13311 6374 11552 8004 10877 8605 10859 6906 12685 330 7186 5080 5081 5394 8712 6037 10326 6093 8028 10022 3007 12779 3066 5029 9199 11784 2273 9211 8071 10057 2278 9893 1694 12339 2978 4144 3705 4679 4492 6686 1651 2862 10820 219 2898 2674 5492 9184 4026 9268 1191 11425 3077 3870 7405 8433 8789 10855 11013 661 2864 886 6357 2858 4935 3756 8165 4303 7924 11401 3313 9327 1363 4126 3733 4889 88 4327 406 5954 9101 9690 11452 12294 3051 5270 7124 12683 1502 3121 4092 4777 1007 9685 4191 5524 4320 4621 7241 2301 4086 5456 8044 6226 10173 9854 10542 7964 12600 5434 11358 5444 7650 5673 7775 
4788 
5063 12882 13293 
5068 8122 
5203 13034 
358 558 94 572 3513 5777 732 10165 4510 11993 2774 9324 1308 7131 5569 11357 12655 9180 12718 7505 11261 9714 11445 1213 7743 12473 3726 8103 8335 11000 4634 12478 3721 4030 12300 950 8341 2428 3602 1209 6345 3949 5286 3655 12739 591 4430 476 9782 499 2149 3461 4566 4939 8655 6386 10456 135 7177 10956 1256 1805 5214 1579 6508 7100 12562 7035 10131 12652 565 5360 2249 8854 1503 9424 12960 555 5465 12891 4732 9546 9735 11534 904 1055 9209 9937 9984 10634 10399 11007 1422 10433 17 3271 2472 2497 10374 6570 13563 3620 12849 4791 8808 2812 6234 2482 9814 4674 9750 5261 8021 1530 11133 1147 7559 8874 11823 599 13139 6789 13376 2175 5484 8936 9909 13546 798 1404 3395 4417 357 4349 380 2091 6939 6587 7662 376 8836 1941 10632 1206 12737 2435 12268 507 9052 10687 2961 4469 9122 11609 2489 10813 2284 5210 5633 10533 2415 7065 5123 8231 10664 9741 9866 10143 1542 9443 6895 12386 2192 6174 7112 6252 9333 415 4871 7677 1454 7726 3260 5654 6761 3372 11196 1789 5590 4654 7882 2629 7963 10560 3108 4898 11197 3186 7825 6111 8134 3480 6549 7283 7535 8792 10086 3682 5169 8098 13364 2597 9552 2545 4894 1994 5914 6147 12133 9478 11920 6244 6497 11536 13118 4795 12383 470 11142 7995 10811 1629 12315 6025 6792 12403 7663 10764 9471 11847 2509 11411 1485 10563 6319 9221 145 4769 4685 6648 10904 11241 
5310 
5483 13254 13319 
5600 
68 4479 228 1539 686 1327 2754 10077 10990 10264 10662 13143 2196 3396 752 10104 1005 1323 1931 3441 4261 11150 2258 7282 5043 10937 12289 136 3952 8178 1959 4413 59 9715 2691 5566 4006 12527 4744 10351 3864 5455 1259 7561 11341 28 9004 11267 4586 11182 1700 8415 3538 8278 3731 8461 2233 2492 9362 2776 12585 5137 8985 9959 11891 2830 2955 3055 6735 11549 1493 8746 9408 1029 10801 203 4171 2565 7236 3787 6275 11435 3214 11710 3696 7804 13101 3233 6757 6087 11835 13206 6770 9458 5167 10989 11286 9945 12373 1817 9510 12840 3321 8364 13126 8050 8273 5113 7594 9926 9673 10292 1884 5837 466 11093 11851 1855 12676 153 4411 5349 4754 6415 1347 8296 2562 5607 2741 7933 5972 12151 2693 9703 2009 9956 4707 5425 8781 10442 74 3873 1222 4797 9453 11009 1695 2251 5032 7508 7813 11915 7055 9059 4418 11507 1534 3161 4048 10168 804 3415 9540 7912 8085 207 8418 2219 3698 4757 5547 9083 1453 2439 8598 9818 10933 738 3543 3141 4748 5991 4649 8056 12705 7948 9284 2534 10417 2980 8288 1966 2099 822 3843 3310 6276 10272 4495 9230 10288 10606 10895 334 11266 9506 11742 6063 6688 3618 9373 11512 2016 4306 10061 10149 3272 12189 3046 9890 7689 11240 4423 10130 10241 6991 12453 2465 11229 632 3119 4950 9541 2569 2807 4808 6729 9150 4245 5794 872 12096 10089 11580 1734 12486 3829 12079 6450 6532 11378 1089 7792 7453 10186 3664 8929 10306 11407 10163 12442 556 2688 10703 7424 9395 4618 11405 551 2841 12987 3489 7680 13267 2098 9650 246 5713 6163 6354 9542 10035 5438 8096 9646 10393 11092 12115 11091 12342 912 8963 9198 7692 11146 1052 3309 9968 13221 2586 8112 13354 5859 7040 8462 5475 7174 12023 12821 13044 5433 12768 6644 7943 3092 9011 9832 12901 9989 10127 3498 12400 10430 11518 12433 12499 10866 11253 13053 607 6015 12323 1105 5139 575 11883 449 12607 1488 2334 4257 9780 12435 5539 9520 5048 5591 3030 8220 812 7317 1610 12320 2204 3434 11342 12366 519 11798 6315 10837 8325 10776 2513 10441 8780 9255 4906 9349 11956 456 589 32 2634 4115 10528 11382 7668 9891 8377 9837 534 8181 12699 4551 8403 7580 8720 10693 1190 10891 4429 7093 7474 10692 18 7206 3894 4662 889 3902 12489 8203 11744 5873 8060 11777 12168 12551 
7926 12686 4074 8238 12508 12771 12809 1658 5002 764 3048 4448 1779 9739 3319 11919 5825 10375 697 6521 859 1825 5806 6869 8505 2113 12026 3258 11083 11931 7092 8305 796 2770 9179 979 2870 7700 8292 4630 10529 1293 5323 7433 1263 9512 1546 3398 1570 11869 5620 8409 1183 6924 8641 11666 1514 5957 1186 11794 7741 11185 2796 3989 395 8906 1957 2553 6200 8314 7731 11574 2594 6303 3874 10280 12981 2706 9630 5105 5920 6293 6670 2786 4263 4301 12611 6444 11205 7539 9920 12886 4715 12807 5994 10581 2274 3671 10161 12549 6092 12032 8353 8387 890 3413 6613 10004 1839 6825 4398 9460 6503 10388 2168 7473 2742 8640 13051 2886 4013 5257 6695 2336 12732 149 2501 3639 377 2309 10279 12454 96 2878 1283 9574 190 5726 2512 13511 5254 7486 10151 4538 8520 907 5772 6787 668 9526 7602 10798 11343 3649 4689 12384 3780 4060 8080 10337 10353 3339 9931 12523 3833 4044 3142 5766 1245 10027 10202 7014 8528 9482 1988 8013 713 11216 368 11703 1666 3358 3164 6042 9626 5997 8827 12303 6716 10257 10835 469 6814 5173 9535 8548 9754 6021 11617 3759 6827 11616 1877 2498 12360 2226 4626 4911 8224 8574 709 866 4849 101 7366 2795 12336 3235 9529 1793 2092 7762 12416 10090 12772 9444 10980 3612 8128 3732 6154 3754 8378 4085 5845 9312 9499 1014 9485 2300 10715 974 7657 7868 10088 8770 12019 242 8674 4095 6329 10301 13322 2665 6806 8235 1713 8845 6091 7072 4304 8663 2380 11288 5660 9299 3099 9724 12598 7374 10884 4110 10050 1467 9823 4678 8716 6075 11010 6653 8759 6109 7073 8356 3410 3528 2148 7049 296 7262 6378 9158 9732 12185 281 1446 7684 4392 11501 10084 12149 2747 3483 991 7309 3942 10099 12667 10909 11243 3106 11055 9623 13477 11801 12727 5265 6073 1457 5629 2310 2856 10787 2466 4031 4365 5420 6775 5033 11778 2012 7897 12977 1162 1774 4276 5640 4332 7645 13556 5370 8406 10414 12414 12177 13522 12150 13108 13182 11251 13004 4956 8825 13019 1350 6845 6989 6859 7090 7462 501 5375 11601 817 2356 3993 12439 
5751 
5977 12948 13426 
6043 
6418 
6419 
6421 
6544 
6545 
6586 12923 13392 
2825 8206 11370 1739 6004 9054 537 5466 1148 9196 4636 7466 13558 7484 10071 12137 756 12129 3198 12644 1291 9952 5742 8967 2942 5075 1306 8012 861 4360 513 1140 2912 11840 4997 9157 13192 1391 3533 2578 11364 12766 2640 4083 844 7733 1536 9447 10443 7849 10565 2110 6553 11122 2737 6590 9495 10984 4028 4537 4917 8927 13363 5311 5430 6656 12524 1250 5528 5782 10110 13207 1548 4088 7870 9311 11367 12233 1559 9369 2304 9018 660 9348 1314 1772 2757 87 3858 5869 9508 598 7465 4021 5179 7013 10783 5281 7107 2207 4139 5568 3549 6289 8496 9801 5904 9231 996 7434 366 6585 841 5205 2178 6098 10260 10551 2265 10833 4675 11087 530 12057 5160 6926 1947 10101 1679 10273 7576 12560 2410 11591 2048 8179 629 7807 8487 10611 536 1361 3684 4313 8638 7350 10505 2319 7268 928 1269 3491 7866 12162 3181 5489 5700 8435 1589 5222 3764 12584 1981 9178 10106 2359 5083 11123 780 9711 367 4433 5161 7298 12117 678 2620 12471 1409 10971 1261 1993 3052 4527 4242 11960 4042 7683 5402 6591 463 3432 6137 4036 10487 2669 6284 1962 7732 2848 10905 857 3352 3411 6733 960 10107 5645 9058 6022 6493 6113 8797 1557 7626 12944 1688 2230 13564 6573 6948 10206 5744 8806 12745 3836 12788 2013 11942 1712 8368 10927 4353 9182 6759 10781 9752 11289 1729 12506 1704 9103 9330 11898 12513 988 8036 11068 11789 2885 3940 4909 5289 2292 5379 105 3378 8481 5125 6214 2727 4472 6488 12213 7201 11322 3257 9757 6210 10335 392 3978 2839 10853 11947 4624 11606 913 10253 3626 7511 5937 6747 819 1678 1742 4648 8562 1405 7379 5707 6356 4244 8888 2429 8747 2971 3566 2354 3354 4368 9165 611 3061 8280 6909 9507 12963 2101 2746 315 2558 6060 3800 6304 6631 4879 10788 2341 3616 6245 9765 11168 11416 630 1463 3340 10880 11581 1655 5702 1706 4763 3300 11101 1392 5512 12819 13398 9859 13106 
137 4893 7369 2183 8724 1024 5450 11887 1625 8192 1639 2954 2141 8029 3367 7531 9809 8751 9682 2001 12276 3560 5723 10631 11782 3959 7497 2520 5503 1618 4153 4201 9660 3029 6572 4804 9904 824 10478 2463 8154 6482 7606 884 7806 10139 7330 12280 905 6563 9895 10587 12744 5538 12420 4582 6647 4896 11125 895 11111 3314 4490 4640 7547 7436 8015 34 11183 8798 9382 958 10248 79 12214 508 6061 10358 10497 5103 5518 8210 6947 7326 8566 125 4357 6250 11996 3897 8734 1362 5747 5207 10122 5911 5925 9219 12119 10148 11213 3454 7263 167 5519 299 2794 735 2203 5397 6811 4378 5928 10252 12955 1519 4830 5947 10155 637 6485 541 12930 4671 6908 9108 10774 6172 13104 814 11210 579 1364 6933 10952 3456 5449 3490 5391 2809 4278 2631 10419 5168 10262 5476 12645 3399 6996 12311 4739 7498 3956 4343 1806 2427 10724 9399 11632 903 2138 4765 9993 3138 6440 9218 10734 5552 11069 4409 5473 8138 6516 8749 8452 9667 8119 9728 4776 7631 1476 5944 10827 12638 2322 5319 5414 3448 6084 6645 249 4873 4172 5561 12195 12263 7648 10695 2551 12088 4202 8611 520 4614 8018 8157 9557 704 8321 1398 3693 7017 10174 10627 12020 4321 4647 2366 4827 1623 2431 6359 297 9415 1662 5298 5892 6715 1607 8702 256 9301 9431 6886 9710 8059 8739 7128 10347 6078 7953 173 3211 9784 522 4217 12345 8995 12377 12559 3458 5923 12618 2452 9619 6076 9951 12222 1180 4355 8470 11614 2404 10208 625 5248 9799 5753 9247 8982 10540 2822 3158 7301 7129 11041 781 7325 3084 6383 8104 3195 10871 5436 6439 4071 6710 195 1165 9850 9922 10387 11979 8497 13151 8725 10554 11114 12254 6218 13314 
1792 12242 6169 10436 5891 8884 4703 8391 7311 10805 7077 9606 8708 10793 961 1682 1641 12792 1037 11928 3337 12028 7026 12104 1018 8468 7163 12375 1320 5720 5963 7822 12196 6903 12582 4861 8821 3322 6035 6980 9350 2933 6518 5832 9329 1141 8673 421 3791 2134 5262 6540 6607 7770 10604 2040 11383 12815 4350 10597 12507 4698 5134 4249 9146 11380 11740 1316 3295 7694 3298 12757 2940 4461 6571 8768 13389 3571 10548 3069 4585 5912 6732 385 1602 7789 11863 6828 11293 6657 11949 1820 4190 1373 8922 7125 7653 12529 9384 10706 925 12408 12751 2006 3151 1871 3619 3444 7448 1137 3375 92 12767 3150 7860 4473 8245 7257 8842 8940 10863 7871 12346 1421 7461 141 1474 9032 813 6086 3686 4641 2262 2416 4099 11985 4188 6990 6739 9110 512 4819 5275 9070 6866 9919 5428 5429 6231 12142 4016 4076 7993 9709 8698 12898 9202 9392 9995 10391 11351 2519 7709 9374 11177 1303 4059 10325 4874 7903 1911 4965 5190 8111 9404 5871 8051 62 7094 2810 7027 3760 5520 7454 7556 4381 11025 8264 9670 57 324 3970 559 9328 9921 1152 12651 10777 12146 4465 5066 4912 12176 7319 11713 2210 4432 3168 4778 7478 7503 12835 13245 1168 4098 1234 5212 2372 5849 3809 9177 1814 11132 12615 11171 11970 13030 10119 13446 7373 11230 1983 4595 2128 4814 3059 5159 3421 6698 6251 11775 2135 6263 3580 7501 8745 226 5114 3723 3891 3090 11540 6190 7617 13236 5730 9277 11937 4330 6103 12302 8687 8877 7536 10499 717 5005 9568 11860 8074 8629 3317 4408 11815 10012 12396 30 3642 4001 4887 6588 8939 5251 7987 11161 7715 7999 2502 9601 2915 10218 363 4692 5336 592 4722 6929 11418 462 1368 7009 3422 9332 4358 9573 311 3245 7044 7598 5781 9610 9501 10721 
876 13097 6786 13471 13501 
6848 
6916 13077 13519 
7036 12857 13078 
7111 12983 
7292 
4399 9515 9462 11585 935 5352 2736 3436 5432 8529 1915 7084 7765 664 10844 779 6185 6982 7216 7039 9707 9779 8778 9336 1010 4259 1659 12229 7022 10370 4766 4870 4370 10671 3559 5239 6010 12034 8398 10225 4102 11905 1850 5481 5211 11352 9794 11026 213 4288 7452 11697 6224 10661 1516 2609 7624 11001 11941 12064 12290 124 3511 9986 11695 9781 11665 7019 12528 12661 9592 12756 851 5601 6529 1835 5098 6118 1085 5407 6191 10153 9041 11579 12275 12708 4065 6700 3713 5458 4866 6339 1645 3299 1351 5752 7386 8083 916 3280 12380 4920 9021 5764 10463 1475 8489 6505 11096 2252 6079 7254 9343 2440 4069 9300 10438 10908 10988 238 11495 1984 6993 8143 723 3190 3660 943 3381 3670 4851 3127 5813 4494 8974 24 3096 9107 10010 3153 10250 603 3697 3847 347 4387 2307 3187 7068 3734 10515 7261 9856 8795 12552 1378 10124 12221 6514 9491 11321 4000 7783 821 11786 2169 5094 2025 7671 12421 4628 7567 11814 8405 12122 2276 9030 9269 3548 5677 6327 3361 6429 8447 10599 1090 3132 3494 8047 7232 11221 2279 8610 5703 11468 1886 3892 11517 2976 8578 3922 9991 7156 8777 3589 8538 500 5728 843 10416 1390 3629 1733 7031 930 4721 5196 2761 10708 5599 10409 5172 10081 6369 11968 9 2592 11169 1195 2002 3729 12749 6012 9530 9721 3034 12006 5285 6108 12249 2623 11039 9705 11458 6803 7274 3459 7679 4462 4629 8252 11603 657 10562 631 2625 2806 4474 10850 1298 4726 7992 8449 9768 12540 345 2624 6175 10557 7142 10547 2638 7704 2511 5943 1355 12111 227 8618 12256 3213 11856 5369 7385 1521 10154 6152 10872 1083 7919 5460 10322 2423 10732 1685 2784 2855 2106 8110 6531 11260 1846 5389 11048 2087 7467 745 1011 6706 7164 11792 666 10328 1310 2557 3266 11152 3200 8352 2064 4471 2527 9380 6387 9418 11938 7108 9644 3966 8659 6040 10338 3026 10629 9432 11391 2504 8465 8521 9168 475 11613 2287 6850 2508 7130 8607 9232 12564 6422 6659 5020 7544 1968 7910 1735 8717 11082 3338 5291 283 8069 8896 10518 2433 4719 10810 12803 6249 6536 8537 9339 9597 12596 146 4601 1990 3477 6501 205 6635 11622 3060 9298 1486 10403 3438 3446 3790 1266 2268 2370 7398 9194 9249 3342 10784 6819 9015 6138 8803 275 3980 5454 10384 2814 12415 435 1035 4163 3014 11589 6627 6873 8064 10039 11745 1951 3653 8947 9292 12654 5905 11333 10682 11825 634 5028 8299 2628 2932 8613 11375 1069 7123 4165 7212 3636 5487 11451 11633 533 1697 1786 6300 8315 12503 514 1215 9483 231 5304 8412 2109 11246 2793 3236 2360 2969 1506 3771 864 2548 8492 8257 8552 3210 12761 3025 5244 7322 7397 11234 2205 7479 1480 1698 669 11186 2968 6900 4760 12357 1015 4513 3255 4691 3336 4664 11678 12144 2399 5621 5841 5885 8414 11272 9044 12038 12583 846 2023 16 3786 11612 2147 11285 4437 6721 359 7181 3815 9736 12141 12175 6781 8954 12702 356 8479 2753 5294 3748 4696 5474 6080 7354 9152 2481 5527 6280 9868 8042 9166 744 3425 282 4444 418 3955 3170 9620 10806 2850 5393 6499 12450 6151 8275 6399 12622 2130 3651 8274 2750 6797 327 2051 12102 7334 10576 8148 8334 4476 11766 
6279 10530 880 10404 1312 3104 3292 655 4977 7885 8250 45 7342 10098 1759 8603 946 12251 7361 11131 6946 10219 10595 12374 2988 12908 823 1768 3139 8881 3290 4708 5440 1174 3846 5533 7994 1754 1758 3920 8755 3417 13454 2676 10009 7630 9560 12089 8644 13283 3755 12903 13196 4271 11159 2500 12418 2547 4032 6495 4017 5743 6400 7234 12369 662 6877 934 7343 2056 10407 2514 11642 4729 9282 9288 12101 1646 3249 7003 8102 2000 10615 2990 12746 3530 6987 613 8277 801 6442 3691 6804 2046 4223 836 11767 4610 8144 6325 7735 5692 11149 181 8484 8239 8573 3568 8993 1528 7353 11046 6638 9118 9802 7880 10066 4197 11214 3753 9936 301 731 4454 89 11208 152 6449 6795 1554 1885 3350 4790 10936 11265 6168 7540 7140 11238 4260 8131 2057 2702 3773 10516 237 7018 263 6350 1512 10255 9769 12841 13497 1872 11387 9967 10113 6199 10405 12968 413 7736 3447 7446 7779 10147 7494 8948 5358 9207 1375 7533 9770 12605 674 1748 5175 84 716 8956 11991 5797 11051 2575 9953 818 10841 11894 4440 6541 2892 5876 2768 5036 10415 4931 9126 4421 9050 4701 5199 5409 10480 4431 9616 1216 2668 9600 5985 10658 2764 6665 5131 8232 8902 6181 7132 7251 7411 9916 10448 3392 4680 3711 8831 680 10305 12322 12630 4008 11761 9924 10453 3614 4974 4542 5693 7551 4162 6736 4623 10245 1533 10832 882 11270 7578 9635 3650 12226 19 2945 3278 8622 9302 184 8162 10152 1555 3038 2080 11818 5380 12235 1410 2539 3457 10209 10281 5093 5555 5447 8639 9892 2798 6161 6077 11648 6242 8955 221 1621 5470 10555 12047 12427 12050 12539 3868 5197 2402 4132 6537 6352 7248 4056 6677 5808 8170 5745 7470 8084 8519 11618 4428 10380 2816 8988 9082 7121 12356 1917 8656 6206 8822 6455 8500 9614 13015 1022 7050 7020 8625 4980 10054 361 3544 3264 10190 3297 11324 1321 2660 2058 11897 7137 9490 2271 11615 3154 4186 1935 8373 2364 2960 2257 10789 5530 8254 11148 4891 7543 3924 6791 4136 6240 12522 12525 2951 10236 13222 5426 11808 5816 7208 12877 10483 13452 672 3665 845 7752 8550 346 3818 1890 2491 1477 11300 971 3888 5152 11558 3194 3675 7970 8218 6826 11032 6682 13443 1257 7922 7059 9717 6008 8523 5049 5917 6914 8033 12278 1307 10493 3303 12085 8159 10588 2871 8539 104 8476 789 4124 10753 1726 5883 7615 5226 9676 11151 11754 11028 12806 11362 11568 8486 12783 554 10580 142 1455 7459 11502 4970 9115 2550 7088 250 5356 2015 6875 11043 302 4642 13014 6934 8076 3385 6202 5804 12477 13038 6072 9550 
7476 13199 13429 
7524 
7642 12933 13507 
7673 13334 13523 
7707 13174 13444 
7764 
705 13424 7773 13393 13414 
7927 
8107 12868 13261 
8158 
8234 13047 13368 
8251 
8313 
8558 
8662 
1157 6024 11829 65 3380 4094 4323 4406 10051 4681 6196 2163 2992 313 3250 5505 11104 5908 12561 2991 7170 11545 5763 12664 6393 11610 159 10767 5372 12016 5850 8534 10957 117 12387 6237 8349 9582 9010 11555 574 8870 1785 9701 3679 8270 792 1145 8809 12145 2986 5577 13455 3080 11837 2335 7884 3244 13244 398 6725 10539 1664 11755 2556 4807 9668 11192 4019 6188 2696 6000 7781 8176 8651 12991 8689 11269 3081 6743 3439 9957 7057 10709 6574 9981 831 7324 11599 3114 3588 11926 11971 7096 10769 1120 2918 8375 271 8754 3772 9593 7347 8253 1970 9882 11772 3159 4829 5656 5851 7842 6423 8554 2028 6261 2283 4928 3144 11316 5500 11751 6723 8120 6368 9262 616 6129 5346 8471 11640 454 485 10772 12616 4705 12690 2712 11987 5021 12633 6582 12937 1426 3419 3535 4789 2922 3938 329 3182 3371 10142 10285 11762 9316 13400 725 2666 9812 3866 5612 8776 4134 6490 10527 2797 5024 3718 6817 3082 4982 9556 849 5010 8183 9310 6257 6820 7670 12576 2817 3582 10045 12252 2392 4801 1847 7780 2744 12456 6855 10738 478 7584 8758 8847 2436 7437 8591 11537 3188 5091 2344 7414 8627 2299 8480 9655 791 2270 5373 10440 12344 6265 7033 186 7957 11178 4416 5970 8728 775 13312 13353 4823 8853 3428 12390 13326 1135 3911 1432 12488 3148 4334 940 6834 2408 11154 3758 10749 3958 13289 1815 7831 4215 10962 1218 12696 3917 10920 13003 1701 12180 2227 5587 3228 8259 2373 9024 10612 11756 331 502 3063 8564 743 5047 12365 2374 4045 5829 8685 3923 10401 13290 6780 7005 4002 4155 6964 827 3581 2567 8032 1608 10672 3802 11110 2808 7954 1508 5910 4643 6153 12684 1967 10702 6956 9061 2083 3835 6166 12166 3823 8000 9838 11819 12363 4508 7321 12205 3775 8207 1918 9366 995 4347 12393 3012 4283 3573 9696 
767 1142 2766 6639 6941 1411 3716 5532 5548 4104 5359 7101 1722 2326 10060 5669 6629 6178 6274 3579 4224 4555 7495 9929 53 6346 931 7532 9439 229 11557 594 1106 11774 1212 2614 3995 11916 151 9808 1670 6547 2123 11056 5818 8518 7776 8172 2787 10028 1217 10392 3518 12490 5637 8319 3351 10992 7911 9038 2983 10642 4884 12173 2496 10791 2111 10534 5035 10079 7809 11783 2193 6524 5558 8581 7711 10379 8654 9484 8156 12075 7706 8732 5571 9377 3689 3834 11893 626 4881 5146 7076 2887 4293 4179 7570 8660 5741 12324 4860 6944 1796 7167 7284 10564 8212 12152 9584 10413 1103 8835 12769 2953 4599 2723 8623 926 1194 2059 11303 8650 10571 1424 7143 8233 8871 9766 11694 12190 457 6342 9403 10716 12202 351 3781 11978 4660 6965 2017 5149 2846 11379 2821 11498 239 3002 6620 9437 2030 4735 621 7187 8413 3100 9686 2174 6115 9622 37 12537 5865 8857 5237 11800 8396 10719 5787 12451 1586 12673 2714 11434 11460 3600 7636 7136 10019 12107 6961 9148 2650 11904 2515 8146 2618 3704 293 10254 10334 2444 8427 828 3645 10941 12747 4990 12076 162 3004 3515 3687 5284 5679 707 3042 2160 2398 7545 9039 10237 10600 11945 1494 5072 7273 9131 8046 9939 419 793 11908 2131 7638 12808 7357 7983 8890 10860 10164 10394 11381 11052 11235 8595 12110 3831 7337 4627 10822 4108 7457 12354 1450 11204 6491 8054 11099 3445 11625 
850 6441 2523 9549 2622 7360 11330 12306 2967 5918 7542 9475 9608 3590 11728 1268 12535 6974 9359 1240 9205 4706 10559 4962 10953 1513 1826 2327 7610 4862 6561 9543 1443 3961 6664 4204 11346 5145 10913 1267 1299 9795 2707 4522 11462 6520 10132 2765 9425 652 10177 5901 7423 10727 6904 10878 8949 10212 6522 9055 2901 10356 627 1801 7245 10094 1439 9580 10637 1102 3400 1208 7275 6790 9591 2751 12710 2715 3525 1205 7504 3988 4852 10411 11976 3743 11520 1381 9932 6750 11175 7316 11715 1998 6692 6020 11824 5842 8129 10660 1265 11588 12571 1121 12603 234 7126 11290 4568 12457 1640 8925 348 3383 2908 10470 3075 3570 5156 11722 199 4237 10317 1944 4683 9862 2242 7032 2394 8116 9954 4251 12118 3768 5579 8017 12372 908 2719 1196 9787 1396 11481 1977 8408 4029 6005 3769 5009 1487 8469 13301 1628 10747 1614 5508 4058 5017 1311 5386 6810 1920 7016 8016 9509 4589 11649 4677 7861 116 6099 9913 2998 3936 9285 7768 10349 2530 11586 442 3259 12476 6271 12790 4817 5153 3567 9066 423 12452 13325 1484 12359 5329 11299 2470 5884 2659 10244 10265 2934 11790 10525 12722 1131 5857 7656 4025 10069 4243 8049 2426 3162 5126 3503 13040 5052 6081 6714 636 2345 5374 5893 9216 1044 11015 751 4393 4821 9533 11723 1976 7148 1689 4882 8634 2728 6341 858 3507 12714 1318 7582 9228 11103 739 1013 2369 3624 5699 8014 9923 628 12577 4182 12053 13 7189 2811 9748 919 11138 4435 6157 1188 10522 13179 2526 11917 1202 10680 2610 5264 5941 5674 5989 8286 144 5704 7367 2217 7949 13369 8432 11199 2156 6220 1175 5201 2735 8400 4253 5900 7952 11220 4560 4919 9144 10625 835 2611 7929 6492 7506 10205 122 4380 7169 5371 6623 110 7368 3900 7210 1802 10435 2517 12245 339 1095 4575 8037 1873 4234 11081 11499 2164 6390 7548 3285 5166 2125 9353 4638 7876 9407 9409 9162 11156 891 2140 6377 12970 2484 2700 10117 12325 12643 8214 11457 848 11276 8456 12511 4746 9791 5468 7115 5852 7923 12713 12734 4989 8527 12438 1797 5945 12538 887 7488 7612 6959 12629 4096 8794 6922 10623 6796 10686 8320 10223 5878 8878 8924 12704 6601 8026 7240 11090 11535 6621 11061 157 12621 386 5163 323 5219 9941 11227 10336 12147 8868 12392 5877 6699 5419 6684 8658 11590 7058 9340 7286 7778 1979 5784 6836 4580 5376 11045 8336 8361 3986 8999 11564 12071 3289 3876 4040 6513 6997 4133 5927 9253 12796 10477 11493 1182 2843 8514 10297 11097 2355 4850 5498 12465 4646 8225 2159 8617 2981 5602 12287 5951 12337 1673 11914 12999 7766 8958 4529 10434 10376 12770 13057 701 12444 362 2705 8669 9796 3401 3546 8645 8771 8072 9518 6611 12207 7290 10829 11593 7463 10460 6546 7370 538 11572 11696 60 11866 566 4517 10917 11353 11283 12007 7435 11198 7759 12586 9140 12928 1275 3564 653 7285 4041 10211 10691 3545 7335 8858 4711 8381 8483 10987 208 1178 6802 7828 9773 7080 10141 1587 3979 7047 9662 8022 11629 5111 11073 1386 5665 6409 10001 133 1592 6543 304 8647 8791 1369 9319 6338 12033 6538 12389 12818 6746 8931 8365 9426 2941 11021 11064 1244 11384 7593 12546 8337 13170 12035 13291 
9047 13183 13275 
9109 
9137 13475 11933 13083 7166 11659 12858 11684 12916 13529 3816 13022 13345 2590 11143 5952 13270 
5200 12580 3324 12347 1605 4166 6122 10622 10663 1163 11939 3464 8307 750 7845 9864 4274 11791 2485 9996 10192 7249 11292 11295 5218 12681 458 4483 7097 10501 3440 5185 12602 5926 11494 6829 12436 552 778 5008 7041 4424 4978 11287 964 2430 5657 7215 914 3416 8964 3659 7211 9824 642 10770 6337 6459 8861 11944 12098 635 1050 8025 3692 5934 1304 1798 718 2615 6320 7219 10889 1380 6612 3335 9341 10775 3685 5809 10058 6712 9258 11750 2673 2869 3536 7946 8938 75 3658 5966 691 10091 5361 11691 2417 9287 10794 11340 11631 21 11038 3551 3844 3070 6243 938 9045 10271 12492 4976 5019 4053 5110 10650 11584 3362 6007 316 8719 391 993 3359 9720 695 9481 6548 12132 2228 2468 9099 10118 401 9016 2647 9222 433 4782 4940 10558 12533 2621 6643 5879 9153 7611 11900 2585 5366 9505 3463 12231 6389 8150 9867 10385 10235 11444 1832 10373 198 4591 113 3932 5685 177 2683 1171 6559 2639 2916 3234 5350 4160 12293 3798 8893 8676 10382 4082 9971 753 10757 12954 4138 10486 6893 7958 761 8407 1889 11144 11390 107 1942 8041 1324 5477 1577 2529 4135 5206 3325 9596 3741 10033 5108 6713 5154 5880 3595 12805 3951 7710 5351 8914 8761 9772 3122 3830 1985 6675 1686 1868 2132 11368 3724 8649 9176 9737 9569 12362 3174 6051 8952 9479 10765 10445 10688 3597 9877 11846 12218 264 8279 11112 5597 9286 1741 8916 132 6882 7944 9273 742 11513 1830 3541 10621 12171 166 7801 4500 5233 2208 10014 3019 11047 5117 9933 7554 8475 5183 5586 8338 5567 9844 280 1344 4929 6530 10277 9621 12470 546 1705 646 11843 7712 8354 1665 10075 1258 2024 5136 8140 6155 7265 6292 10538 13095 1730 7729 9585 11233 2032 10031 
3521 9237 
7528 9346 9964 
1053 11247 4576 10008 3778 11035 1598 4961 7387 9449 11406 1938 3263 6465 11699 11912 1408 2437 7751 11275 1936 3097 6894 9402 1899 10207 4402 7025 3201 12340 2789 3341 8681 10675 3293 12364 4572 6032 12070 12283 1075 7519 7669 7697 11262 11328 4266 8031 8429 9413 1631 5858 3852 5861 10274 1954 6660 7063 11849 7203 12642 3160 6816 211 7937 8443 488 10797 3156 5840 3583 6774 1384 12074 1949 6813 2243 2873 2420 4616 10977 2039 6288 803 4519 10676 6953 7719 185 7881 4294 12271 265 7198 6296 9948 2883 6056 2224 2672 4904 5824 10951 473 5459 3880 8289 8932 12203 1252 6669 3232 4625 4897 9990 1869 4811 1154 11399 3807 4718 5670 9689 3365 7045 1431 10699 4397 7391 7974 832 2579 9372 9980 6843 11307 86 11892 2643 9702 8491 11050 1016 11705 4112 8885 9681 10439 1030 3943 6297 12054 6764 9456 1063 1550 3333 8679 4331 5517 875 6915 2289 4934 878 5790 8039 492 1960 7458 11280 5220 12326 7146 7756 3256 11319 799 2418 3078 5596 6615 10707 703 3735 5595 8473 6160 7790 3016 11560 601 7896 8204 9642 10331 279 9786 5695 10836 10158 12754 865 7441 4858 6435 4061 5278 438 11347 909 3594 3109 9678 5529 5712 12550 9879 11423 9734 11716 10939 12468 6083 9187 3825 4712 10197 5266 7172 11100 
1138 6519 2031 8105 3346 11597 1048 1342 8793 2150 2185 11577 4184 4345 4594 4979 9164 7403 10717 138 2882 6067 353 8975 2027 5628 3323 9910 3357 3703 1354 2899 11105 1870 4233 4468 10760 608 4714 4872 7199 2680 11964 2663 4267 2906 10608 1370 2993 4344 8502 4842 11550 5715 12460 7162 10643 2678 8882 7365 11927 580 10294 6213 11469 4784 5676 5097 9427 155 12553 2238 6433 1765 2524 2720 8786 1790 5186 2346 3011 6778 8624 1297 6567 5779 8191 9565 3386 5141 8216 3965 9691 11925 6278 6913 1300 11076 5739 11030 2698 6880 6437 11504 4895 12367 484 600 6131 9522 3253 8125 1910 2866 10052 2775 3547 7654 8843 597 4770 7304 8458 9793 6823 7071 5344 8764 217 8323 5616 10290 10455 12348 5721 11174 4367 7898 9578 10397 1260 1345 4761 5544 4161 9901 1214 1242 2070 2315 5464 7246 3646 7390 4305 5589 7451 11206 8437 12148 5061 11022 7590 12058 9878 11486 12212 
9563 13260 13408 
9706 
9713 
9785 
9911 
9938 12878 13487 
826 1648 13433 1284 3072 2116 5694 9378 2049 5343 10520 4878 8434 2317 9538 4837 12277 6082 7352 8844 12316 2648 3033 4181 8582 9992 6432 6489 67 7639 4606 6771 7799 728 4049 7079 12519 8318 12762 2493 13218 1231 4847 5339 6363 11259 1251 5073 3482 7737 11805 998 5551 335 581 4157 2568 8897 4300 10667 1158 11396 1923 3094 9943 10146 2828 9961 6372 8269 5040 9149 6324 8226 10633 11896 1082 8743 7150 10427 8027 12267 12474 7418 12081 48 196 3327 3219 3700 9613 4975 7859 2413 3998 3183 5122 2232 10740 3985 10995 4592 7408 7221 10728 11600 5545 6968 8271 9379 9493 11355 13219 2708 9900 6668 12671 13239 1227 10360 5322 6550 7947 6247 12024 1315 5814 7362 787 3074 4103 7841 1139 8730 12887 659 13421 1246 3402 11911 7909 12884 13399 2201 4109 1341 7220 12413 1253 9123 8055 13093 9114 10315 638 12449 6992 7440 3701 6358 9289 11476 1783 5250 1272 5573 6930 10193 1511 12248 2161 9175 13535 
10214 
439 13431 10327 13403 13554 
10342 
1549 2801 6973 5866 6844 788 3777 5531 7553 7182 7960 2726 4602 7836 1756 9112 3018 10261 13521 1669 9361 4947 7438 2388 12795 9345 9347 602 8490 11201 12134 12417 2153 4717 1462 9393 6055 8268 13390 2333 4046 5495 5750 7400 12674 12833 76 2093 721 6287 12317 4499 9225 5663 11874 1764 7171 120 1200 6236 399 1346 10619 12466 4477 11546 740 3903 2186 6673 4192 5922 389 11651 3865 11807 3644 11187 3969 7300 4581 8557 643 1591 6937 6124 11842 425 8942 1101 1746 49 2010 2348 1599 2162 2657 5406 7135 784 2021 9455 2068 6701 7574 5341 12304 10312 11682 2296 11548 288 4206 4548 2510 11635 13324 269 5443 1535 1852 12712 3165 11608 5830 7066 10216 10981 2406 7517 9811 3592 10792 7738 10902 189 11683 4043 11453 414 8099 2035 8504 1159 3727 2842 11062 12174 3056 4759 2256 5819 8410 1934 7568 10021 8266 10773 9295 10346 1249 7685 11491 6018 11018 9645 12516 4502 12639 1540 4265 10645 11273 1724 7151 2320 2487 5843 6119 11002 58 7979 2461 3904 7742 8106 494 10423 2888 4608 5271 8563 3085 5690 3248 7672 825 2827 5288 7595 2381 4958 11492 3848 3860 2297 9156 6057 7364 665 2879 8419 10459 8466 9185 1980 8729 9001 11141 2637 9914 1097 1563 2730 6702 11478 300 5930 1414 4284 7830 7848 4666 9500 3796 4736 829 12001 1745 2362 3695 4775 6552 6596 1449 3044 3370 9883 4415 9612 9930 10892 1716 4953 2907 4220 4359 8095 9860 11211 7280 7661 8329 12448 23 235 4394 4845 11037 5839 5969 11157 5384 9476 10803 10862 8668 12985 6361 13148 3474 7815 11864 2214 7030 7471 4375 12665 1223 8256 11264 7270 9254 4023 9389 1071 6434 3661 3678 9454 11700 1317 12153 4521 9863 10295 9116 11637 3053 9244 12942 2779 4178 1490 3334 12045 5668 8219 6425 8721 7967 10377 
10395 13197 13380 
899 1857 5044 5666 1667 6457 6646 11312 309 2516 10550 4207 5355 5593 10578 7469 11832 5768 11686 1279 12659 6731 7449 1876 2377 2391 2867 7323 1692 7837 5992 11749 1060 8066 1932 1961 2235 6972 455 4282 2303 2738 2020 10817 584 648 4351 4050 6637 12641 225 3040 4700 8972 11735 1527 8034 10032 11345 81 2802 9839 11679 1000 3820 3453 13215 403 5121 11999 2593 4329 1471 6630 8807 1898 10874 6689 8423 10188 4090 12777 13114 2288 8174 4688 5309 8052 10494 1784 4252 10018 3110 6364 9224 314 7981 9290 5059 5312 10868 4080 7748 2701 7802 1383 2833 9842 10786 2495 7264 5078 9087 3915 11403 9279 9421 4089 10246 1062 4173 3125 4480 2604 10589 1624 5077 5740 6671 10567 1374 12730 13543 1568 3377 8590 9025 1028 2047 1879 6282 3224 4486 10123 11488 5810 10700 4481 6333 12398 5689 10340 2277 9208 3218 4720 13351 5417 8834 10712 10928 95 12721 962 1397 4869 863 4554 3575 8513 2339 9825 176 9934 2782 3550 8317 4511 4999 6307 11232 7550 8351 171 8229 2328 3102 5345 2896 8908 134 6674 8009 3795 7795 1767 12237 2703 3937 4539 5332 3426 7287 7826 12701 1017 7308 2836 3031 4125 7188 3872 10085 12259 3641 10851 8597 8683 9925 10268 10420 5099 12617 3105 7426 2820 12211 999 9744 2889 4339 4728 6672 11320 11763 12282 317 4809 3488 6864 5223 6910 7681 8163 11065 13141 517 3500 13336 10577 12097 4667 11788 1433 3948 2686 3728 6382 490 3666 7808 1574 8127 5574 7259 1098 8583 3286 8735 6871 9120 7412 12691 
10768 12971 13378 
5467 12824 12829 10819 12851 
10968 13514 
10999 
11118 
11225 
1677 11268 
11483 
1900 10005 4994 7195 2662 9819 8463 9625 3045 5769 4611 5554 9960 2425 4535 3878 9226 2073 7056 7566 9693 11119 1761 5383 4311 9450 2044 12049 3574 6142 9942 11334 482 2422 3623 3674 2451 5400 7122 420 1416 1719 11604 12759 1753 11394 2383 4612 1224 1762 7644 8311 11016 340 567 1996 2170 2506 9313 837 7620 1081 11049 2239 4937 7444 1353 9420 2469 4352 4407 7609 3169 10451 5051 9028 7664 12798 5171 10266 12204 7138 9640 11124 10886 12055 12329 218 1210 8733 9845 11533 5102 10184 11020 1442 8067 2606 3817 505 1237 667 6512 9195 5701 6127 365 3348 1663 4800 1727 7800 1402 5860 10396 5979 10324 6171 6579 3633 9665 3471 10899 1632 3467 3605 5268 6336 8699 11861 3714 5486 1319 9973 11850 12236 77 379 8678 10181 8350 10454 4570 10741 11596 223 2713 2677 4027 5727 6515 794 10959 12262 3916 5177 10367 11895 3368 7514 2250 8977 2664 12461 1294 2844 4888 3155 4900 5494 6376 4391 7402 2086 5836 639 4854 2157 2376 3652 13383 3907 5613 13337 1002 7176 8695 10677 12046 932 1295 6349 7747 11621 5795 10474 687 1567 4404 10922 11331 1500 2305 4333 5070 3630 6347 5087 10180 893 5982 615 1561 5471 8153 2353 8160 7082 8196 3307 6447 9132 3744 5708 1731 3241 3926 3750 6984 44 2237 7687 9708 11436 734 4531 9783 4915 12066 1478 8372 2603 5144 7541 5939 11959 9322 12700 2104 9997 8249 9851 12505 5874 9775 163 2197 9840 3476 3611 3067 11853 477 757 2682 8536 8783 8839 12509 1091 1709 6741 2378 9575 8961 12688 937 2026 3079 3443 7527 2446 5348 1841 4247 5735 3013 3925 7652 10552 12707 215 4686 1721 7865 12159 5889 7515 504 5084 2107 4073 9896 2904 5776 6448 8614 9397 2467 5821 3850 9836 6164 6584 11281 11539 
417 2393 1461 4403 3460 4518 1084 4326 1773 2743 3239 4556 8632 699 2405 4578 12662 3813 5280 2671 10302 2389 12741 4034 9257 1464 12241 9190 10537 2564 11708 3364 4447 5279 7432 10711 1851 2595 9588 4024 4068 7739 13161 156 4209 3803 7213 4856 12090 14 10222 12273 12856 2607 7772 4177 10710 714 1635 3120 7277 1882 12548 6754 6912 2349 5247 3369 11120 5411 10311 4876 11042 2337 11207 2559 7222 12155 6360 7291 11619 5006 6222 8820 12703 2966 9486 9562 7588 12717 13357 3643 6960 6305 7675 7734 6681 10626 736 12998 4194 6322 7345 3749 12752 2902 11397 465 13329 1352 12112 12130 13150 1051 12801 2860 9628 3785 5292 10945 6027 13340 480 9671 10240 6451 9487 8388 11836 3279 4512 10536 194 5761 610 9303 808 2188 6564 11571 5246 6884 1560 9014 2758 11301 595 910 291 7117 3717 10887 4281 10830 4923 5967 2857 9581 3742 12531 1699 2675 8394 437 4131 10465 7427 12587 1187 1562 13304 4743 12163 5983 7161 8879 10735 11310 1829 5618 5546 10949 1070 8561 1241 2066 5469 9912 6772 8118 4385 6123 1812 5942 11140 1360 2800 6428 245 267 1836 6920 10730 790 8515 3673 7643 11335 11918 9364 9605 333 5100 12445 7307 10607 10640 11471 1582 4286 2831 13489 7144 13520 3035 9448 4774 6332 7693 3433 7834 1146 7191 10408 3906 8202 7727 11224 4987 8263 4857 5696 8223 9763 8692 12109 7682 11948 4968 10736 7938 9093 10213 12228 1565 6177 5773 8752 6475 9309 8024 13000 332 12733 6416 12510 3479 13539 97 688 1459 7226 128 2223 1331 12447 5632 9007 4371 9046 277 9477 1551 12156 2689 3178 498 2145 982 6260 2045 11339 11692 7288 11470 902 9524 10996 12953 35 2533 7820 6940 9370 11559 11902 7821 9256 7690 11294 6474 10541 11181 8422 11803 
11602 13125 13231 
6604 11729 13407 8814 12957 13027 6687 9561 13089 
2022 7127 1541 1690 10910 2126 10251 4420 6117 10684 3145 6201 9947 10063 11624 12061 3196 5015 3242 9817 10233 2218 9012 2895 7054 3128 10511 11544 710 11951 393 1372 5646 7622 7409 9056 3720 12333 4121 12338 815 7856 5308 10586 2762 9367 11752 272 5614 7363 10030 12059 860 1496 6391 7996 5515 6597 7521 12689 2499 11989 5365 7310 5462 7991 2838 2997 3806 1045 4187 9097 1858 3730 6182 2231 9554 8346 8485 10828 12755 1077 4549 5909 4123 6504 1385 9810 13056 1603 7787 258 4236 5582 6525 7489 11376 2919 8600 4372 9031 29 9243 1842 5202 6628 8637 9587 4684 9388 5534 11668 7803 8549 12208 4007 7950 6401 11432 11822 7883 10973 91 9722 1236 4796 10867 12025 3706 11962 6464 10869 681 9955 12982 31 4853 2661 6221 510 11995 1507 4009 989 3116 4198 6294 12480 10109 11108 9999 12532 9498 12650 7728 8599 10378 3216 3886 1072 10993 9317 10665 1757 9416 12285 3167 3895 5282 6865 9532 4210 7375 874 5241 9296 273 4737 6821 7303 749 5439 10948 5964 12441 4597 8646 10310 2247 11899 5610 7575 3761 4826 3680 12343 920 2275 3037 7070 4930 6217 6312 5452 7793 9774 2409 7832 2313 12265 7192 8169 4933 8379 11163 1452 11348 1059 1505 4169 4250 3946 7855 7482 9977 7931 11484 6862 11765 7413 12172 187 10304 12657 3634 10854 6809 12709 3204 6901 7318 8626 3481 9043 3762 4460 472 8185 712 8571 1652 3827 4325 10299 4699 7227 9077 10725 5999 8213 5230 8113 7997 9036 10646 9335 11704 8070 9792 10447 11106 5867 11988 1922 12349 
11888 13377 13551 
1357 8133 8370 12763 3799 7103 11882 6253 6925 11129 3356 8989 3172 11830 9816 10412 1379 2167 2225 3305 12425 6562 6745 10390 1940 5403 5691 7109 8522 1185 4214 384 1617 5915 10812 11359 670 2453 2387 13002 13198 8499 11354 2421 6031 1111 7183 5497 9017 6921 12463 1387 7502 2518 11366 13461 3719 5057 8345 12004 1423 8339 4596 7925 4656 12555 4143 4772 5408 8374 7205 13058 3822 4137 270 7415 9908 8384 10083 5064 7818 9595 5318 6478 7119 7640 7878 8228 6002 10897 464 5834 12013 797 5328 5445 2448 3408 7229 8830 12299 12502 12575 5297 8960 4450 9684 1232 9815 2612 10618 1766 1914 3270 3913 3884 12139 4913 9240 191 10678 3656 12352 3010 3893 8616 6726 13119 10429 11975 3497 6348 479 9464 2314 7314 7178 8347 2725 5140 11006 13246 2863 12958 13434 1613 8511 10365 11147 12573 992 5667 3604 4221 726 1189 3017 10818 6136 6760 2957 11256 13439 9076 10366 605 13110 2745 7281 4865 8710 1302 3328 1001 6969 5229 6502 6642 9511 11855 3516 6981 268 4199 7404 1831 12860 9358 11542 2851 11162 9472 12318 2004 13228 1903 9098 10932 11155 1436 1861 2445 5870 7688 11480 253 948 4831 3265 4565 3283 12297 1874 3326 1389 12154 2096 5204 9259 10185 11080 2815 6291 10733 12411 1770 7562 1907 4405 4969 8454 9203 4773 6902 11079 11524 4658 12497 5642 8636 8508 13131 2241 6070 8703 12274 12677 8530 9848 2632 9234 12188 923 3828 5209 8630 5559 8130 1590 2005 6023 9248 6892 11611 973 9688 2619 9881 7175 8849 768 9894 773 2067 3254 5929 12264 427 12350 175 11737 952 9019 12545 6090 6558 7760 2574 7393 10041 2729 11337 1744 4366 1489 6842 12558 1946 10943 5096 12120 2331 11817 13070 5854 9598 13136 1718 10043 12355 4354 10970 9315 12797 9250 9871 939 9966 1545 11424 375 5501 5387 10752 6608 10166 10473 10639 5453 8002 2122 5242 8425 8386 8860 708 9264 4189 8541 4275 12593 8 8100 4268 5990 247 1878 1497 6180 7786 13467 1192 8151 2375 4203 11296 11743 11965 4957 5335 1448 6370 5572 10150 9761 12781 4520 4877 4936 12286 7493 9169 11023 11963 13127 624 7401 5189 5634 9438 543 6707 1274 12106 3209 7905 9657 10065 8086 12198 3390 9357 2384 2963 1201 3360 8891 11479 5405 7332 453 8222 6595 8946 6044 9821 8145 8383 10651 11466 13092 2952 4859 396 5799 10683 1107 5853 260 11248 5367 7024 10826 12170 22 3502 1086 12073 5448 12723 
11986 
12027 
12044 
12100 
12351 13043 13130 
12458 
12554 13099 13480 
12660 
12822 
12826 
12828 
12830 
12831 
3115 12836 13496 
7490 12839 13195 
12842 
12843 
12844 
12845 
12846 
12847 
12848 
12850 
12852 
12855 
12859 
12542 12861 13513 
12863 
12864 
2630 12865 12556 12871 13226 
12869 
12870 
12872 
12873 
12874 
12876 
12880 
12881 
5079 12883 13009 
12885 
12888 
12889 
12892 
12894 
12895 
4998 12896 
12897 
12900 
12902 
12904 
12905 
12906 
12907 
12911 
12912 
12913 
12914 
6575 12917 13154 
12918 
12919 
12920 
12921 
12922 
12924 
12925 
12926 
12927 
12929 
374 12931 12978 
10574 12932 13185 
12935 
12938 
12939 
12940 
12941 
12945 
12946 
12947 
12950 
12952 
12956 
12959 
12961 
12964 
8136 13171 12135 12966 13028 
12967 
12972 
12974 
10510 12975 13107 
12976 
12980 
12986 
12988 
12989 
12990 
12992 
12993 
12994 
12996 
13001 
13005 
13006 
13007 
13010 
13011 
13012 
13016 
13017 
1197 13018 13242 
13025 
13026 
13029 
13033 
13035 
13036 
4077 12827 11459 13037 13321 
13041 
13045 
13046 
13049 
5277 13052 13220 
4239 13055 13335 
13059 
13060 
13061 
13062 
13064 
13068 
13069 
13073 
13074 
13075 
13079 
13080 
13082 
13084 
13085 
6145 13087 13284 
13090 
13094 
13096 
13098 
13102 
13103 
8615 13105 13238 
13109 
13113 
6308 13116 
13117 
13120 
13121 
9858 13122 13135 
13124 
13128 
13137 
13138 
2876 13140 13249 
13142 
13144 
13145 
12758 13463 5872 13146 13490 
13149 
13152 
13153 
13155 
13156 
13157 
13158 
13160 
13162 
13165 
13167 
13169 
13172 
13173 
13175 
13176 
13177 
13178 
6212 12834 12910 409 13181 
13184 
6654 12879 13481 521 13081 6097 13187 
13188 
13190 
13194 
13200 
2282 13201 
13203 
13204 
13205 
13208 
13209 
13214 
6410 13216 
13217 
13224 
2573 13227 
13229 
13233 
13234 
13237 
13240 
13241 
13243 
13247 
13248 
13250 
13252 
13255 
13256 
13257 
3766 13258 13470 
13259 
13262 
6411 13263 13362 
13268 
13269 
13271 
13272 
13273 
13279 
13280 
13282 
1130 13013 13453 9429 13286 
1683 13287 13526 
13292 
13295 
13296 
13297 
13298 
11496 13299 13313 
13300 
13302 
13305 
13306 
13307 
13308 
13309 
13315 
13316 
13317 
13318 
13320 
13323 
13328 
13330 
13331 
13332 
6839 13067 13379 72 13333 
13339 
13341 
13342 
1335 7520 10697 11485 1289 2645 7560 11890 1239 1849 5053 5827 7972 11689 6395 11188 471 2154 7998 4577 6784 5046 9492 3093 10476 553 1828 5240 1415 10450 11404 11522 7510 10815 3598 4159 6526 7666 9342 7659 8073 7604 8594 7015 9880 10974 9599 11072 11647 7007 7895 942 9680 10649 10926 6194 7105 1875 4269 1881 10425 10572 6867 8455 1819 10861 12378 900 12381 1504 2033 2995 6438 2442 8063 1975 3885 3294 9276 3449 3569 4491 8114 8416 10402 7695 10602 1134 7064 6977 10369 33 12182 2617 8298 6703 12321 1406 8782 1650 7359 8322 3763 4434 3355 6258 6310 2651 5604 981 3133 6427 10509 10748 52 11717 2311 5680 3681 9171 82 7755 3736 6932 3539 8628 10259 12394 7982 11630 1569 4149 2910 12217 12253 518 4264 11758 9134 10479 11420 782 4676 6049 2063 8799 5678 5705 1280 2695 1329 7879 10234 11338 11582 2476 10882 4652 5775 10743 11344 1636 2332 8684 3971 4669 2948 8981 12656 994 3501 9129 975 2171 10037 1775 11681 2646 6219 11371 12124 4374 9446 1510 10354 3469 3947 7147 10761 11538 562 8701 4838 7207 8987 5655 11731 2542 12816 4558 6135 1219 4922 10636 5026 10418 2813 8817 441 3251 1118 11315 802 3506 12787 3881 5648 6632 9457 3485 3508 7753 9376 3746 9354 1438 4670 12391 4665 9944 11477 5395 6606 10795 4010 12240 7740 10452 3103 9733 4587 11475 440 12029 12072 3867 7814 11732 161 8926 99 12698 103 11913 8979 9804 10924 169 8965 8937 9886 6762 11422 4195 6106 9442 9915 9935 2731 11482 71 3021 5826 609 5054 4525 5913 4574 6141 776 1445 1057 11734 1393 7278 3999 6232 12014 1027 9833 2008 5130 287 8818 9062 3486 6722 12862 8612 11263 6195 11393 292 765 3403 12455 3076 9694 1020 8472 1468 7269 6523 10176 2358 11627 2642 13212 3006 8510 3087 9071 4142 5424 8553 11759 5300 7061 8682 12017 1737 4453 5023 12423 1418 10103 947 8340 760 4798 5496 4899 11255 13473 9594 11858 13534 5076 12092 6598 9436 9125 10950 1170 13050 3603 12312 3493 8132 13008 4389 7410 936 7702 452 545 2543 9983 2187 4885 4690 6334 3776 4573 3919 7555 7087 10289 7720 12646 5847 8261 2079 12131 1517 3950 6096 12731 121 560 1821 12687 5946 11323 8856 11455 1181 5653 4412 9805 2974 4363 8930 11223 6011 11203 2082 6069 1933 7757 8762 10946 1948 8237 9136 10383 1912 9210 2003 10508 5675 7965 70 7538 2909 10258 917 3208 959 5003 9305 3856 8359 2752 3261 3973 1714 6742 2936 10609 7591 8516 7421 12597 1056 4734 12409 8199 9589 2605 10102 2357 12437 8304 10156 1430 9434 36 7372 9586 3945 7168 6306 6822 9124 9972 2943 12736 640 4287 4100 4369 2560 3282 2835 5886 11372 8569 8909 8833 9274 4066 10685 11983 12161 112 8438 5030 11309 183 683 11385 9590 10421 11427 11799 10985 12183 1763 3601 2570 6227 3495 7133 3487 4835 6594 8186 2921 5065 3376 8604 6472 13111 13274 4622 13147 7118 9239 13448 426 9073 5472 9731 11870 12334 3921 8137 13129 588 4567 8748 13343 
13346 
13348 
13349 
13350 
13355 
13359 
13360 
13366 
13367 
13370 
13371 
13373 
12238 13374 
11510 12823 13503 10958 13375 9002 13502 
13381 
13382 
13384 
13385 
13386 
13387 
13388 
13391 
13396 
13397 
13404 
13405 
13410 
13411 
404 13413 
11014 13338 13518 5619 13417 
13418 
13419 
13422 
13425 
13427 
13428 
13432 
13435 
13436 
13437 
13438 
13440 
13442 
13445 
13447 
13449 
10055 13450 
13451 
13456 
13457 
13458 
13460 
13462 
13464 
13465 
13466 
13468 
13469 
13476 
13478 
13482 
13483 
13484 
13485 
13486 
13488 
13491 
13493 
13494 
13495 
13498 
13499 
1133 13500 
13504 
13505 
10036 13506 411 13552 1584 4022 9519 13020 13230 9170 13265 
12568 12965 7863 13277 13508 
13509 
6267 13512 13550 
13517 
13524 
13525 
13527 
13528 
13531 
13533 
13536 
13538 
13540 
13542 
13544 
13545 
13548 
13549 
13553 
13557 
13559 
13560 
13562 
