0 
72 13333 6839 13067 13379 
131 12854 13210 
179 13115 8633 9700 13541 1 12969 807 13365 4150 13409 
204 
404 13413 
439 10327 13403 13554 
458 2925 11440 8902 11567 730 9505 6663 11377 4297 9661 2585 3896 12301 8058 9927 8448 9084 6443 9252 1305 5302 6605 8038 8291 11320 12000 12095 1460 9126 2174 5237 1982 12119 6277 9770 9050 12159 987 5911 8784 2977 4401 5008 12412 2768 5131 5625 7132 716 1721 5199 6665 5409 8232 4176 10448 1621 9916 5379 8542 21 4310 2621 5879 1167 5074 10385 938 12572 4483 8077 2627 7611 6050 7465 87 3353 4021 11547 9338 11631 1566 3550 4909 5289 5785 9095 10231 951 12695 75 5361 5067 5110 11998 3595 6548 695 10558 5366 8158 9281 11028 622 10373 1616 4591 9481 337 1547 6765 6799 5521 5966 3496 6281 7097 11900 1832 12231 552 3440 7251 5185 8436 2468 5926 8150 11494 3897 4913 3659 10770 11743 1324 6713 4940 10650 11584 923 9153 6389 9933 1417 4231 5560 8566 9815 4978 9824 964 9240 3390 5572 5634 8616 778 7215 391 12533 3359 6043 6675 8140 12347 5218 6829 9720 12436 10618 12602 177 4782 642 2430 3464 4166 10622 7958 11466 6122 12681 4168 6672 966 9508 988 3725 8297 10282 
633 
705 13424 7773 13393 13414 
856 8094 4546 11098 677 5759 6262 6566 977 7145 10291 4918 6793 1074 6412 1469 4867 9063 1508 4928 4213 4768 2536 9009 2600 11958 8215 8643 4883 8502 783 10229 2956 10074 12194 9878 12058 5390 11486 7451 12212 1922 4516 6809 2458 3634 4338 6128 11040 11374 12216 10179 12709 3204 7833 4122 5014 8135 12016 7407 8467 1156 2920 7862 9337 1297 11925 4895 8125 8437 9211 11030 11927 1578 3253 7304 2070 9522 12553 1910 2866 8764 2143 10135 4723 9451 597 1242 10471 782 5434 2524 2910 6131 4305 5721 5616 8799 2906 10397 5464 7601 10608 6768 9453 217 8903 9134 9427 291 7318 7641 10364 10974 12223 8477 8786 9880 11628 10883 11758 1964 12333 942 3083 5116 1881 9680 2302 4493 816 981 11810 911 970 9830 1544 4208 2636 6967 5649 6203 1203 1556 5263 7510 6507 10845 12760 3245 9501 1919 4692 7653 9332 30 428 472 4358 6367 9573 1543 10359 10556 11106 11802 3642 3762 4460 4887 2154 5251 10228 11582 2238 7590 8113 7455 11420 1161 5085 4727 5881 2663 7390 7004 12187 1358 7238 9139 5208 7987 6208 11161 6314 12534 1368 7637 5046 5871 5275 9492 471 9043 1911 5781 7903 62 8051 2749 4169 9792 3946 7409 7604 7622 10452 2432 6784 5230 6433 8571 10725 1452 2313 4081 9977 10646 12265 8070 10854 5999 7009 4874 8213 8073 12255 46 6404 11781 5452 7070 4722 7094 983 10325 583 2212 3598 7855 7303 9296 4140 4159 8933 10815 12010 5336 6929 3472 10976 7413 12072 9869 12172 1335 3539 1239 5053 8782 2311 7659 2082 3251 9062 3415 8930 9376 5680 8359 11223 12687 763 10299 2645 11689 4325 11765 6526 11890 1652 6901 4699 9077 8594 9342 6395 7227 7520 11522 12394 121 1289 7015 9274 7500 7523 580 2678 1260 5676 1345 3646 1828 9606 1933 7311 9442 11188 6141 11875 7757 10294 6213 11985 553 3093 5240 9915 10805 4335 8621 4886 7666 3512 9805 82 2974 6106 7008 7560 560 2717 2829 2834 11630 1912 11422 2695 2731 4470 6614 6049 10697 6588 7007 7982 3736 9354 3681 5705 1280 9935 
2405 8450 8506 10198 10729 1575 1824 5638 2790 10640 4941 9605 5221 5636 6332 6417 206 4959 8023 2010 6840 10969 3272 3796 372 8126 2657 9059 10221 410 9469 4055 10283 784 6396 4578 10605 5983 10302 4518 10735 497 8240 12592 2393 2944 2989 8692 1492 9912 1812 5971 11868 3673 8394 1510 6428 5641 11121 245 11752 2077 3628 3001 6874 6179 11521 1887 3192 2253 4116 1447 12495 2546 9654 2800 12504 3147 4786 5469 8515 267 5779 7228 790 7643 9006 10465 11836 12660 1836 8118 128 3965 9487 10730 5932 6920 8388 10354 10704 3843 12816 2675 5071 5632 5942 5246 7038 1331 11335 7226 12587 437 11301 3547 3875 12349 2758 11344 364 4828 8987 11918 699 11224 1582 7144 7727 7834 10537 1146 8544 4273 5540 13374 3035 8006 11779 1604 7191 2780 8202 333 3906 9364 11948 1851 7161 2595 12241 7307 10408 4067 7955 4774 6229 10242 11864 1464 7588 2671 11619 7815 12665 49 3813 9389 4556 6360 12153 8721 12155 4375 6785 422 12238 682 3899 320 10961 1360 4047 6717 7388 7767 6414 7730 11024 997 7853 1818 12184 13294 436 869 3939 2450 9387 3585 5027 1149 3667 5151 1363 1859 1565 3313 3882 4126 561 1420 12984 3420 4385 8282 3433 5016 7693 9448 5058 7202 5194 12682 4037 10330 8040 8696 3982 8313 8756 1241 6123 886 8650 6830 8950 2055 7485 8744 10942 3859 9033 3504 12067 883 6328 12995 815 5580 5624 7814 7477 8866 1594 4836 5162 9969 11332 2478 7482 6184 6708 498 9581 3435 12689 2616 9806 10570 7740 10030 1070 5128 5491 11862 7675 12752 2564 5279 4024 12741 3364 4743 6681 1644 8263 9190 9588 12109 2389 11207 7291 10711 11708 9256 11471 736 4987 10626 600 4922 8191 12253 4374 4418 4838 11447 11731 1569 3501 10037 582 2646 4264 6219 2476 3947 10743 393 10234 12240 3485 11732 1219 5614 5646 7207 8701 12156 1214 2542 2315 8626 4993 6135 4652 10479 4676 8926 272 994 3717 518 5515 1329 1636 1790 12059 2063 12531 685 711 2685 9246 6149 12029 12201 1059 9532 4010 12698 4280 8241 99 4665 1438 7753 3867 11284 2902 6960 11397 12998 2831 13520 4286 13489 4857 5582 277 9763 7288 11181 6474 7821 8223 11803 5696 11902 7690 8422 5967 11294 97 11507 114 2171 1849 6632 10259 12391 3746 7755 7879 10636 557 9446 562 4149 6758 10168 12656 1551 7682 2857 4205 6464 11962 2188 2689 9007 10830 3469 11310 3739 11371 7147 8865 1778 3047 1699 5618 5026 5334 4496 6183 8460 8561 4427 7619 9430 5354 9733 1829 3316 12163 10541 10949 1459 12124 2340 2762 4371 5546 10838 1187 2580 5100 1560 4281 10607 12445 
1197 13018 13242 
1230 
1382 12825 13048 
1554 
1596 
1200 2362 1764 2461 5767 1716 11842 3903 5922 5442 8501 3370 8504 1980 4220 2907 10021 1669 2894 8268 3572 9480 2839 2971 8742 11453 288 3334 1071 3678 3865 10459 4502 8219 9547 118 4736 4177 7135 4788 7772 8632 2337 5786 12090 12795 1036 12775 1710 4326 1773 7754 3239 11923 1223 11548 1804 11635 2296 7270 11264 1317 3165 4206 7066 4548 5443 7471 10216 10312 3053 9863 4023 10295 4178 4521 1591 10619 13324 2406 12317 1601 2842 4226 9295 9811 5 1882 2743 1953 12174 1159 3860 6702 4270 4793 8248 8355 602 3777 5006 9257 6912 10377 1462 6434 12134 7967 9112 1522 7382 8907 9852 13474 2190 9254 5866 9486 7222 8256 11637 12717 12703 13357 721 4602 9347 156 1549 9361 4856 6844 788 5531 1742 9454 10261 12833 11700 12417 3018 13521 3644 3661 7836 11062 1553 2607 5894 702 9215 9345 76 611 5750 6284 7400 7764 4499 9225 4947 10984 11122 356 6236 11947 414 11272 3592 7201 7568 1249 5789 2035 4845 8729 11676 4925 6320 6356 10853 10253 10346 1678 6210 10335 4476 8414 5934 7219 4841 6897 7738 11086 12492 1282 9001 11683 6071 7517 630 2669 7732 5782 6590 13363 2354 3566 4368 8797 2429 8747 4648 4917 8927 9103 10206 3267 3369 6322 11120 4068 9562 4209 13161 6222 8820 14 7739 10222 12273 12856 4034 4731 6973 7213 3803 4194 3749 7345 4265 12466 9244 9645 2186 10539 3969 4477 643 4192 389 4043 1449 6937 3044 3056 10565 10645 11273 1540 12942 1015 3978 2256 9757 10792 4691 4694 1409 2848 4036 11322 4537 5819 6287 8410 11364 5495 6055 12513 2333 4046 13390 2726 7960 6909 12674 2801 9393 7182 7553 5528 8280 9507 12963 189 4953 235 7171 8942 11187 11651 10773 11807 11018 12794 10201 11037 1490 12639 425 8442 4581 6018 11201 12045 
1683 13287 13526 
1756 
1765 
506 6292 1862 4107 8952 1893 11036 4322 8376 7265 8109 3808 10543 9325 13420 6051 9572 9755 10582 13066 750 1163 1705 5136 7401 9357 1466 2032 1665 8354 10031 13095 1258 2024 4929 5567 3019 10445 755 9877 1718 3174 7712 9844 3325 11843 401 2228 12132 912 1052 5433 8675 7692 12607 10127 12096 1427 11311 1116 2202 3349 1080 8867 9989 3610 6121 1755 5516 6454 9730 5213 9154 13091 2605 8395 5539 5807 7689 1359 9743 13193 1999 5412 4154 5833 7763 11878 7729 9079 546 9585 10538 10089 10585 6744 7258 10750 7518 11112 3498 12323 6927 7040 9832 8963 12901 7174 9198 12023 12821 13044 5475 12433 1928 8251 5880 8451 3254 9688 3828 9881 5209 11611 4216 11750 7710 10058 3070 6426 8991 1798 5316 6080 7685 11044 4135 12817 7794 9615 718 2619 7479 7801 8366 9538 10178 2841 10428 12987 4755 7053 6140 10430 93 7913 9065 7389 9297 11805 7352 12432 812 3664 8462 8774 1734 1963 872 889 2688 11249 3092 8325 8403 9011 1190 3309 13221 4551 11992 8203 12442 6450 7549 1089 6994 7792 132 8916 11407 11580 3830 4438 1577 7048 5929 11144 107 3951 4256 7037 10348 11390 316 2529 2724 5154 4855 4976 5108 6712 6007 8719 5320 10963 3551 6892 11691 9867 10678 3685 5710 8620 691 9248 10091 6291 10790 3953 10313 1371 2815 4541 820 12157 4063 4644 1595 5037 9176 9894 430 2264 10014 166 8188 11846 2208 9737 1304 12362 433 8041 3724 9569 2005 5477 10765 3597 9089 1830 9286 1889 1942 7845 7554 11047 8891 9864 1868 2067 761 8649 12218 1274 3360 227 4721 7393 8252 10826 7175 8860 10041 10546 10752 280 5233 6902 12355 427 4366 1985 8407 973 5559 5117 8386 8475 9315 1744 10409 2130 12297 2729 3025 6797 2205 7528 4279 10943 5244 8552 8849 11079 1065 9250 11479 2384 9871 1201 2445 11080 768 4203 1266 2375 9657 12580 282 8130 3893 3913 6608 11337 4629 12106 2132 9516 5351 6569 4258 8493 12171 742 3541 3853 9273 5597 9772 7074 10521 5611 6375 7944 8872 10696 1686 8338 11233 8761 10655 10033 11368 1545 6445 3015 10923 2342 5811 551 13267 1863 3933 2734 3972 5592 6805 5859 6114 7424 7580 9968 4356 10891 13433 2667 7744 3489 7680 2586 9395 11405 556 10703 773 6399 1590 8630 10065 2750 3170 10081 1380 3651 1698 8274 10321 12622 3210 7322 10352 1285 12264 2970 6001 12404 1489 2574 10935 6558 6842 9019 9758 4864 6041 4500 6388 12558 3829 4618 12079 1987 5183 10688 8279 12003 4557 6530 7823 10169 2139 10831 264 986 1003 2386 6882 6532 8507 9641 3540 12486 
345 7230 657 4523 10338 1177 2884 2740 12298 1355 2124 10557 8560 8659 2865 12111 3338 7142 7108 9380 8428 9260 724 10518 7910 10617 3609 11082 3699 10562 4474 7351 2625 3842 631 8585 42 8717 1425 2272 9445 10220 11526 4773 5204 11456 11480 175 11664 1820 4190 9404 2624 6506 11814 8896 9643 3966 4631 5291 1916 8171 1436 3283 7340 4967 6405 2806 11160 5870 7760 6090 7396 1473 11770 2014 9553 1968 6125 9651 2199 8953 5996 7475 6198 7417 11820 6667 6970 2962 10048 5748 9537 3246 9272 10739 892 4985 1747 11653 6175 10469 283 4248 8994 4336 4719 7544 8405 6431 12596 2318 3484 2412 6711 4944 7104 468 656 5165 9081 7577 9339 10821 11553 11184 11924 12319 2261 5553 6013 8053 12669 140 4702 10243 12943 2722 7429 13021 6861 10960 4709 4983 7907 9320 6458 12832 13472 3522 12647 8855 10318 6954 10566 12305 3086 11226 5287 9057 2236 7585 3268 10357 6800 7294 526 3635 6626 7091 6975 11066 10713 11191 2483 11873 593 3994 12803 9465 10810 10824 2544 3389 6640 11950 11954 2917 3180 6694 10986 12313 4559 6406 7718 5176 8823 8996 8737 10568 980 11838 7942 11886 5848 6624 6896 8579 754 7214 2385 5570 1735 3737 8236 11929 13024 12335 13086 1958 4658 10167 4222 10954 9470 10100 4659 6295 8555 12723 1888 4834 126 8246 1330 3185 1611 2576 3627 10133 3347 3863 4382 8760 12778 5413 11003 9911 12022 7346 8332 12407 1322 5736 2213 2599 9677 9496 11167 13164 1838 10850 1986 2608 4456 8062 13394 1973 7184 13423 1992 6749 1419 8657 312 7605 3495 11845 5429 12566 1845 6568 2447 4295 4914 569 2994 7422 12724 10070 11058 11831 3269 9712 13063 1373 6408 4410 7904 9663 6783 9401 10339 2572 13042 5959 11386 10856 11969 4819 9995 1087 7956 11180 4641 9564 11578 12578 5765 12692 6739 7993 10391 3407 4965 6866 3437 11412 11418 1303 9919 10721 80 462 7237 4839 8316 3422 3686 2262 6086 7598 9202 311 12408 6233 10218 12529 1808 12069 3791 7770 1181 10635 689 11309 733 2382 927 9422 3809 9177 5653 11171 2210 5849 7133 9412 2372 9463 7487 10449 11408 7478 11230 10119 13446 421 12815 4051 5134 7266 1465 1763 5030 3487 3601 9136 10383 12615 4778 8673 1141 1926 7373 11132 11970 13030 3709 8767 3344 8922 512 11107 2528 5428 6192 7256 1176 9360 8503 11680 1337 3991 6231 12142 8959 9197 10670 11532 12753 2255 4833 6510 8290 10573 11796 
2177 13071 13168 
2243 
2282 13201 
420 8311 3134 5667 2422 11705 193 6953 1949 6288 4904 12271 2314 3497 5064 8491 6348 6726 13119 479 2044 9942 2643 4294 9681 1384 1693 6813 9702 185 5815 8768 12658 11719 13023 1224 7644 4221 11975 12958 2863 10429 11006 13434 2873 7464 11050 12074 5140 7178 13246 1067 11242 871 3332 6211 7209 1144 4151 6159 10046 12123 147 1810 1736 7932 3113 9627 3944 9464 12608 5457 9513 1866 2120 5774 8204 1367 9948 6571 12244 13389 251 2823 7116 2531 8198 5245 13281 4704 11147 3715 6209 3382 10779 3905 12138 12837 7935 11720 3003 7233 8596 5731 6655 644 1760 5133 7095 222 4498 7840 10656 5506 10754 4118 4964 12838 4998 12896 482 1762 2725 352 5342 651 6480 2102 11974 5722 6365 1788 3296 4292 11884 12116 5231 10965 715 5719 4235 8790 10183 3455 7293 770 5950 7355 3854 6120 3429 8945 322 5605 2805 2959 8524 8713 645 1290 12230 3767 4152 6130 6484 3171 4425 4724 9713 6636 7358 2209 9075 5138 5556 7067 295 4832 8065 2100 3068 10875 12048 623 5533 4971 10785 9459 12804 1047 6853 527 1723 2547 2462 7873 9183 3205 13555 1365 6246 1606 8653 11605 2361 5803 3789 9813 10921 7534 7646 1451 5933 13163 694 7012 6854 9385 10355 6407 11439 12773 4097 8247 8850 11607 10825 12371 1456 2267 4972 5588 4383 6403 1472 9870 11461 12588 5543 11474 12810 4916 10896 9534 12547 2732 5924 5299 9747 12666 3184 4868 10171 2633 11687 3537 8531 9331 12037 3967 11102 2931 12517 4536 10918 11135 4449 10532 1093 9776 7908 8815 4015 9527 4 8863 2052 6658 6962 10907 2788 10759 4657 4863 785 6794 10549 5301 11645 13054 192 1989 6812 7940 6998 12624 13213 1127 3794 1128 5965 7526 1379 9873 2704 6064 7430 5269 9147 3981 7966 568 3996 9074 6976 11828 306 1509 6603 2133 3418 3008 7099 4087 8899 9440 894 6890 1004 2062 7939 232 11019 11541 11442 12220 3841 12530 1078 4501 6254 7976 1132 9695 2699 11202 11306 9383 9423 1558 3563 3505 9394 
2350 3129 
3 3582 7420 8723 990 8320 1267 5385 2299 2847 12252 7670 12576 304 7435 3752 4789 2144 12500 2641 11910 6817 9502 1340 5310 3535 5024 2922 4850 3082 3938 7290 8494 11762 3503 12586 208 5665 6094 11053 13159 6545 10001 1386 7759 4379 7758 2200 11552 4593 10475 3814 6338 5635 11388 566 8647 6802 11593 10829 12928 833 1164 3329 6601 1976 7582 2347 4459 6959 12704 386 5893 3866 5374 478 9828 2666 2707 8129 1797 12538 1240 10559 751 9216 1131 1847 10069 2355 4025 5857 8049 7057 7437 9655 7584 9812 2818 11768 407 1211 3188 4243 8225 4646 11198 4393 4821 10317 12392 4134 12571 157 11590 919 4182 11564 6922 10223 5945 8878 4386 5953 11015 8758 8944 11389 1944 5579 9941 908 3768 9533 2811 9748 11572 1044 8669 12680 5602 7656 2981 4683 9862 199 11061 329 6081 10126 3439 6714 1145 11537 9163 13040 5052 6855 10738 362 2705 5498 6621 4517 11283 791 6409 1369 8483 636 9796 2117 8365 9773 3545 6543 2941 4711 7240 9518 1592 6611 8858 5437 6316 5878 10068 1867 5091 10987 11090 8791 9106 9140 10917 10376 12465 60 8958 9340 11696 4529 10434 1484 2530 12337 7286 8617 1673 11914 12999 2159 7766 4435 12770 13057 423 12372 2242 12452 2719 4580 12287 12790 5371 10336 5163 8999 1519 6485 10252 12930 12955 7316 12722 2203 5153 8098 4817 11847 9728 12476 735 10525 1476 5944 11632 6383 9399 6218 10827 13314 2125 7548 1188 5009 891 1487 2700 3130 11081 2164 2484 8286 1873 11199 4234 12643 8432 13369 5420 7923 7115 7325 442 12325 848 8400 5951 10117 11457 12511 5877 11823 2470 5884 6147 6244 13364 4894 6497 5169 11241 323 12147 2597 10374 2545 8103 2497 11920 1213 7535 9552 10634 5219 6549 3567 9066 11586 7032 12473 4251 9954 3271 13325 3259 3682 8456 7283 10086 653 2345 5674 9950 11064 7593 12546 3979 8022 13291 6623 12713 6157 8214 11917 10460 13179 7370 12007 7463 11866 2526 11073 5111 10522 1587 11353 8337 13170 5376 9549 11045 11790 8868 11227 11097 12621 1979 8336 10347 1175 8995 628 6684 10265 12535 2728 4989 6341 3507 4522 10623 6271 12359 2001 5329 7128 5784 6836 8361 11299 3679 4962 8488 6974 11493 1265 6699 10297 2934 7275 12796 4096 6520 3588 7324 10527 4211 8209 9359 5126 11723 158 4004 831 11640 6368 6583 7959 9008 1220 4603 2765 3514 725 8847 5346 10045 11417 274 7699 10128 4564 5500 7428 1791 2490 1301 8738 9205 
2443 13191 13401 
766 2289 12552 1991 7122 11190 4183 7130 7596 10515 1053 10008 5858 11849 477 10181 379 488 2672 3605 5486 10797 3075 4568 6669 8536 567 1996 4612 8839 2170 11596 163 7360 3381 3670 77 10454 7937 8350 723 8885 6843 7198 1474 7045 12474 7694 7881 10439 11034 3169 7719 11290 4330 4519 638 12267 1416 7119 2451 11604 279 3232 9227 1016 4625 7635 11415 180 8399 9307 10698 3852 6143 6142 7902 1833 3574 8795 9693 3156 5840 6774 9450 12049 2715 8924 8658 12714 1205 10177 11462 2751 8949 1623 6904 6995 11722 4706 9425 10953 1208 10132 11824 2659 5419 10244 943 1091 2307 3153 1709 7068 3096 4961 10208 256 5892 9710 2431 6084 1268 6359 5298 12710 6750 8134 2366 4873 3367 12195 7825 9221 9932 249 5723 2809 7953 5281 7515 13 1899 1938 3458 7063 652 3878 10766 3094 4145 10226 1081 4300 11049 7488 10094 6790 9301 2650 6961 7542 3079 7652 11406 12707 3590 8739 6441 6692 319 4994 5171 11943 5861 7126 6076 12306 887 7189 7612 3986 8794 12629 9783 11346 9591 10913 7423 10212 1954 4570 9431 10741 3925 10552 4827 4851 3013 11330 307 11124 1900 3155 4531 4535 2662 3961 9278 5769 12204 7195 9226 5145 7664 8783 2682 9960 10904 11175 7743 10533 5914 11000 3123 5918 9682 6111 7504 5590 6792 5633 7677 415 7963 10560 850 11976 1598 7387 1184 3186 4852 9475 2618 11520 4898 10941 12076 2714 6979 4990 9148 2622 5895 3579 3645 3792 6639 1722 4224 7101 9819 4104 5548 1443 9608 2967 5391 4686 5084 6645 10411 297 9415 2404 8470 10695 8702 8751 4204 6584 2026 12107 734 937 1442 4115 44 9708 3750 9845 10254 11539 11904 3704 4463 10019 11434 5939 11959 12537 54 5268 5051 10886 757 1632 9973 3363 10092 5626 7444 10502 4064 11895 1923 9420 12798 4391 5551 6358 5353 6372 9028 10427 1441 2379 11896 25 7951 3845 12176 5897 9217 4650 10230 11565 11889 2883 4352 1353 10367 2469 9921 11318 505 5701 6336 11861 10193 10676 2383 4311 86 7314 11892 8347 10977 3583 11334 5383 11394 667 2376 6512 10324 1511 9195 2161 5545 3183 7514 1663 13337 1272 9175 2828 5250 2413 6968 3219 13535 3580 3701 5824 6056 1761 5821 12759 1237 3467 3652 3907 3368 6127 5727 9289 12066 6930 12248 7402 8977 6905 8745 265 3714 7418 8678 2664 8699 1727 5860 2305 7594 10396 1294 3348 3744 4800 4888 6515 365 2568 1319 5494 4645 8160 2844 9640 2506 12509 2467 12236 5319 9449 4900 8372 9836 2250 9625 12055 4813 10959 
2541 13032 13180 
2573 4022 13227 
2590 11143 3816 13022 13345 5952 13270 7166 12858 11659 11684 12916 13529 9137 11933 13083 13475 
2630 12865 12556 12871 13226 
2078 11543 1564 2198 3970 12246 5973 11973 1399 7204 9943 957 7647 2481 7522 5527 8344 40 2566 7811 12545 8258 9853 10998 9241 12678 9884 12160 2220 9648 11833 305 5788 2280 9603 4185 5617 9868 1816 7098 9026 6596 7419 5756 11410 233 11737 359 9674 5474 7354 7250 8042 2850 7397 3695 7661 563 11587 120 8099 8266 4359 5737 6552 11874 8093 8419 10267 1166 8631 12484 7364 9452 3748 6801 8917 12670 1946 6280 7197 3857 4054 3890 6204 496 5088 349 7416 4014 8357 2206 9692 2711 11027 3824 4001 8185 10341 5305 7276 777 3804 12314 1675 5831 12030 617 6384 5717 11348 3931 8939 3037 9803 10672 363 1117 9034 7190 9774 945 4291 11400 12634 10464 11785 7194 11084 1660 8101 8265 8609 1076 11516 2075 4141 2076 4762 12475 8588 12799 952 8973 2649 8941 3243 10199 4753 5193 2127 6777 8887 11977 6935 9398 1853 4078 4837 7085 4695 8672 12762 586 4072 2810 4200 1458 4697 8556 12309 4381 11702 10485 12027 941 2924 9672 4180 9142 3855 5686 6238 7799 4565 4890 4859 6040 10138 1733 9346 2096 4128 3265 5304 1486 5369 8618 12256 8449 9964 168 11773 11792 3591 10432 6633 12627 2025 3654 3997 6542 8788 1011 12421 3589 8492 8777 2557 3213 11905 3060 3200 3459 11589 11825 2511 7992 5943 9418 6706 7567 6952 7688 253 3326 336 4787 9551 3629 5728 1338 8412 9130 10269 930 7164 2548 5393 231 3771 11363 1506 7348 2968 7181 2147 3955 1480 8257 10806 5294 9166 6385 9736 6266 12175 5094 5195 7671 11500 1630 2540 7031 12702 2969 11285 4437 8141 6146 6592 11636 
2876 13140 13249 
3107 9563 13260 13408 
3115 12836 13496 
654 2709 11812 7052 8421 7986 10003 4448 8827 1276 1400 2626 4733 10067 2905 9797 8464 9807 2184 4146 9191 10898 3964 13515 2837 5682 7798 10096 170 1717 13547 1133 13500 13561 6533 12949 12951 1834 11652 1271 1897 5681 13288 2054 3676 12786 2656 9649 6872 7271 5038 5482 5772 4312 11718 13344 4452 6983 4110 5997 7926 10884 764 12185 3319 6293 6521 12165 2094 3887 6847 7239 10093 3197 4419 1666 2246 10257 7329 11748 1891 9405 12261 3117 9172 10800 11059 2293 4824 7394 2587 10307 342 5404 8841 1597 10157 3149 9035 7513 10431 11854 12543 43 3765 4984 7141 3805 5565 7705 10482 8648 10446 7745 11646 61 720 4507 7874 6 13459 2923 12886 1333 6042 4441 10160 12962 5105 8385 5920 8197 8892 9626 1811 5078 2495 8980 214 2686 7589 4289 9087 7000 12398 7001 9617 4089 8411 2401 6500 3040 7264 9208 4515 8535 7217 10804 7328 12158 4455 6671 10589 8934 11409 5902 12579 5415 11291 9245 10593 4927 10159 11747 3000 3202 6189 11063 1672 11017 8567 11212 3526 10659 13356 4740 5077 4285 8081 5733 11848 4846 7043 1049 5541 8091 7851 12379 855 10246 400 4728 1961 3915 4700 2658 6727 7875 10567 2604 9421 1807 3927 10553 11345 2377 9764 1692 5089 11403 12206 12619 564 7837 2235 6972 11672 4193 6039 8998 6430 10203 965 4637 8804 2229 10204 1585 5173 5135 9875 2838 9659 8208 9414 10690 165 11441 1771 5293 2234 2701 12225 2053 2958 10849 11012 2867 11735 3976 7158 2684 3562 11528 6476 7456 9636 11670 1278 2020 9759 2824 8970 9060 11527 1366 3274 1691 6779 7587 7915 408 11880 1023 4254 11859 2644 6928 7323 584 8174 648 7802 4340 11523 2182 12743 1876 3811 1060 10381 1932 8543 3136 4497 2703 2840 10136 455 6307 1062 5740 2303 7530 8444 1527 9143 6003 12209 7426 9744 10340 12701 1279 1624 1638 12793 1343 4446 899 9279 1667 12479 9391 10817 4240 7252 5362 5659 8593 4794 5585 1045 2061 6241 1848 11298 6907 12729 6026 9091 6353 10972 8034 10780 4482 11033 278 10906 83 10524 2697 12570 4687 11657 493 4341 1413 5112 13123 3227 5993 12080 3909 12043 10934 11312 5992 11749 578 8727 1126 1857 9872 12077 220 10578 2288 7469 3110 4688 5013 5666 8052 4526 10238 5314 5490 6724 10300 309 4282 10494 4050 4351 5355 6637 2516 12370 6457 11225 8546 10550 3137 8330 8526 9497 12748 2105 6697 3586 3934 3023 6539 11844 369 10032 7791 10134 5022 8180 8968 5888 7616 9849 9535 9965 47 2499 5462 5395 10843 2033 11922 1079 3449 2891 3983 9944 2442 3091 8114 4337 8813 5267 10673 4597 12694 
3189 
3304 13303 13416 
2369 2804 3546 4414 11077 1356 1799 11275 1408 4882 1475 11282 2269 2903 3936 5382 6899 9762 10422 11127 2437 3663 3624 12811 3594 6032 8031 9285 924 5017 9413 1013 3112 4238 6819 1997 11535 6796 12438 343 5940 4156 10025 11726 3095 3531 4318 4492 5714 6889 7989 4041 5109 10227 9000 10361 7255 7877 7148 8634 2471 8545 10194 12626 24 12654 2976 8688 603 10154 1951 10010 821 6138 3263 3847 4576 11035 1083 7129 11391 1685 9951 11041 1521 11579 2071 8974 2508 10784 1662 1806 3560 12276 6078 9784 2525 8059 8947 4494 12345 4217 4776 8452 2156 2735 6220 2141 11728 4893 9247 1639 3211 11887 625 8982 10872 634 7212 5098 9298 7330 10039 3790 11375 3266 11001 3559 5239 6873 435 7123 9015 522 7765 1625 5753 5028 8724 1069 5432 5900 3097 7203 3341 8681 8443 10356 211 12457 2998 3201 550 4266 901 8039 9991 12368 5220 11319 12340 3778 5923 1075 8578 4934 6465 2789 6660 1640 10675 3892 12283 878 4579 10274 858 1318 1689 6894 12364 1803 12234 9102 9678 4647 8014 9923 173 5264 8749 110 12577 5699 12222 3900 7210 4402 5068 3293 7669 3734 4572 10207 7751 9402 2452 6886 11912 7519 9619 12070 7368 12377 4165 8037 299 6516 7697 8429 12559 1936 3653 3160 4321 2279 8610 3342 11328 11786 1024 4677 475 2609 8613 11699 5905 11333 11745 5454 11622 12415 8521 8607 8803 5389 11613 10349 11468 8064 11649 116 3280 2814 8083 3026 9913 11633 172 10438 1645 1915 6099 7016 4589 8016 4058 9509 2785 9746 9238 11879 7952 11451 8875 12618 
3414 
3565 12909 12979 
2912 3671 
1014 6763 6424 9030 3548 8047 1697 8447 3361 5092 5845 9312 4085 10370 3797 10628 5875 10852 6217 6327 6373 6963 7793 1215 11794 5323 5620 10980 2795 7072 9444 11010 12667 3989 11574 1957 11483 1157 6024 12365 6091 12149 1186 7731 10161 6200 8906 6092 11185 8314 12032 2796 5075 2942 4636 10071 4392 8663 7262 7957 12414 861 1140 10581 10084 12549 744 1981 2109 4664 11678 12144 6151 10416 2092 8716 16 2770 2870 11509 6054 6885 6429 6721 979 8954 897 8401 12015 12141 513 9952 5742 11370 2825 5161 5885 9044 819 10443 2110 4433 5621 9447 4028 6656 7849 5311 9495 1536 3198 367 7298 1962 10110 4242 10387 3235 9499 3754 12034 9336 9779 2475 10298 12523 12648 779 5522 11221 5677 8398 23 2827 13148 2578 4083 494 4608 4394 4759 5663 825 5384 11157 2640 12766 3533 12117 4513 5430 7672 8563 8668 10423 12985 1391 6361 2274 5994 796 9179 7762 8315 6300 9754 1877 12416 3398 4259 10909 2226 3683 2596 12448 3257 3782 5969 9612 2888 5147 3904 11002 178 9930 2320 5839 9887 10026 10090 65 2163 8106 11118 12740 542 5307 4741 7028 7151 8329 7499 8253 1619 2487 866 7481 8564 395 11829 1115 1657 8446 9789 4775 9860 10902 2498 3786 4415 7733 12357 3815 8548 9620 12583 6781 11067 4760 8224 11612 11616 2753 4696 6900 11766 8479 10576 11219 10892 11211 4911 12360 3255 9476 6119 10803 8574 10862 844 6553 1546 3336 3759 4626 1739 8409 7741 9512 6021 11617 3874 9920 12981 186 11178 5375 12177 13522 817 1350 2356 2553 3993 5370 1774 12807 7090 7462 6859 7645 4956 8406 13019 501 7684 11601 6845 8825 11251 13004 12150 13108 13182 1162 5640 6989 10301 4332 10414 13556 5211 5466 6004 7073 124 1010 7624 514 9483 864 8538 2747 10225 11695 4678 8356 281 454 709 12772 1793 1967 8292 4170 6167 9529 846 5698 7700 485 8032 3063 6102 9555 2023 12544 6261 11834 11443 11931 5388 12166 2522 3883 4822 10702 1155 4111 11575 12178 3065 9889 8305 10088 1293 9482 2227 10280 12611 5587 6265 7033 12019 1658 2706 7374 7657 9158 9623 331 4094 1446 1918 6419 12439 743 1077 1432 11083 11624 3835 11110 502 9201 9366 9882 2083 7954 2991 6166 3528 7049 12336 974 6378 3148 4334 3410 3917 13003 1218 5047 2373 10920 2696 8259 2408 10612 713 7950 12458 3258 4060 7433 11216 2113 7366 101 8845 3911 8528 8770 10910 859 9554 4630 5002 7868 9732 1467 3106 
3757 13352 
3766 13258 13470 
3912 13532 
1096 6249 4255 6108 5855 11467 2433 7297 6536 8069 8537 7629 12635 9214 11304 12813 1782 3423 4907 5192 4467 8326 10027 1858 3142 6469 10610 9526 11556 1054 3935 1572 2211 3331 7583 4062 8957 1696 5241 5935 2454 9857 4035 8819 4218 8111 679 3088 6371 3668 4052 5976 10284 8244 11313 2276 8013 10599 273 874 641 9161 7039 9040 877 9545 8001 12122 4628 12388 2527 9597 4075 8816 3311 10751 5749 10948 5115 7154 7686 3517 8869 8962 9280 8575 11004 8343 8369 10714 12126 4844 6312 4930 7832 8379 4933 11163 10 4840 1978 5259 3252 6422 2935 5856 4395 10624 8217 10491 109 4639 11274 5958 8397 197 6931 2654 4973 4617 10796 870 5732 612 1924 6116 2216 2987 10316 12063 570 3124 2581 11489 3974 11115 1110 3391 6831 5062 10938 7632 9088 4514 10386 4991 9745 2395 8540 10666 139 3607 5499 11054 8035 8837 12108 944 6397 1233 7509 7961 8824 9138 1033 7975 9576 1195 7889 9530 6917 7847 11176 2325 3708 4210 12215 9647 10638 11906 3406 11760 5960 6110 3132 5148 9721 916 5764 266 1965 9368 6700 10682 27 5020 1090 1937 5285 12006 3054 10671 6982 9707 2019 10908 1844 6387 3494 11048 4102 6010 666 11152 3713 4069 10988 1235 6505 7386 12380 2440 6012 9212 2064 11938 3751 4229 7022 12128 12229 1846 9644 2087 7467 4471 6627 2169 7156 7232 8352 2582 4600 5352 3299 3436 4672 5378 2928 6148 6527 12068 2215 7674 4799 6045 2411 8020 774 4752 11517 3606 9200 4422 5453 6463 12563 5915 9899 606 3388 9111 275 6058 9856 1743 3318 2421 7447 10944 2081 13235 2494 5276 8149 11780 6565 12358 3788 8328 9566 9631 11714 5236 8424 8918 10466 10517 11562 212 10997 13211 1114 6766 13395 3166 11308 13112 2245 10668 8547 10979 8670 10745 1351 3190 8211 3922 5703 12291 2287 5752 1886 6650 7261 7919 6850 12275 2783 5887 5507 5647 6659 12249 5650 6270 486 5846 2074 8389 2112 11795 2464 12606 5132 8905 3523 7376 6030 7768 2791 8697 11463 11738 6720 8693 1287 7934 3555 3558 5018 388 7887 8966 10111 11448 7977 12192 8308 9946 9113 9949 11236 1296 12653 205 10384 1310 5601 9432 11856 5158 9023 2122 8465 9168 9343 8522 10639 745 9264 1086 4726 4275 12198 6925 7385 9041 8086 12593 248 12574 2330 12406 649 5155 10389 5962 7235 9145 9876 5242 6298 12716 2136 11137 6139 8230 10270 2652 11173 2240 9705 474 10839 3468 6286 12361 762 6302 130 2778 5142 7667 2002 3089 2623 4785 8920 2286 10410 3637 11508 7921 12494 5563 9982 7060 9223 4910 10967 2 7704 2638 4065 3306 8310 811 1113 3838 6351 350 6705 7320 8840 10547 7377 9633 6339 11458 12087 12749 1228 7920 7443 9740 9609 10056 5509 8911 11179 7254 12540 6162 8287 402 7312 1332 10344 12330 2679 4532 2755 10463 10915 3908 6824 9027 5295 10802 8489 9666 11096 3492 4866 2504 3980 4920 11039 6079 12708 6321 10504 56 11446 5513 12224 461 7572 3729 9022 325 6031 10669 842 5493 11195 6366 12595 3702 9334 11981 12663 2252 9021 3034 5458 9300 12735 
4239 13055 13335 
4360 
4411 
4784 
4980 
5042 
2963 5189 5200 
5190 
5203 13034 12568 12965 13277 7863 13508 
5277 13052 13220 
1194 4599 1103 6913 7284 626 3689 6437 8871 11358 1671 2723 9760 4710 12769 2775 9565 2321 3217 8509 1827 12060 1191 9766 5394 9854 12600 1703 7143 8433 4881 10531 1971 8165 926 10571 1255 2066 7405 2946 6177 5444 10855 4303 7924 12084 1905 6944 1674 3834 1354 4367 1424 5274 1651 4144 8835 9184 9268 1288 4086 4679 12725 5181 5224 2532 12599 7071 11663 7076 8700 1376 3231 10674 1643 6268 2549 8008 8071 8679 254 9271 2999 8715 5146 6880 9489 3011 5673 12385 2346 5739 5435 8533 8323 11076 1637 4488 4716 1073 7086 9127 6150 8458 5775 6772 7722 7749 8284 10052 3157 12625 3870 10542 11013 2674 3077 2301 8570 9793 2273 3007 608 3705 5029 11279 12339 1437 4320 10657 4621 9199 7650 7898 219 6753 7775 10173 11694 6718 10823 8233 12190 729 7805 4815 8627 9494 11193 2270 3770 11721 4902 7335 20 10603 879 2166 5524 5589 7241 9189 8843 10350 484 1300 5492 6823 10737 860 989 6391 11571 595 6730 12447 3720 6597 182 9069 1435 5061 2849 12033 847 7856 9604 12628 3116 11421 2155 4509 10834 6887 10013 4770 8079 117 10109 5398 9577 1123 8003 10744 1661 9356 2260 10343 5399 8030 12733 2911 8393 4780 11022 6294 7728 7660 11667 4009 12657 1470 12228 3479 9309 4131 12510 9327 12514 2223 4935 6884 7938 6205 10736 4968 10213 10945 6374 6835 332 11128 2602 4889 5773 8752 8904 9093 12934 1273 4571 13311 547 6906 8004 8605 910 10536 1051 9671 6451 12801 480 13539 1562 11140 13304 4923 7427 610 3742 7117 9265 9014 10240 3279 6416 13340 3785 5292 194 3712 4982 12056 31 1352 4120 12130 4926 6027 8362 11995 4512 10859 11117 10877 13150 4198 9303 2860 12480 12112 12532 10263 12685 
5467 12824 12829 10819 12851 
5598 
5872 13146 13490 12758 13463 
5977 12948 13426 
6061 
6410 13216 
6438 
529 1861 11656 9229 11524 2090 2589 3960 7315 7649 1874 2368 8619 5007 12411 1770 8636 9203 10733 1622 5501 2632 4969 5853 9234 7562 8454 10970 918 7179 12497 5642 8508 12154 13131 523 6285 6846 524 1401 464 914 3209 3416 6370 8830 11296 6290 6595 8946 9816 10473 543 4138 3408 4877 4936 5335 7103 9169 8145 11963 5990 6707 375 396 6180 1192 10683 624 4957 381 453 5497 11830 3509 7024 708 5834 7905 10166 12575 6044 8370 9821 7229 12004 1389 6036 6413 3373 4995 4373 7701 8978 9141 6651 9326 5333 9558 11994 12610 2172 2950 13232 8 247 6070 7332 7381 7493 7786 5405 12179 12 8100 1497 12677 13467 3502 4268 1878 9761 1907 2952 4405 12797 9259 11248 948 3172 5367 8151 1448 11965 1972 12143 2241 8703 260 1107 10072 22 12073 6269 11707 8425 10629 9768 11360 5448 11865 12274 1298 4831 4189 8541 939 5799 10150 2331 8530 11817 4520 12781 646 1344 5586 9966 10043 5096 9621 5387 10185 10277 11424 5854 9598 13136 12120 13070 4354 10075 12470 215 5735 2745 5889 10358 3850 7494 2197 9313 3611 6514 7566 6741 8143 3448 5747 1607 10147 1984 9840 10497 3476 4000 1631 5813 10250 3697 9491 5691 7783 11262 347 5445 1766 7109 797 11129 885 1940 1914 8002 238 9232 3660 12564 6745 11359 992 10365 11327 1892 12573 4377 7608 270 3822 1423 12555 1613 2453 3604 8511 6478 11354 670 8499 2387 13002 13198 4143 11366 7205 13058 4656 7502 1313 7083 4596 9595 6002 12463 1111 6921 8919 9742 10569 7183 8222 8345 8384 3799 12286 12763 4387 4424 5207 12744 2072 3225 5518 4357 12605 4701 8961 2378 5460 6993 11321 12502 3674 10390 2167 11119 12425 3050 12279 6560 8992 1617 3127 3328 3557 5403 11495 1605 13092 3234 6893 11023 2916 12293 5657 8383 9438 12098 6981 7249 11292 5297 8960 5103 6947 6562 10322 2851 10382 11162 5447 8210 10486 11944 1189 12013 2004 2448 2612 11148 8133 8964 3719 4450 9908 3798 9684 5057 8676 2639 5350 12299 2518 8339 10083 13461 1302 3305 1232 1357 726 7415 7878 9511 4214 10812 4137 8228 1185 6253 8989 384 3356 1387 11882 4725 5216 5318 6421 12210 3578 9017 6589 6978 11172 12257 2769 2913 6622 658 10412 4772 6642 5408 8374 13228 1378 12221 3017 7056 8734 11853 11991 6136 6760 6502 10897 1001 5229 1719 3623 2225 7640 7818 7925 11855 12318 6969 9076 11016 1903 9472 84 674 10122 10818 1753 5400 605 4865 11621 8710 13110 2322 11247 7527 9896 340 5414 2073 8956 9575 8614 10922 2446 5776 12505 2764 8639 6848 11287 1375 7533 7281 10124 
6575 12917 13154 
6586 12923 13392 
148 2893 4117 4503 4026 4569 9874 1524 12250 2089 11116 8167 9831 10940 12292 8900 11639 3126 5671 5479 7579 7941 12239 1732 3596 9213 2899 2926 4714 8680 9242 1009 7218 9539 9461 12482 12591 2982 10654 9318 11437 6877 7540 7784 8193 11650 12167 397 8276 11730 11966 1609 2702 4260 5260 321 9994 1945 12609 3049 4020 5986 11189 896 7846 3412 4167 4790 7857 8576 2065 10016 9146 11740 13008 385 11643 3140 9181 3281 12348 6837 8965 7365 11469 12446 9901 10290 2720 2933 4574 11482 4350 5054 6762 614 10514 11809 4698 5715 3662 4147 5783 10762 1895 3975 11074 8216 11402 2861 11661 6518 10455 7613 10924 5603 5826 5832 7480 3783 7599 985 8342 9410 2897 3622 5337 481 1901 1930 2773 5416 1481 6033 9637 8457 10076 3203 7771 8812 13441 8195 8300 13537 2180 10172 13225 1840 3069 6657 8880 4249 11293 11060 11450 5011 9167 5652 6863 9119 7552 8773 7021 9835 839 11952 71 7696 936 2008 3021 10103 4525 9886 6096 9433 10484 452 9329 3553 8132 3493 3603 11380 12312 1005 5043 1634 2069 5321 12601 8623 11139 1517 11688 2456 9985 968 4361 6881 11641 7516 11150 6832 9488 4663 11549 1512 7282 1539 8139 1058 5607 203 1029 3696 4171 13101 7804 11710 4899 13473 2816 7735 8084 10380 3691 10077 12101 10104 10255 8746 9408 3214 8704 6617 7236 7936 10801 103 155 4573 9804 1027 8979 609 4690 11913 1885 7703 4328 6481 4442 6486 11153 4945 6235 7618 545 6144 7797 8227 11594 9918 10214 11194 760 3554 5119 12867 4038 8796 2562 10287 10916 228 263 1347 2691 6350 2741 2830 237 8755 5174 7983 6418 11244 765 11759 3434 4142 8199 4423 12320 2219 8418 4048 8859 9083 2251 5032 2334 8682 9646 10393 4950 12768 2079 12731 3776 5060 5300 11182 4586 6523 3006 3919 1714 6742 4066 4369 4453 10685 12646 947 4389 3076 6334 1453 2439 5794 3881 4757 7292 8598 9373 10176 1737 10241 12423 2955 3441 4257 1931 3873 3403 12455 607 11342 3161 10933 5591 9150 449 1468 5076 9818 12453 7591 8553 2598 8340 2187 5424 12092 6598 9694 2565 9125 1020 4885 804 7269 3208 8510 917 8472 7720 8261 5847 7555 9540 3587 3849 9956 7087 7912 2948 8085 1170 1493 7061 12017 4413 13050 1217 4745 10028 7809 8690 1896 2308 4179 2538 8800 1856 5558 1222 1323 1695 3386 12082 746 3971 5344 7658 11893 8684 9691 4558 6932 8981 9230 12217 975 3698 5678 8937 4669 11485 8624 9129 2099 6567 11078 5655 10882 11915 822 4495 11538 1775 2534 3615 5186 5023 5141 5178 289 881 6778 7891 2009 11009 1583 8665 11783 1966 11852 12720 1418 10950 6951 9355 3950 9983 1057 3999 6722 1056 2642 13212 2358 4798 5496 9594 13534 11255 11858 287 9436 7410 11263 12409 292 11627 2543 12014 776 7702 3486 11734 12862 
6687 13089 13407 
6803 
1122 7623 10057 11423 2862 12086 12103 11563 12715 1061 4712 11105 9893 10820 692 10116 693 7894 8779 1777 3073 2352 11429 2285 2819 587 6752 3640 5249 224 10879 3394 11690 6470 11071 6957 8551 3534 9706 703 7529 5595 11280 7790 10939 1153 6126 3109 7025 10707 438 909 2367 1694 11449 3016 3735 1063 12468 3825 6083 446 5712 6160 11100 10196 11525 5325 10846 2084 10108 11277 3898 10145 236 5266 8495 2868 11271 5004 8652 370 548 2681 6112 7472 7573 4342 12247 8122 11109 4127 9400 2108 2880 1668 6029 10726 2129 6738 11506 3022 9003 6034 12550 9734 10197 8474 12326 2011 5529 11716 12164 1495 2507 7172 8089 443 10215 1394 5396 4346 5980 2029 7159 8766 9865 7272 10368 6858 11753 5488 6170 4506 6259 3617 7676 11620 4400 5050 4673 12613 11711 12498 2278 4783 6945 6074 6798 675 9306 10082 10809 7460 9072 11215 4553 9928 12814 3302 3840 8243 10799 7892 11583 2505 2535 12693 2985 5180 5812 1179 11481 3542 8333 8923 11827 11990 3177 10144 5191 5968 2759 7193 4545 8283 5725 10278 4942 7964 9101 1092 8088 7717 8709 3051 10865 2323 2414 12399 6473 11145 6686 6955 7665 8201 9718 2874 6602 6479 6857 1275 8381 10931 701 3401 8026 10309 12444 2400 2858 2864 10189 1286 2914 3861 4091 5270 5456 6226 3962 6746 8601 661 9624 12002 12649 133 3465 7080 8044 3877 6225 1809 5535 4093 12395 1032 10406 10925 1407 7569 3431 7592 445 4955 3262 8367 3564 8771 10691 3176 9976 7777 11806 4033 4742 10444 10616 11490 867 1977 13031 7285 11629 4191 7828 11021 8931 12035 663 2937 6100 9685 9371 10141 6105 7124 5549 9270 1178 11005 6538 9426 12389 12818 
55 12431 7299 11885 115 4750 2537 4029 3405 4543 9162 11075 3064 4588 12623 4228 6555 6652 8117 4810 7075 11158 1702 6420 12518 907 9574 111 9204 416 1428 1283 3901 3732 12434 63 9515 1920 4253 5481 1516 9592 7631 9791 5552 7084 8299 7876 8192 339 2085 6503 3029 5436 4746 11276 5450 9409 119 5989 7169 12734 1244 2007 11384 8645 12207 2309 2878 5606 5651 2665 5600 7484 6653 11778 7466 10787 890 2742 1839 5629 149 3639 8640 13051 5726 5825 2501 10375 209 2466 377 3099 2310 6613 2856 10004 9196 9462 10279 6825 12454 1148 7897 4031 11026 4365 7506 9794 11352 1457 5033 12977 2012 8012 13558 9781 11585 10844 11665 2512 4538 5254 10151 13511 537 1306 1776 1850 11666 144 10435 664 1095 10481 4575 5852 6390 11220 2517 5941 122 4380 1202 4638 538 5468 4409 12756 4767 7367 5704 10211 3230 8293 5201 7778 7058 11138 10680 12053 12071 739 5386 2610 6810 10125 12245 935 4399 11029 12199 4870 9986 4370 9299 3511 6492 6109 8759 8529 10661 3483 7309 8674 12137 6878 11288 296 2148 6073 6303 11801 12727 4276 4304 4715 13322 6329 13477 4095 6806 242 8235 11055 8260 8731 12036 326 6453 78 5421 6134 6256 4039 5792 7627 3740 4981 7603 10078 1199 1802 1614 6005 5166 6546 571 2407 4524 7929 9407 460 12440 310 1708 8921 10519 8928 10771 355 4825 1311 11505 373 650 5217 11156 3397 5296 8635 308 2927 2295 8983 1112 8301 9090 4919 6230 11741 12491 781 9144 10747 11499 2140 3769 6377 12970 2336 7473 2168 4398 8353 8387 2611 10625 9460 10388 3285 5508 4560 9353 3413 10205 424 6775 7861 835 6787 190 4013 7486 1628 2886 5820 6695 1196 5257 1396 7047 9662 8469 9787 13301 96 12426 3837 7295 8520 8765 8408 12732 7698 10975 3747 12295 991 5265 697 5660 12598 2380 6154 9724 8238 8778 533 1659 4766 10099 8378 11243 4074 9823 3942 11919 
7036 12857 13078 
3941 12915 12973 7111 12983 6308 13116 
7125 
7301 
1749 8463 2316 5554 10667 378 10005 2949 6133 8733 12700 9837 10184 1909 3045 11533 5532 8060 5562 7687 4598 11317 154 11769 1921 5182 3848 5930 9975 11515 665 1248 3779 4958 5288 9500 2521 7595 4003 6618 3478 10426 11464 11492 387 1444 6124 2114 3009 1745 7917 7819 8608 1656 2984 3343 230 6509 12012 618 10000 585 5034 1826 4611 164 7838 6576 10266 5793 6883 3648 7491 2756 8587 9467 1955 6696 4174 4803 7344 4668 7153 2900 6104 3599 7468 7839 10842 11134 4862 11325 2324 7973 12114 12512 4590 11595 1210 5938 7138 7620 5864 9328 4607 4802 12169 2690 5758 7392 102 12008 3175 12459 1865 3638 6283 7196 10105 5090 7827 8664 5622 9151 11871 12636 3032 6808 3482 4241 6432 11813 201 6015 7668 12699 9570 9738 218 11982 255 7093 8763 5575 7319 7737 11396 8264 10146 1715 8269 57 559 12651 838 10964 10012 11025 11713 11935 216 5238 2771 7253 1099 4615 8559 10722 12780 837 9521 954 4298 9579 4905 6561 5791 11057 8327 12051 51 9135 371 3910 3688 5313 1752 6207 8969 11599 
7379 
7490 12839 13195 
893 2904 5613 13383 5795 10474 1748 11155 11542 932 5175 687 2157 1567 9939 1402 5982 1002 12046 8046 10180 6349 11256 7404 7752 4404 11331 5070 7800 1561 7273 223 12262 1295 8662 5985 10366 2957 13439 1478 8196 6376 7082 3817 7541 10528 3067 6984 11850 6448 7747 4915 9397 1959 8178 10351 59 9959 4006 12585 4906 5137 5837 8278 9458 9715 589 9665 11835 2776 5113 2713 3633 4261 6163 12676 7545 11891 1884 9349 3731 5349 1855 8461 801 9945 1327 4479 4333 4854 2086 12373 2233 11286 1500 5836 9510 10989 3787 4744 6275 8364 13126 6770 10264 639 8050 13143 3321 8273 1817 12840 686 10662 456 6087 68 3233 5167 11435 13206 9997 10061 246 10035 11382 2098 5144 64 12774 7492 10272 5303 6379 8586 74 11341 1700 3864 10606 11512 3310 8156 11267 1488 7508 3618 6063 2398 5455 9650 10441 577 4306 2016 5425 632 6048 28 123 10149 9004 11266 12541 3672 5537 9321 143 2569 9891 11426 11777 9541 12620 5438 11091 11092 12435 334 12189 136 10237 8595 10600 1025 7761 285 5684 11811 2953 10417 6524 9005 3625 7911 4707 10895 3952 5571 7561 8155 8781 9484 2258 10937 621 7638 12075 7711 8288 4797 10442 6943 9780 1259 10289 2554 9584 1172 11303 12127 2059 2887 7557 9049 10791 531 6683 11787 12266 2692 9092 6264 6274 8525 931 3515 2237 3600 868 5755 2115 3393 6276 7081 108 10062 1731 11978 7636 8857 2766 6941 8396 11200 10534 11204 151 525 4225 9428 5818 5865 2614 10719 11916 1142 6965 8427 12673 4660 6342 9716 2017 10860 1212 12451 615 11214 1841 2107 6164 5348 9775 301 8249 752 4428 8144 2046 4223 2668 5876 5797 10658 11051 707 2492 9039 6354 11052 3538 6735 5566 11149 2634 3042 9542 2160 12115 3055 9131 12527 32 9132 10394 2603 12110 5149 8890 3241 5284 11436 3687 5679 5713 3284 5787 504 10480 2515 4073 37 3004 11460 7446 7648 3443 9207 11281 1494 3926 162 8067 5471 8146 8153 9851 2131 11381 5036 9616 6442 7880 419 4454 6449 6804 731 7136 3753 5874 152 793 2821 9936 7546 9686 9288 10841 7532 11020 2104 11945 53 1129 6346 1586 3831 7706 12464 5637 10992 7337 8518 7187 11625 5741 12485 2496 2983 12152 4627 8302 5862 8043 11793 12310 2123 5364 7962 5306 9808 1950 12726 4376 12173 4884 8068 9611 7918 10982 5683 10778 1823 2438 8413 10392 4820 8082 4018 8108 7968 9788 3191 10195 10642 12467 5423 5478 5896 4583 10718 2799 9699 11365 5669 10293 2787 9038 5157 10308 1787 2718 8312 3613 10885 11165 11797 7570 10822 8319 8581 8660 457 3058 10079 3351 11218 3518 12354 6278 10437 7167 10564 8212 11504 1450 11908 2846 3445 3100 11099 2767 11757 4735 6491 3002 8054 153 2693 5072 9362 7357 12808 7003 7242 7933 6769 8415 9751 2030 6009 10080 6415 12151 89 4754 836 8484 11642 9377 10379 9439 10164 3396 6795 9082 10303 11208 2196 4197 181 2514 9703 10066 4938 12289 
252 6910 5593 13479 5644 8806 2563 11257 1034 4101 2152 2397 6756 10888 13166 13189 955 12728 2088 8205 2018 5863 7277 12493 12270 12697 11 9800 5170 10742 6059 6068 1943 10107 2153 2230 5645 10947 4717 9058 5184 10755 960 9096 1017 6631 4244 7748 9182 10927 5744 9290 6493 12745 1688 13564 5536 8597 314 7858 6364 11832 4390 7678 4353 8331 7626 12944 11289 11581 1557 3061 857 2093 6573 11898 4447 7438 3836 12788 2388 6948 7844 10653 3524 11942 5955 7981 5247 5315 7864 2966 10311 2872 4426 9188 12526 3120 7155 873 9468 12005 2739 10903 2165 4113 6616 12272 12557 171 3426 317 3795 4809 5768 10268 11788 12641 6864 11686 3488 10188 660 2757 10833 9108 10774 13104 1706 4763 366 7434 11101 3300 5904 11591 1898 11087 4675 11416 12020 532 7188 2192 7112 3229 9443 8229 9348 3378 12617 3872 4125 9231 1000 1471 3820 6630 315 10788 1772 2727 2558 4472 6245 6585 6591 8638 10971 2265 4088 10085 2836 3641 6113 12259 1463 3800 5702 3354 6022 3340 6060 1655 5512 10880 2101 6304 105 9906 11068 2939 5809 9417 6544 7946 3519 4148 3532 10840 12604 1043 10870 3362 3536 5324 5978 9905 4053 10544 12776 8938 11789 2746 5707 2341 5937 913 3616 8025 1383 9767 5059 5581 10868 1349 3626 4252 4314 3387 6535 7914 8453 125 198 2351 12213 2885 7511 2013 6733 3694 10018 12219 3105 11232 3940 9842 2833 5309 9925 4879 5312 9224 8036 9765 3031 4999 7550 11763 3710 5125 4080 7313 503 11336 2613 8481 8351 8683 2292 11340 806 2738 10786 7225 10275 2434 6214 7089 2820 8478 12211 12402 81 2802 5099 6689 9752 1729 6759 12506 134 4329 1542 1548 1404 11367 12233 1712 8368 431 7308 10781 9826 10545 2195 4758 7984 5796 10006 1635 6132 7010 3101 9283 4105 12548 8490 9116 536 629 1559 2410 5568 10505 7807 9287 3658 10794 1050 6488 8317 9045 841 9341 2748 7716 1784 3411 9165 1704 4756 6747 9330 10112 2179 6754 3352 7537 2593 8009 3453 13215 1392 10851 7870 9839 9859 13106 12819 13398 10874 11679 8423 12777 3500 13336 4090 13114 5223 6646 8163 517 7681 3937 10577 11065 13141 4667 12097 
3452 8309 4227 9193 13412 2460 9704 5949 7769 3929 4012 8718 4092 10121 11673 11739 9658 13285 13372 5164 13278 962 1574 10038 6895 7713 696 5215 239 2111 10783 12645 7013 7882 11196 2459 4469 11570 3499 9895 10551 2710 10679 4247 7399 10716 351 2629 6115 9622 10415 3781 12747 2178 6289 3858 6098 3959 6996 3490 4172 4278 12311 405 5654 1969 3549 10591 4654 10334 413 1789 5561 12263 5358 7779 690 6380 7736 4613 7107 520 3260 6761 5869 8157 3372 4355 6715 12214 1362 8798 8948 12688 7865 9600 3447 11800 2097 5838 9866 10664 1454 5123 330 7988 594 4293 6331 10928 863 12487 6252 10687 5805 9122 12386 1397 7808 1860 9120 1124 7412 1670 6580 2151 11930 6037 9834 176 8583 4339 12282 6985 12268 4486 4539 5044 6871 5706 7186 11774 12785 406 8324 10467 4011 12052 3221 6851 1434 2259 2277 8590 3442 8851 9846 1904 6898 4511 6674 5689 7826 4219 7259 7287 6053 7812 10064 7302 8124 12083 448 1028 1173 1929 2896 2047 3427 4693 5272 6734 6879 8440 10239 2449 7614 229 888 6398 5998 12429 2961 10420 8807 12721 4554 9825 5345 8513 8908 2328 7795 5332 12237 1374 1767 13543 3756 6634 8913 11561 5984 7816 9085 9525 95 2782 3102 3575 5609 6939 11877 12462 9934 10500 4139 10260 4869 10601 2929 3377 11488 3224 10579 1568 3218 13351 1879 6282 5081 9855 10712 4173 4207 8097 8735 12691 9025 10123 12730 4480 10700 828 2444 9403 12202 8231 10813 3995 7065 5210 7662 2415 8611 2489 10811 4795 8936 950 11142 4202 9052 9018 9801 10611 2175 12383 4417 8836 167 470 996 2207 5205 6174 2304 9333 798 4277 599 5484 9909 13139 800 1725 1906 7854 2655 7586 12288 451 11430 1206 1941 2435 9741 5898 11056 1106 8172 11557 12490 357 2339 2091 3395 403 5121 4349 6789 13376 13546 380 7978 9311 11999 2103 10632 10143 11609 507 12737 953 1780 7558 1794 3851 3152 8187 6740 12078 3430 10848 4720 10583 4319 5802 840 6477 5417 6870 5810 9275 1593 3125 3276 9105 294 8168 2221 8568 8686 1007 8834 922 12294 1925 9294 9827 9958 4777 10488 852 3918 11452 4396 7581 8577 11258 7843 10681 88 9690 1995 4327 4966 10472 7888 12683 1502 10022 2365 6093 3121 5954 8011 10073 3733 9067 7173 13358 4070 5290 10326 5080 8028 10020 6357 8024 6728 8712 6475 11401 9514 13000 
7642 12933 13507 
7673 13334 13523 
7707 13174 13444 
8112 13354 
8127 
8234 13047 13368 
489 7927 2786 3164 3957 9963 1795 6578 967 6355 2181 11654 13310 995 12208 3802 4263 4420 11668 7305 9477 10867 29 3145 8346 12755 1690 3612 2231 6117 5015 8549 510 808 3216 3886 9317 9628 2533 3178 982 2126 7991 6052 9031 9133 2895 5534 3581 11967 5909 6401 2022 12488 3573 10962 1135 5806 8207 3758 7321 13289 3958 4416 4549 1385 9810 10749 91 1236 4155 7005 2808 4002 3012 3775 1541 6340 7890 6964 11756 1815 9722 10767 11819 12363 4796 10665 7996 9243 1072 10378 4347 5202 13056 4215 6201 4123 6504 8637 6444 8485 4684 9388 7521 10869 4301 5970 7539 8728 9630 11205 8600 10828 6628 9587 5763 7006 9696 6780 9186 9406 8445 9068 3706 9498 9955 12982 1842 4372 681 5761 10993 258 2488 4236 12953 2045 10996 6260 11470 1336 8801 7380 11662 827 10684 12025 11108 12205 4283 7831 9970 12393 1701 12696 9056 10586 9367 10418 2218 9173 3761 5610 6182 11008 9416 11326 710 5308 9029 11704 12343 2964 2997 3833 10202 1757 3806 7375 3451 6814 8646 11899 10210 10614 1518 5817 6956 7192 187 920 12269 12684 2854 10447 6153 9061 2038 12565 12679 368 9390 1603 7310 12026 3730 5365 2480 2763 4436 7634 2441 11703 1927 8706 11946 4584 9097 3475 7339 2670 6223 7899 11339 4121 6215 7787 9790 11746 2300 7092 4849 10529 11501 3561 5828 7127 10050 7216 9269 8080 12809 3242 9947 10233 1825 3780 12384 8128 10715 12686 4689 9485 6557 8087 2919 10887 3128 8599 1496 6564 7363 12338 11544 11951 969 7489 9907 6525 11376 7034 7279 6940 7152 7820 11692 8832 9335 9669 712 11988 2275 10342 3481 10978 1681 5326 2349 7721 3774 12742 902 8846 9370 35 6016 5798 11559 5835 10462 7723 8019 9128 9664 11669 11826 2263 6468 4547 6305 9524 9940 671 9777 4682 12936 2145 10705 12784 1713 1779 2594 3048 3312 6670 3196 9817 9739 12061 4044 4826 4187 10630 6869 10251 2938 9583 1988 7997 9931 749 3238 10353 469 1245 3649 7625 6185 10337 12065 668 5766 2042 7014 10489 2409 3339 11432 4007 8505 1608 10304 9012 10973 1372 5867 10511 3680 7054 7803 9036 10798 7883 11989 6818 8417 6716 12303 12791 10063 12771 10835 12508 100 3358 4504 4792 
8363 
188 1913 3247 8972 11373 2391 8667 12062 262 9308 11804 11821 1136 1254 8517 12040 1198 12789 1328 11356 4533 10053 984 3043 2403 6187 3470 3801 10276 5331 10286 2721 3992 4106 4609 4632 11655 7708 8785 9998 11217 6065 11361 1822 4633 8943 11329 3529 6666 5198 10200 2503 8123 2291 5988 1626 4635 8092 9363 4262 12632 8420 11209 1046 2050 2137 5822 10457 11438 5101 11414 2419 5883 7331 11761 483 1193 6318 8584 1726 2176 3987 9523 11986 2881 7829 303 12113 727 10047 3463 8430 11881 4949 12806 3977 11465 11934 4008 10580 6072 9550 13038 6202 11270 789 8831 10753 1229 8486 12783 9676 10507 9638 10245 11362 12322 4162 4974 412 8115 4764 5574 5729 6971 7139 6731 7449 540 8951 1098 3666 7817 11231 11857 999 2889 12659 225 8066 41 160 276 596 1039 8057 9437 1403 1573 5069 8589 1094 6600 450 2555 5035 2716 7349 1019 2121 3832 6017 8873 1531 9802 5972 6620 11767 2390 9282 5188 11498 544 11379 2343 12226 4421 6181 3146 4272 680 2990 184 8532 9820 6987 10495 4730 5921 6942 9302 10152 4931 5734 5662 7411 394 1501 1491 9729 1581 5235 8177 9192 1684 12105 12589 3889 5106 1620 10490 1654 10187 7431 8573 2972 8296 10458 7496 8360 11573 6299 8102 10042 4296 10503 11576 85 3404 6676 2698 10097 3057 7442 7356 9749 19 3278 613 3530 10305 748 8935 12630 3577 10175 11554 2060 6242 7578 12746 5643 11502 12520 10453 10983 1395 2142 10701 2978 8789 6496 10191 769 6923 390 12091 4860 12308 459 11569 5431 10247 2760 6158 1207 6949 1796 12094 202 8642 4108 6547 7457 1649 10919 5150 11961 3286 8242 10332 5919 12612 6333 9847 1837 4932 490 4805 6856 7231 8075 12324 1707 10413 12802 963 7746 3948 4481 6019 7180 10256 6382 10024 1433 4362 956 6498 5931 6047 5446 9679 7483 11638 344 11671 4653 9441 5340 8565 2635 4475 6381 11936 3466 11237 4875 12764 6483 10506 5127 6849 758 1031 3728 6456 7796 10002 10575 6691 12536 7971 10523 1151 11511 1908 4443 6273 12401 12706 
240 6999 4552 10186 3810 8377 921 8558 12501 4308 10217 10837 2043 4924 11378 6315 6729 4245 8096 11146 10723 11798 1843 12281 6156 8705 10590 8262 11513 5056 9753 10496 5718 6392 9778 802 8848 8984 3584 9048 539 2244 11709 6057 6919 9903 300 4666 700 933 1414 2297 1412 8431 1097 2486 6066 1270 7900 8166 5401 5451 5055 7565 1880 9723 11816 2637 7507 5542 8303 8382 12042 4284 6471 8898 9914 10129 8095 11491 10648 10955 12761 10966 11350 1326 1769 3308 7051 4084 6248 1599 2021 5668 2996 11478 829 9988 5039 10731 69 2779 1084 5280 2348 5406 7384 7432 10710 12662 698 6176 1042 9727 1309 12405 4779 11907 6693 7916 3291 9531 4818 6876 12419 5206 8371 3330 6165 11727 4771 11736 66 2859 6680 2329 10621 4445 4540 5578 6343 6394 2371 5012 9121 6095 6466 10023 4943 7243 2807 3543 11245 8895 10314 714 8580 12181 12637 338 4620 6662 9258 9987 10620 949 4434 4544 5648 12787 515 4649 7042 8886 11677 8416 12125 6748 9632 12410 3869 8976 10900 1482 9159 10795 6258 11477 2813 3506 10258 5330 7338 1750 3223 4651 5082 7750 7886 8306 738 11742 4808 6644 9284 9890 11031 11229 6688 9506 898 4960 3643 5411 11042 6461 7734 528 4876 6841 127 10371 11698 5746 9094 3520 4057 8828 4230 5687 3669 6593 1325 9902 805 8439 2306 3028 4986 9634 1100 1751 2561 4458 8005 5243 7813 328 2465 6313 3141 7341 495 1281 3046 12765 2730 7848 10140 5672 8164 5025 5504 6936 7830 11141 174 2477 2877 1523 11234 1160 2980 1534 6958 3301 10288 12031 2193 2853 6452 8459 11681 8654 8732 1119 3315 5480 9233 4114 9607 10761 7450 10345 11497 12243 619 772 978 3745 8063 9266 3212 4457 5422 8914 6838 12381 2781 5604 1339 3569 2248 3741 9276 9503 6310 8691 6606 6788 8404 12469 4491 9548 341 741 11487 4534 8826 7 11724 12675 3355 3657 6272 6719 4175 7633 5143 10561 5338 5639 3460 6487 5770 10594 4948 5991 12614 417 1461 5608 4403 11776 4563 8879 6911 9046 90 6950 7114 688 7120 7782 5095 10644 241 4748 10746 5664 8221 8711 7724 7788 3839 8722 5584 10912 6833 8348 467 12640 3030 4388 771 5041 6661 6986 12705 
9047 13183 13275 
9123 
9157 11840 12524 13192 
9323 
1130 13013 13453 9429 13286 
8154 9292 137 3270 6152 4739 10540 213 8641 1269 7606 3456 5449 2631 7017 3314 4201 9799 1618 9711 4601 7576 928 9249 11123 2463 12064 1035 4153 6924 12290 12450 824 11114 12254 903 1947 9667 3195 6440 579 678 3052 7683 541 5519 1398 8496 3693 10155 814 4830 4614 9993 5160 6172 6908 9369 10952 1314 11210 6482 11069 12280 12528 2932 5487 2954 3636 6224 11941 1263 2793 3764 10106 1570 6075 8206 11869 1183 1786 2360 10328 2736 12503 6137 12471 1361 12038 780 4288 7268 3491 12162 1261 1589 4042 4527 2620 5222 463 4640 1679 7866 12057 4313 5402 10101 4071 7452 12644 2319 10487 1993 9904 1250 2737 13207 1801 2523 7531 1629 3480 12315 7245 12403 1994 3726 4769 8792 627 6648 11715 635 8888 2869 4624 5700 8435 1405 8562 392 5317 2615 8184 2673 3844 7350 10271 10905 3432 12102 895 11038 5019 6311 10775 11168 4582 6647 3692 10040 1381 10563 1485 4634 3454 10174 2551 6025 4871 7663 7726 704 12088 4685 7995 7263 12100 10627 12420 905 7436 598 7498 4343 8015 6563 10248 10587 12560 3425 7334 9178 12584 669 5841 6827 2399 11186 2359 6499 8334 10139 11606 2592 3684 4444 7398 11111 6612 8275 8148 9152 1934 2051 10889 3181 11169 327 5083 1364 6933 7369 8029 8119 9660 10478 2048 10273 530 6926 7547 8179 2183 8487 145 4378 11536 13118 637 9471 5928 7497 10148 4490 5397 6811 9809 11782 2794 4765 8138 2427 9218 12638 3138 10631 4671 10734 2138 3956 5947 11213 8321 10764 756 1291 4804 10554 8967 9054 1165 9850 195 8104 9922 4997 11960 8497 11979 8725 13151 2520 6710 12129 5503 10871 2217 10724 5473 6572 3084 7949 1514 5957 6439 7019 11697 12661 500 1390 3014 3446 3236 11246 4462 5196 843 6635 1085 3438 3477 11603 1990 6118 418 5172 6023 2268 2761 5599 7679 3158 10403 3399 4896 6369 34 11125 2855 6501 10153 6191 11260 11968 2628 7806 3335 5489 6531 10235 11444 6243 11529 958 5407 884 2370 11996 12352 9 191 5179 8110 6643 9382 12307 3656 11126 3010 6250 9962 7211 10708 508 12139 2423 6529 3884 7326 1835 3521 9237 851 7274 1180 10732 79 8018 8402 9557 11183 2784 2822 10262 5538 10419 3187 5476 11614 146 5168 4163 9107 5248 9194 5925 9219 2106 2417 
9858 13122 13135 
9938 12878 13487 
900 3885 2254 5975 8152 12496 810 3968 2733 5987 7102 5801 10857 4196 10864 7371 9687 9888 9375 9629 259 4921 3707 5226 2222 9885 2095 7563 4324 5252 1883 6678 11634 11712 7134 7597 8173 8182 10641 11089 9174 12812 2588 10162 4816 10170 9419 12805 3163 3576 12581 2647 9978 2424 6751 2653 5363 2473 9504 4528 10498 5129 6767 2119 8441 4158 9016 9222 2491 10118 3614 4542 5120 5917 7607 1890 8625 2772 4848 6554 7267 11568 11693 12750 1730 5187 9314 9596 5974 7985 1975 6704 12182 4781 6255 1008 7244 1854 3122 7200 8986 1741 6155 9479 2194 9351 3954 8971 1894 2909 10369 11598 12284 6625 6641 9567 6528 10999 3294 3593 9474 11228 12672 2058 2960 2364 8170 6337 8861 2945 8622 4623 4891 5693 6736 1410 8955 9490 9717 221 5745 5197 6352 3665 10190 5093 5555 10281 1528 5808 2798 11648 3516 6459 9098 4199 9892 1216 6077 6161 6541 7353 818 4440 2575 11894 3650 4056 7470 11046 2892 8695 9953 11618 12356 3249 4431 7176 6638 8519 4729 9118 268 5530 8550 9358 672 845 3544 7361 3932 6455 2271 8656 3292 3924 1917 4136 6946 10530 12908 3264 10789 1935 10219 6537 10595 8822 10236 11808 5426 7208 8500 12877 2951 10483 13222 13452 1022 6240 12539 104 8476 7121 10677 6677 7248 8254 11897 1321 10054 946 1754 11615 2402 12374 3154 4186 2660 6206 8373 1150 3818 3324 9099 1225 1738 7223 1676 12085 98 7901 3220 12820 2485 11295 1171 2683 8159 9971 346 993 2871 11791 5816 13015 4082 6008 9614 10757 4160 5685 6559 10651 13127 1307 6089 6776 8889 8307 9013 11867 2539 10588 7020 7059 7137 7922 8539 6309 10663 11939 10192 10398 4951 5049 6826 7543 3303 10493 113 8893 10932 1831 2257 12860 753 12047 1257 12954 243 2965 3199 12866 13415 8255 10763 9396 13039 7970 11032 3621 8033 8218 12278 12515 5525 9365 6511 6649 6193 11398 795 8740 2479 11764 13133 1555 3457 4274 3041 10555 5328 7041 8162 10209 12050 4309 5470 10120 10501 11151 5380 12427 6914 11300 11818 3038 9996 5523 11754 12235 2080 11278 
10029 
10055 13450 
10163 
10395 13197 13380 
26 5107 2455 9924 882 12422 432 7459 1174 8881 6495 12251 250 8603 1758 4977 3104 6279 302 3888 4642 13014 971 13443 535 7615 1477 7551 6682 8523 3240 5152 142 3392 3194 3675 6581 8007 7018 8131 3773 8644 13283 934 2754 2500 4271 10009 3755 12903 13196 4017 11159 12369 1872 3417 2676 13454 880 10404 3350 9725 12089 12418 2988 9560 4032 11387 7234 7630 7885 8250 10113 9769 12841 13497 10405 12968 1312 12522 6199 9967 2281 6325 3920 5692 4610 10516 3868 11043 1759 10407 2298 5356 6875 3568 8239 8993 1646 10990 9635 11131 434 4132 2000 2550 3118 8988 2057 3277 3631 7088 12569 4485 5232 2803 5440 5000 8285 5418 5780 7306 1226 1768 3290 4708 6168 6918 7994 4487 7774 809 3384 3846 5882 1813 11725 662 7343 10876 2056 11265 2363 7140 5550 8048 11238 5743 6400 8121 10936 361 11558 554 4680 7050 12525 3297 6791 5357 8277 2015 9078 10615 8076 11324 3139 9115 7439 10468 1455 6934 4806 5844 7714 6088 10115 830 1109 6330 3027 9756 590 5890 1041 4946 12875 7160 8775 7600 8606 9117 3320 8769 2584 9020 6460 8392 11644 8175 9656 3005 9236 834 11514 12099 5510 6173 6860 3020 12382 9726 11136 11674 12668 11088 11771 8390 13253 45 6006 50 9861 1525 8200 10808 8358 8990 10323 655 3207 7342 4892 11395 684 11473 38 1348 823 10098 1781 12481 3024 8772 7852 8189 11592 1021 3871 2474 9675 9683 4970 11454 3930 8677 1600 9979 11433 5804 11130 1956 3473 11984 12424 13327 1538 3215 4484 2034 7990 1006 3963 7336 9517 3385 4451 12477 5631 12997 6782 7628 
10510 12975 13107 
10574 12932 13185 
10768 13378 
10894 
11014 13338 13518 5619 13417 
444 2189 1687 3288 12232 5381 9653 429 3111 7980 2975 4619 15 5392 1515 5502 5709 11094 5961 9086 12590 3376 4561 7691 9263 10584 6868 11909 6709 9037 1902 12521 6344 11685 1576 10602 12738 1038 11701 10249 11385 8802 12853 3098 10362 4812 8604 5472 5886 5258 11455 3784 5377 3990 8671 13406 6062 10720 6609 12472 3556 8736 6402 10333 9261 9571 7655 11953 4317 5118 3984 8142 7906 11733 3632 9798 9352 9897 10694 1479 10861 12631 3677 5751 5441 5583 8750 1864 5273 383 9053 10526 8455 12800 1552 3062 12443 2577 9559 747 2041 6599 5576 9100 12186 6690 12353 5688 7149 1680 3608 3711 10832 3379 4079 7069 354 4489 9051 6988 10901 13072 7247 11392 2826 9544 3143 12197 1134 9652 5511 7023 8694 6462 10782 576 8726 1499 10320 4124 5630 1533 4232 8838 10816 1143 1247 7289 8894 2930 4505 4605 12430 4299 5031 1571 12011 3450 9411 10034 10926 2777 4246 2792 8876 5868 7524 4751 6194 7064 10649 1875 10011 2247 4364 8883 1504 6427 7359 6821 11717 8997 11531 7105 10310 33 2601 3222 2995 6977 8322 1650 6326 10572 11166 3133 12044 3827 4250 5439 6862 12285 7602 8829 7575 11343 11484 7895 11072 3103 5964 9599 11338 161 11647 647 5282 1615 4737 3167 3690 6865 1505 3508 3895 440 11940 
11222 
2420 2708 13239 2232 3327 803 7440 3090 6534 9104 2039 5463 11476 48 4616 1082 2224 11268 3074 4975 3700 9613 12671 196 7841 67 8844 4878 7220 150 7079 728 2493 13218 3421 6489 6668 7859 7362 9378 4181 12024 6247 11876 3033 10372 516 6737 7621 1341 5814 4049 12519 2116 2201 787 4109 6550 8743 9568 9961 1227 6190 6992 12302 13236 1253 12413 7408 11600 794 3471 4157 9493 10995 5339 7221 5694 13219 8055 13093 1139 8730 12887 659 13421 1783 5122 8582 10740 5573 12081 9114 9379 8271 11355 3402 10315 11911 12884 1246 7909 13399 9255 11851 3985 9673 10520 1648 3902 8929 7943 10776 11744 575 10866 8985 11883 12499 2513 12400 5139 11518 1105 12342 5708 11956 12168 12489 1158 6852 4027 12461 5102 5873 2353 5177 6579 6447 8780 519 534 8181 1231 2606 3916 9322 11235 2648 4606 5040 7947 3072 5343 10693 5661 9602 826 2317 6082 8434 6771 8318 5981 11419 12316 7474 10692 6363 7639 1251 10728 581 5322 10633 5073 9992 2146 12277 3307 6347 5979 6171 5087 6757 9926 11093 466 4429 6755 10363 335 11259 3894 8897 3998 7150 998 1284 2049 7206 4662 8720 10292 2191 4847 7609 8226 18 3630 4592 10899 2677 12551 
2694 6517 10137 12093 3738 4661 12227 3928 10131 604 5347 740 7029 7280 2294 10911 3862 10709 11011 7525 9466 12567 591 1785 8870 9981 398 574 499 6725 2249 8854 2149 3461 1209 3949 12652 1503 6345 269 565 9424 11314 11675 11837 1346 12960 4566 8655 9701 5360 10433 6386 10456 3289 3876 3371 9957 3080 3114 5594 7327 4939 7884 1182 11431 10400 12136 5927 7035 7100 9253 5612 6490 6574 9262 1055 9750 2394 2812 8017 8116 1147 9209 9937 9984 6570 13563 2426 6743 3620 8021 12849 3081 8689 3162 4237 12118 17 4040 6997 2472 6513 2381 3727 12001 1125 1535 5341 2068 6673 7300 8557 11608 8466 9185 9156 12516 972 5936 3879 10592 6317 10807 3119 5255 10994 3424 11841 5557 5738 7055 10296 12594 6629 7835 2552 7564 732 12331 3819 7078 1588 11007 1204 10182 6938 9042 2396 11901 13264 9251 10991 854 9109 2173 7785 12304 1040 8915 4290 5465 3821 6467 8281 4963 9698 13251 318 11997 13134 447 1520 8666 5948 11566 6436 8805 8061 9841 7928 13132 5658 9546 5903 11839 555 4604 12891 11133 12296 1256 2428 6508 904 1422 3602 9735 4732 11534 7559 10015 3552 11164 4791 5261 558 10095 399 10981 476 10956 3513 4316 4903 5286 6577 7177 1579 10399 9782 12712 2875 2879 2973 11993 1852 2583 7224 1563 6701 9455 9822 2162 8810 2214 6425 1101 1746 9843 2559 3474 3655 8482 7406 8498 1805 2510 8572 2947 5823 11682 5830 6107 7574 4307 5214 5777 7030 8078 10512 572 11445 12562 8808 9814 2326 10847 767 4555 293 3108 10873 358 2482 6234 8335 2774 4510 3716 5754 7011 12039 2843 11261 8514 11588 3525 6020 1439 3988 1102 7495 4030 4133 4674 7131 8874 9714 1513 9220 9528 7445 10424 2327 9580 10637 3721 7505 3400 11197 8341 12133 1530 5569 6178 8295 11357 12739 1277 1308 9478 4747 8602 9974 2118 12041 9180 12300 2509 5899 2284 6587 11411 1532 9829 929 3510 5045 7333 6319 9381 12478 12718 5234 9324 10165 12655 135 5615 5359 7610 4430 5564 1998 5842 2425 6664 1299 9543 10060 10477 11413 94 12603 1121 4655 10660 1411 3743 376 1642 7378 10756 4478 9929 2037 5485 3793 10929 722 9160 9435 5762 6028 7776 8912 6014 9618 11252 
11253 13053 
11305 
11425 
11459 13037 13321 4077 12827 
11496 13313 
9002 13503 11510 12823 
11602 13125 13231 
12140 
12170 
9848 12188 
588 7118 3921 13129 8748 13343 1821 4567 5946 10652 9731 10421 2570 7260 2921 8438 1430 9434 6011 6594 8137 8186 683 6186 6101 6227 426 3527 9073 11427 4988 11799 6703 11503 11530 6472 13111 13274 4622 13147 9239 13448 290 10044 5065 11323 112 8237 5461 5907 11302 640 4412 1393 11203 8909 12161 8762 9210 8512 10946 1814 1948 5913 11383 4195 5130 11393 5675 10508 1445 7965 4835 8612 6195 6232 2003 5003 9305 9833 12131 959 6069 10609 2936 4100 12183 4734 7278 9071 9972 4363 8628 8818 9171 9586 12334 6306 8304 12437 129 12366 3945 10102 36 10059 4348 9124 244 5001 9536 11870 3914 6822 7930 10232 2943 6773 183 3374 7372 9590 4302 12009 2560 4287 8856 2617 8569 73 12321 12441 382 4992 4269 5827 10425 11404 1406 4670 10748 52 10509 11475 11903 7931 7972 8833 11372 7695 8298 12378 2204 9589 2357 10156 2752 3087 4315 8161 3973 5048 6991 8516 70 12597 3856 7421 7948 9520 10130 11240 1388 1610 5627 7317 7453 620 8753 3282 10985 1819 6867 7425 2651 7538 4164 11983 3261 12736 8056 10402 207 441 3763 5547 5800 11315 4587 9457 1118 8817 4005 6610 3275 8220 8707 284 7945 9719 10306 549 12191 759 5771 9344 3462 5256 11932 1169 6197 13530 2290 11428 3647 5757 7168 10017 1440 2835 6323 3071 5526 5995 8592 2832 8147 9064 915 7002 
257 3826 706 1342 5623 8426 39 3357 2993 5225 2150 11206 6807 11626 4550 10007 5956 7046 8294 1088 12711 1108 12054 12121 3295 3322 4858 875 7026 12460 5716 5906 8391 11863 7077 8708 10793 1550 6067 2031 7162 2882 9164 11550 1370 4842 8882 5283 6685 10450 10647 2185 3346 8105 4184 4996 4761 6297 9771 10598 1292 11597 3337 7974 9350 1138 6035 1030 11399 348 1154 4897 4345 5963 10951 12203 8787 8793 5544 10717 353 5628 7113 7403 4267 5097 7246 7654 9578 10596 11623 7893 8714 200 3256 9642 4908 6362 601 5086 6435 7441 4233 8811 7165 7571 1870 10329 138 9910 4439 8975 11174 4594 4872 1711 4979 11964 4061 11347 5278 10158 261 3333 9456 10836 2898 4161 2332 12367 799 11103 3078 11307 2687 6764 6615 9228 2579 9786 1431 10331 7146 8473 6732 7756 11560 865 4331 9187 2418 5517 2680 12779 3323 4468 12148 2027 3703 11784 12327 3066 5695 5760 9879 10760 2591 7199 3365 7789 1221 4397 8289 1262 5912 2036 6915 12376 8245 10548 12582 487 6519 4129 4749 6296 9980 1252 10699 3943 7391 511 4112 7896 832 9990 8380 9291 9372 492 3880 10451 10470 473 673 234 12329 1960 5156 5901 8925 1537 6522 2239 4937 5697 7869 3570 11872 1740 2908 5410 2901 10878 9795 10727 2266 10686 286 3287 5227 4466 4811 3383 5596 12754 5790 7458 1869 6816 1612 9055 491 9610 1064 4059 7715 9374 11170 1871 7709 5212 10863 1415 8842 2502 8910 2519 12146 592 1526 2915 7999 3807 6966 7512 8821 1633 9386 1012 10535 4344 11577 1048 2571 4901 6038 8267 11921 1168 3375 7461 1234 8940 3150 4099 7503 12242 12835 1682 6556 3168 4098 7860 13245 2134 6607 6828 2040 5262 10604 961 5891 4408 12332 11815 12396 3151 3444 4076 6891 4130 5327 5159 12751 5228 9277 9392 9709 925 1529 1066 2416 7448 298 8090 2128 3059 3760 6698 4738 10893 8027 10114 1677 3193 9689 9785 11177 2135 3723 3891 4407 4814 7501 8074 11540 906 3722 4880 8272 2006 11095 12898 1243 1315 5778 3345 8194 4464 9917 1800 9304 11351 4530 7810 9080 6251 7062 8698 10360 11775 7850 13510 2457 5916 7296 10706 3179 13186 13430 106 12200 3273 4119 13402 862 9601 4465 5253 5711 1429 5670 9639 12258 1983 10224 5520 11860 2338 9384 1377 2852 4718 11957 3131 6228 4912 9149 5720 7106 6085 6679 8932 11658 976 1026 6888 10049 509 3039 11250 1104 4954 7454 12328 8852 9898 324 9670 2158 7556 1152 3036 5066 1952 4713 2312 8527 4843 6216 1653 11070 3317 7027 10777 5114 6324 5005 11113 3226 4016 6263 8661 226 717 9032 4103 11937 7617 12346 169 6540 1641 10597 12507 4577 10476 4384 9293 1483 6169 3409 7998 7044 11928 813 9070 10492 12792 8757 11472 4432 5514 4188 6990 9110 719 4595 1421 7163 9206 1316 3812 6103 6903 7536 1602 6980 8884 12028 2940 9900 1498 10499 8687 8877 1018 1037 8468 573 4703 92 10643 4861 7395 7871 8629 12375 5459 11972 4585 12104 7822 10436 11949 3571 12196 1320 4461 1792 12757 141 5730 12449 1137 7257 3619 12767 3298 4473 
12350 
12542 12861 13513 
12554 13099 13480 
12642 
12719 
12782 
12822 
12826 
12828 
12830 
12831 
6212 12834 12910 409 13181 
12842 
12843 
12844 
12845 
12846 
12847 
12848 
12850 
12852 
12855 
12859 
12863 
12864 
8107 12868 13261 
12869 
12870 
12872 
12873 
12874 
12876 
12880 
12881 
5063 12882 13293 
5079 12883 13009 
12885 
12888 
12889 
360 1939 13347 9155 12893 13266 1627 12890 2979 13361 
12892 
12894 
12895 
12897 
1264 12899 13516 
12900 
12902 
12904 
12905 
12906 
12907 
12911 
12912 
12913 
12914 
12918 
12919 
12920 
12921 
12922 
12924 
12925 
12926 
12927 
12929 
374 12931 12978 
12935 
12938 
12939 
12940 
12941 
12945 
12946 
12947 
12950 
12952 
12956 
6604 9561 11729 8814 12957 13027 
12959 
12961 
12964 
12967 
12971 
12972 
12974 
12976 
12980 
12986 
12988 
12989 
12990 
12992 
12993 
12994 
12996 
13001 
13005 
13006 
13007 
13010 
13011 
13012 
13016 
13017 
13025 
13026 
13029 
13033 
13035 
13036 
13041 
12351 13043 13130 
13045 
13046 
13049 
13059 
13060 
13061 
13062 
13064 
1974 13065 13223 
13068 
13069 
13073 
13074 
13075 
6916 13077 13519 
13079 
13080 
13082 
13084 
13085 
6145 13087 13284 
13090 
13094 
13096 
13098 
7651 13076 13276 1647 13100 
13102 
13103 
8615 13105 
13109 
13113 
13117 
13120 
13121 
13124 
13128 
13137 
13138 
13142 
13144 
13145 
13149 
13152 
13153 
13155 
13156 
13157 
13158 
13160 
13162 
13165 
13167 
13169 
12135 12966 13028 8136 13171 
13172 
13173 
13175 
13176 
13177 
13178 
13184 
6654 12879 13481 521 13081 6097 13187 
13188 
13190 
13194 
7476 13199 13429 
13200 
13202 
13203 
13204 
13205 
13208 
13209 
13214 
13217 
13224 
13229 
13233 
13234 
13237 
13238 
13240 
13241 
13243 
13247 
13248 
13250 
13252 
5483 13254 13319 
13255 
13256 
13257 
13259 
13262 
6411 13263 13362 
411 13552 10036 13506 9519 13020 13230 1584 9170 13265 
13268 
13269 
13271 
13272 
13273 
13279 
13280 
13282 
13292 
13295 
13296 
13297 
13298 
13299 
13300 
13302 
13305 
13306 
13307 
13308 
13309 
1068 10513 12021 11254 11822 2567 3173 4643 7742 11545 10930 11239 940 3250 2556 3244 1970 4681 4323 4406 5505 6423 6834 7096 8120 8754 853 2028 3380 11772 5851 10440 11316 12616 2436 11971 8270 8776 11751 11926 4801 10769 4019 9593 1334 8045 7824 8864 3144 11297 271 6046 6446 8901 10858 12341 6815 7157 11085 12428 3159 7170 3237 10087 7110 12561 10319 12018 6551 11980 3206 9473 10613 7185 10758 12193 1728 11369 6335 10890 7725 9883 6239 12260 5368 7347 8190 11349 12483 3135 10689 2283 12690 616 5908 6129 6723 2817 7414 7872 7969 8471 8591 5910 8169 6393 12664 4829 5373 5656 5850 12387 6237 10914 3228 9024 11154 4705 10772 10881 8534 10957 11610 210 10814 1724 5271 58 5843 5124 11104 2992 10461 3772 6619 10051 13088 3085 3248 5690 9697 4212 7867 11546 6188 6196 1664 1720 8375 1120 13244 313 11192 6301 7979 792 3182 11755 9316 13400 2918 9668 2335 11269 2986 5577 13455 737 11955 786 3366 9267 2890 8010 3718 9556 4562 8480 8072 8862 7780 9319 1238 1426 2797 11660 5021 6257 8349 8741 6494 9235 2344 5372 2744 11551 11987 5010 6820 8176 10142 10285 9310 12456 2845 8183 3419 11519 12397 5724 11555 12344 849 9582 1507 9999 6221 7383 5104 5427 13492 1580 11706 13290 159 9010 676 4952 12650 2392 8554 2661 4853 4508 9838 3923 6582 3823 8685 4045 4807 10401 12180 2374 8000 12633 6000 7781 7842 8809 2712 5829 12937 8651 12145 12991 4823 8853 3428 12390 13326 775 13312 13353 
13315 
13316 
13317 
13318 
13320 
13323 
13328 
465 13329 
13330 
13331 
13332 
13339 
13341 
13342 
13346 
13348 
13349 
13350 
13355 
13359 
13360 
13366 
13367 
13370 
13371 
13373 
10958 13375 13502 10968 13514 
11888 13377 13551 
13381 
13382 
13384 
13385 
13386 
13387 
13388 
13391 
13396 
13397 
13404 
13405 
13410 
13411 
13418 
13419 
13422 
13425 
13427 
13428 
13431 
13432 
13435 
13436 
13437 
13438 
13440 
13442 
13445 
13447 
13449 
13451 
13456 
13457 
13458 
13460 
13462 
13464 
13465 
13466 
13468 
13469 
876 13097 6786 13471 13501 
13476 
13478 
13482 
13483 
13484 
13485 
13486 
13488 
13491 
13493 
13494 
13495 
13498 
13499 
13504 
13505 
13509 
6267 13512 13550 
13517 
13524 
13525 
13527 
13528 
13531 
13533 
13536 
13538 
13540 
13542 
13544 
13545 
13548 
13549 
13553 
13557 
13559 
13560 
13562 
