0 
28 8595 10149 10272 108 123 3310 8156 868 6276 7638 10237 11165 11365 2115 11787 5755 7492 7055 8586 10994 2692 9092 7532 12774 5149 8890 11381 2237 12451 239 11099 1450 2846 3100 8857 12673 1212 5865 11204 1129 5306 2614 5818 11916 2983 6346 3058 11218 457 4108 7337 10992 4735 9377 3445 6491 621 7187 8415 9484 5571 12464 6524 8732 9233 7706 9751 53 2438 2853 6452 4073 11800 2821 9936 11908 2174 10415 696 5215 12140 1460 12288 3781 11978 6115 9403 7546 9686 11379 11498 9288 11767 544 5972 784 6396 2657 4055 5478 972 12266 5557 10296 12594 64 5738 2552 5255 10293 8082 8525 6264 9699 5823 10592 12304 1787 2718 2173 8915 3879 5936 6178 5537 9321 828 2714 3645 4660 7636 1142 6965 767 7011 4018 6028 7968 4820 12039 2766 5669 6274 6639 12537 3600 7687 8413 10392 8396 11200 4224 7835 9708 1731 3704 6979 11460 3792 11959 504 7136 11904 7446 11434 2515 3004 5874 37 2017 10860 2496 8043 4745 8212 10822 12152 285 7761 1586 3831 4296 11625 11757 10379 11811 8302 10028 7911 9005 2787 9038 2160 2398 7545 12115 9039 10600 2104 11945 246 5713 10035 11382 12110 6048 11266 10061 12541 1887 2253 11497 822 4495 1217 6874 5896 12504 4583 10308 7918 8068 12467 3625 8581 7711 10437 1909 5102 9322 11020 2949 5562 12700 162 11436 3241 3926 10394 2030 2258 6769 7242 8057 10080 12289 1058 7936 2741 10937 1634 11244 263 7983 6832 8296 2562 8360 2456 9985 2773 11139 419 10164 152 793 801 6449 153 5072 301 10066 2131 2693 4454 5471 931 3515 3284 5787 89 7357 12151 707 4411 9703 9439 12808 2603 5679 3687 11052 
44 
154 
171 
224 9003 2893 9874 4783 12164 438 3078 12234 2367 5712 9678 10820 12103 5529 12550 445 11109 2011 11449 6034 7472 1356 3663 4955 7255 587 7573 5325 11525 4127 8652 2278 5050 6945 6074 6798 4026 9893 343 7582 3109 11103 1799 8122 5068 9102 1976 12438 3160 8443 799 6126 2998 3201 8681 10707 4402 7669 348 3131 1267 6679 7046 10007 1869 4466 2418 6816 3383 4811 473 6615 1640 12457 2908 6522 10451 5626 10502 1612 10356 9055 10878 833 1164 6796 6922 8878 4459 10686 1108 8527 1088 5385 2266 7420 5623 8758 8847 12711 3287 5940 5945 6601 8320 10223 10623 1797 12538 5893 12621 12714 3357 10760 5225 12054 5760 9228 286 3329 10025 12121 5227 12194 3826 4156 6889 3703 10717 2027 12327 3256 7441 10596 200 7893 443 10329 2926 8680 1063 10215 894 6890 1495 6403 8474 4383 11102 5156 11722 3075 7126 5901 8925 7937 10274 211 9431 279 832 482 2044 6142 1016 4112 2672 5824 4294 12271 2314 7314 8491 2643 6336 3583 9702 3605 4568 6669 10439 3232 10797 3701 6056 6774 9942 11334 2931 3184 774 4752 3967 11687 4868 12291 3794 4910 9747 10698 5965 9307 11135 2732 12037 1252 9980 487 1431 6915 1866 4749 6296 6519 6843 1960 11290 492 5790 9786 10331 3016 11560 4897 11307 3943 7458 601 5299 9440 2120 8204 2579 7896 511 7635 8714 7790 12468 7146 8473 9642 12754 3169 7198 1154 8289 10470 4625 9372 3880 9990 10699 1954 4961 3263 4576 256 1938 6660 3341 7203 1899 3097 6076 3734 5923 1075 3778 8578 3458 6359 3096 6886 9619 2366 8059 8739 9951 1991 7902 3852 5858 5861 9227 6143 9111 11190 11849 12552 901 4266 3892 8688 4579 9331 878 4934 766 7596 2289 7063 6465 12642 7199 9879 11563 4714 11423 2591 2862 5714 7623 7989 3825 12086 6083 10939 4712 10197 4397 7391 4331 6732 7756 3333 11347 261 9187 5278 10158 5596 10836 4061 6297 4872 5695 6764 9456 2789 10675 3735 8039 11280 2084 10355 3537 8850 12192 3898 5924 6854 8495 11277 5220 11127 5382 11271 446 10145 909 5266 11100 8089 12773 7172 9734 11623 11716 12326 3594 12340 7025 10422 6160 10196 550 3936 11282 12368 1153 7529 703 5595 236 11319 
374 12931 12978 
409 13181 6212 12834 12910 
433 923 
439 13431 10327 13403 
673 
705 13424 7773 13393 13414 
750 3464 
1131 9862 4683 6997 3768 5579 9941 7032 12118 135 476 4430 12712 5286 6508 1579 9782 6107 10312 269 7177 1852 10216 1256 2428 4548 5214 5443 2249 8854 3602 10433 1209 3949 10456 3165 7066 10981 11608 1346 1503 11314 3461 12652 5360 6345 6386 499 2149 6725 565 10956 9424 12960 1422 7559 1055 8021 904 4732 9735 5903 11839 10015 10095 555 11534 12891 11007 12296 2719 3567 9066 12452 5884 7535 12147 12473 145 8792 8098 10086 4894 6244 6497 11536 13118 17 4040 9701 9957 572 2774 1411 3552 4903 7100 908 4251 1213 5877 558 3513 10399 5261 11133 8808 12562 12739 1308 4030 1277 4747 11997 6570 13563 3620 12849 3271 3682 5169 2597 2812 7283 423 12372 13325 1147 9209 4133 11823 6147 9552 12133 13364 8341 9478 2497 9984 10634 11920 4604 9937 4566 8655 2843 5927 9253 4791 7035 8874 6513 8116 2394 8017 10374 2472 9750 2482 9814 4674 6234 6699 11261 318 4963 13134 5465 5658 6467 8281 9546 9698 13251 3721 9974 4290 13132 8061 12041 3821 8666 3819 9042 5948 6436 2037 7078 1040 5777 12331 1530 3655 1588 9251 7030 10512 4307 8482 8602 9180 12718 7131 9714 7928 12300 358 9580 5569 11445 2326 3579 732 7445 10165 3716 4510 6629 9220 5045 9788 11357 6941 7564 5754 8295 1439 10060 10637 2327 7610 9528 4898 7495 11197 9324 12478 
1130 13013 13453 9429 13286 
1197 13018 13242 
1211 
1264 12899 13516 
2536 10556 3237 12193 1156 8135 428 8643 10359 4213 6566 9063 4928 10914 6393 12664 8534 12387 1074 11098 2845 6412 8094 11555 633 2260 2890 4338 11660 2458 12016 7380 7833 182 6793 1469 4918 11374 274 677 2956 8426 5759 7872 9494 10291 1161 7004 2920 12187 4344 11577 8467 9009 3 7145 977 9878 783 4768 4867 6262 7407 5390 11486 4723 12212 5014 9337 573 1292 10643 4842 11597 11927 8468 9350 4184 4996 8793 976 1543 2687 2852 4550 1377 3346 1048 5628 1342 2571 2150 10074 2898 4086 12779 3834 9184 12769 5739 6437 8835 11893 6880 7076 8700 5146 9565 9489 11078 985 8276 3126 9242 5435 8715 1491 11576 6299 10490 2972 9729 4442 10458 11573 2069 7496 1896 2308 6943 8800 5043 8623 6278 11504 8900 10097 85 11639 2698 12601 1394 3140 5396 11809 6858 12591 5134 5652 6863 9119 614 7579 8880 1242 2524 782 3736 4993 8799 484 3965 11925 2775 6131 11344 217 5721 5616 10290 9578 10608 353 1370 1026 8502 2663 4727 2993 4267 5544 5881 7451 10350 7390 7601 7654 8437 12058 7246 8882 1578 4122 1300 8125 9522 3253 8843 9211 138 2906 4979 8975 3596 4439 5715 6837 7599 8965 2882 11550 580 2678 7113 597 10364 10471 1964 7455 2070 7590 7862 4161 11964 4305 12148 1345 4761 2720 4350 6762 7365 11174 1260 3646 6768 8786 8903 5464 12553 1930 11661 9213 9691 8323 12367 6141 6213 7757 5097 10647 5676 11188 2238 9134 4169 7409 10179 11582 12223 3642 4460 7987 8477 10228 11420 5208 11161 4887 8113 4358 7009 9501 5240 6784 471 8213 1303 2915 1368 7044 6208 7077 553 1828 7311 2154 4470 6433 7238 9139 9427 1871 6086 7709 4059 7653 9610 10721 3093 6614 2432 5230 6395 11522 1027 6106 8818 10508 2974 8359 11223 609 2933 4574 11422 11913 3386 11628 12082 1280 3698 4669 8216 5678 9453 3281 11482 4195 9915 10805 1765 10294 2695 2731 6049 5705 8937 10697 10974 9935 11485 862 6966 3245 6367 491 1358 4883 9573 1429 5283 6685 8105 1064 2502 9332 1152 9601 10224 4345 10598 6888 11972 1633 5711 1919 3039 8215 865 5517 1550 9164 1711 9181 2031 7403 1030 2185 4233 7165 1870 4594 5479 8811 5906 10597 10514 11469 5716 7162 10436 11643 12460 2549 5321 3404 8342 1901 2861 11076 5603 9637 1609 12167 5337 7784 2897 10940 5671 10076 5416 9410 6567 7658 1583 8665 6518 10924 5832 9886 155 2332 9901 3783 10455 12348 12446 608 4144 4367 1643 12339 1651 11279 1354 2899 1061 11105 9271 12725 
3327 8582 7150 12081 7408 9992 3998 10740 4975 7859 8271 11600 2201 5814 2116 9378 4181 10728 3891 12449 4103 12302 13236 196 8743 3074 6992 6550 12024 787 4109 6668 48 638 7841 6103 11540 4814 8745 456 5837 589 3307 5087 7594 1402 6171 7800 5979 6347 18 5694 2413 3183 9493 7221 11355 3985 10520 9926 11093 3630 13219 659 13421 1139 12887 8055 8730 13093 1253 10315 7220 12413 3219 9613 2232 6968 3700 9123 12671 9114 9379 1246 3402 11911 12884 7909 13399 25 3845 838 11417 12459 4713 12258 6085 6228 3363 10092 5864 10964 5956 11921 5066 11070 7951 9639 57 2158 3036 12512 12651 4650 7319 11025 4912 9149 3193 9689 11565 5575 6372 8269 10667 8264 11935 1653 12114 4564 10049 8267 10229 10535 9473 10613 6038 8723 1012 7428 4901 8294 1240 2490 9205 725 2847 3188 1791 10128 226 2135 5114 6324 7947 5073 10633 5322 11896 6489 7027 3317 10777 3723 9568 8027 10114 4843 6216 7973 5253 11250 509 1104 12328 1728 7185 3206 11369 10319 10758 8185 11239 30 4692 472 3931 10341 363 7715 102 3175 2324 5758 7110 11980 11254 12483 6046 8864 6583 7824 6551 8045 2690 12169 3910 6446 7392 4590 11595 466 4027 4429 7093 4157 12461 335 581 4391 6358 794 5769 11895 1441 7609 5551 7737 11396 5727 7514 2664 6579 10899 5122 10995 9028 11889 9961 10427 1632 9625 9640 2250 7402 5353 9420 10367 265 4352 8678 488 2883 3580 4904 2224 4407 4519 4330 7719 5963 12203 10951 11034 1677 9785 3807 5720 11658 12267 12474 1353 5051 10886 2379 2469 2828 54 9921 5410 10230 5897 9217 11318 1320 6905 11476 1082 9289 9135 10000 618 2984 6104 7344 559 5938 4668 7138 7620 9328 12176 7153 10146 1715 4064 4174 10226 4803 6576 10722 1656 3343 8608 7819 11973 3570 5268 9795 11872 12329 1210 4300 5171 1081 4535 3878 7664 1826 9960 2425 10766 1740 11049 1602 12104 3295 7789 875 6067 3337 7026 1138 3322 6035 7822 7974 2940 12757 6571 13389 3571 8245 1316 4461 3365 4129 1262 5912 3812 9948 10548 12196 4718 8787 11957 8932 11399 5459 6980 7395 11268 7045 7694 1221 12028 1272 4616 9175 12248 13535 251 2243 1367 1693 7881 803 6288 6953 1949 5463 1498 8768 8198 12658 13023 1384 9627 185 2873 5774 7464 193 6813 5815 9104 2039 3090 2420 7440 2823 12582 6534 6903 7536 5245 7116 2531 11719 
1382 12825 13048 
1273 4571 13311 6906 8752 8904 12934 6416 13340 6205 12801 6451 10945 2223 6884 1565 9309 12228 1470 12510 13539 6177 9327 3479 4131 4968 10213 9093 10736 561 9514 12984 1420 3929 10073 3882 4012 3733 6475 7173 9067 13358 8024 13000 3585 4126 4303 5290 12084 2946 6357 4889 11401 7302 7388 11739 9193 11561 4070 10121 10326 1971 11673 10064 10942 1859 10961 886 7405 1149 5027 5151 1363 3313 2400 2858 1637 2602 5456 4935 7086 2911 7722 1073 11128 3870 12625 8871 10571 10855 11013 626 11358 2674 5673 7749 12385 2301 7650 3077 5444 7775 8570 1502 7924 9854 10542 406 1703 6093 3121 4777 12683 6728 8712 10022 8028 10020 4009 11388 4926 9498 8079 9265 9604 9235 10343 194 2860 6730 10263 12733 332 547 5773 6835 6887 8030 10013 1123 11667 8004 8605 10877 4593 8362 4770 6772 8458 10052 8284 9127 1435 5492 10135 4509 5399 2155 8003 1910 9451 3938 4850 9319 791 4815 2270 2849 3082 8627 3770 8393 10603 11721 7435 12586 10829 10917 11593 12928 1997 11535 5109 7240 701 12444 4041 8483 8072 9106 1369 9267 5953 11090 2818 10227 11768 1803 2471 5021 11987 1238 5427 11706 1340 10475 6338 12033 12500 3712 6374 1426 4982 3419 3535 5024 3718 11955 4789 6545 11551 2797 12397 6817 8010 9556 9069 11910 1661 5635 9356 1386 5310 2144 2641 6409 9502 9773 7758 10001 2200 11552 11053 13159 3752 6094 4120 12056 5104 13492 20 10068 3545 6316 2117 4379 661 3814 2864 10189 3465 12002 12649 5954 12600 6226 7080 5270 9371 1286 2914 3861 4091 3877 4902 4320 8044 133 3962 7335 6225 9624 1437 8201 4191 7665 8381 9000 9718 11145 7124 10141 10173 11694 879 5061 4780 11022 6807 11206 2166 9189 257 5524 11726 4318 6753 10194 4492 7241 6686 6955 10657 4621 9199 3066 5029 5589 6823 10737 1122 1694 8545 12626 12715 6602 10361 2999 8764 600 5434 7304 2143 6150 7071 9793 219 3705 6718 6473 12399 2273 3007 10057 3531 11784 407 1867 7805 39 3095 4562 8480 11193 729 11626 4468 8071 7898 9910 2680 3323 
1472 
1584 13265 
1683 13287 13526 
1702 
77 379 2506 10181 3156 5840 723 2170 12425 11596 12509 8885 12049 7122 9693 2844 9973 3067 5821 9397 1319 11850 163 3670 567 1996 9313 340 2073 8614 2446 3850 215 1607 12688 3448 6741 8734 943 2197 1709 5414 11247 1232 10322 1984 11321 6562 8960 238 11495 2423 4387 2378 6514 5813 8143 9840 3476 6993 10358 10497 1302 7566 3328 7640 3017 7119 1053 10250 4000 9232 10008 10208 10454 1631 3381 11119 3660 3847 9491 10390 365 4888 3348 9195 1783 2161 3471 8897 1511 5545 1663 2376 10324 1727 5860 6515 667 6512 5701 11892 10193 10676 1561 8046 8153 9851 2305 5836 5613 5795 13383 2157 4800 5982 10396 13337 1478 8196 6984 8146 9836 3744 8372 1567 4854 9939 7273 9132 223 1294 5776 6448 5070 10180 1237 3368 3714 5494 86 11861 2568 8977 5250 5573 6930 7418 8699 1001 5229 6502 6969 6136 11016 84 1378 12221 5985 11621 3611 7056 10124 11853 11991 674 1748 2851 5175 11855 932 11256 2957 13439 6349 8662 605 13110 4865 5400 9076 8710 12759 1753 7747 2451 9450 505 3907 1761 4612 4311 11394 5383 6127 893 2904 3652 10366 10474 4404 4915 
890 10388 4365 6503 1148 2012 8012 12977 1457 5629 1839 4398 2168 7473 861 4360 5742 11840 7298 12766 9157 12524 13192 756 3198 6710 2942 13558 111 9724 2501 10375 6521 12165 373 5651 3732 5606 6256 12199 209 10279 12426 6613 10004 6653 11026 2380 4110 6716 7926 10257 650 2927 8983 63 935 2582 4399 3740 11029 664 9515 149 3639 2742 8640 13051 8635 8921 3397 9407 835 4013 2336 9144 1628 3413 4560 2856 10787 1306 5033 96 2878 12434 907 3837 6787 4538 8520 5254 10151 5825 13511 6825 12454 5726 7486 2512 9574 2309 10519 190 12732 991 12598 6806 8235 2310 9462 11778 6492 9196 424 11585 11665 5257 6695 4919 10771 377 3099 3483 7309 11288 537 6004 7073 10071 1776 3029 5466 11352 3989 11370 5161 9054 12129 1514 7452 4071 9904 11697 12661 2796 5075 4636 7466 242 4095 2665 5600 7484 4031 6775 7897 2085 7506 2466 9409 10205 5217 5296 5481 9794 1095 10481 6230 11075 11156 1779 2594 3048 5997 3319 6293 8128 11919 764 10884 12185 7127 9158 9739 2706 11205 1713 2113 3612 6869 1690 6117 12026 5806 10233 4301 6444 9817 3312 6670 9630 12886 1350 3993 5587 7049 186 7957 4332 10414 7645 13556 12177 13522 4715 12807 6091 12414 4276 6329 13477 697 5265 9623 5660 7374 296 7262 6073 11801 101 7366 2148 7657 6378 12019 6303 12727 7033 10280 3874 12981 2274 2640 4083 7849 13148 3671 5994 1391 6361 513 2912 12117 1140 10161 3255 9476 3533 6553 3759 10803 2356 12439 501 1774 2553 7684 10581 11601 1162 5640 5370 7090 6989 10301 13322 5375 7462 4956 13019 6845 6859 8825 13004 8406 11251 12150 13108 13182 
1798 
1925 
1974 13065 13223 
1986 
1174 8881 3139 7459 9861 823 4708 12251 1768 3846 2500 12418 2547 4487 3290 6918 5550 11437 6168 11265 2982 10654 1606 3412 3662 7021 896 7846 7857 7234 9725 3755 11159 12903 13196 2363 4167 7646 8121 9813 3350 10936 5692 8755 2816 7735 8519 8988 9082 4017 7140 12369 4032 5743 6400 3773 8131 8644 13283 662 2056 8227 11650 4790 11238 6877 7540 8048 1554 11194 1754 10407 2754 6325 10990 7343 12089 1646 2000 2550 6875 2015 3297 2402 12374 6352 10190 2676 13454 3417 10530 3920 6537 4271 10009 934 11043 2988 10595 2271 10219 1935 3154 4186 8373 3868 11615 5197 9635 322 5605 2805 5986 4916 5533 9534 3429 6120 7994 3854 4832 6853 11605 4971 8713 12804 2959 9318 527 1047 684 13555 10098 11395 10921 11473 2474 8990 1781 8200 9074 10808 3205 10323 192 4863 12624 13213 38 45 1348 3104 4977 9115 50 6006 655 10113 1312 7885 3207 4892 7342 880 10404 6495 7630 1758 1872 8250 9769 12841 9560 11387 13497 6199 10405 12968 6279 9967 1759 8603 1365 12220 2462 3981 4501 6246 11828 1451 7873 9183 2361 3841 4972 9383 12530 3563 10896 11474 12547 6254 11442 2062 6655 1078 3996 5086 7976 9695 3008 7099 7966 11306 1509 3418 5588 12810 6603 6976 306 7233 785 2052 4015 1128 10532 4449 12666 2133 8899 3003 7932 1144 4087 1067 9291 1004 11202 11242 5803 8653 1723 7774 8945 5933 13163 8300 11189 1945 3553 3789 7534 8576 2036 11060 385 3069 6657 3203 3414 11450 1840 7571 3975 6362 10762 5783 7552 4147 7771 2699 12123 6211 7209 12244 12376 1132 3332 4858 4908 6435 2180 10172 13225 295 8065 6088 10875 6484 9683 4657 9566 1989 7940 12481 1525 2100 8524 10785 1456 4097 5543 10549 9527 12588 1127 7012 9200 9385 9870 694 11607 10825 12371 2788 8815 7060 7921 11714 12048 3166 3788 3702 11308 13395 2584 9726 6173 6860 12382 12668 9020 11088 8390 13253 830 6330 590 9675 6812 9776 6565 8328 9631 11771 3027 9756 4998 12896 5506 8863 12358 4 6794 10759 11461 5731 7939 11645 568 5301 13054 2507 9423 9865 11439 3068 12653 1296 3767 4152 7235 7977 2267 8247 3534 6130 6407 10108 6998 8358 5890 11433 1021 11454 3020 3473 8775 11674 1041 4946 12875 1600 1956 9979 11130 11984 12424 3871 13327 
3538 5349 11642 8461 9945 2492 9362 2233 4333 3396 9131 2514 4754 7933 11208 181 4938 1002 4197 1327 3691 4428 2196 6795 639 12373 687 3731 1500 2086 818 7248 752 2892 11214 12046 6677 11618 8050 8695 7121 10677 12356 4440 5876 4199 6541 268 7404 7752 228 7431 5607 7282 1539 3787 6350 10104 10077 10380 1512 1855 11149 12101 3118 5106 5260 8484 8573 2057 4132 4610 8084 10516 6442 6804 2575 4729 4056 7470 2660 5808 8170 4223 7176 8144 9118 9953 2281 2702 3277 4485 11730 11966 12569 1908 3631 2298 9994 3568 5357 11237 12401 2390 5734 276 1305 9437 6620 8993 3249 6638 836 10303 7003 8102 748 10245 12706 8277 10305 11324 3650 12226 5745 8622 7578 12746 3278 3544 19 4623 434 8239 1531 3577 8177 11554 4421 7132 2945 6181 6242 4431 9282 11046 1573 9802 1105 8181 8780 2098 10441 3633 5144 9665 9673 2606 10292 11956 4006 12585 5113 5137 5139 12342 32 7541 10528 2713 6447 3916 12262 3817 5708 1494 6354 11235 1884 9349 3042 6163 2634 9542 4906 11851 9255 12489 1817 10662 12840 686 4479 3321 8273 6770 10264 13143 3233 10989 5167 6087 9510 11286 6757 11835 13206 8364 9458 13126 203 4261 2691 2955 2830 6415 6735 11549 11891 3696 4171 59 10351 1029 3441 5566 6617 7236 2776 9959 9715 11435 3055 12527 68 8278 4744 6275 12676 
2177 13168 
1549 2093 3836 7739 6948 12513 1462 2607 8490 9361 12788 721 1742 7400 76 9225 12674 4499 10565 819 5430 9447 1962 6656 2110 4694 4537 5819 11122 2578 11364 857 1669 8747 9103 9165 3566 4368 611 4648 7764 2429 7379 1409 2848 6284 8562 10984 4917 8927 5528 8280 4046 9507 12963 1250 4028 6909 1261 5311 9495 10110 13207 5782 6590 13363 579 6440 1364 9667 2520 7683 4804 10554 8725 12254 13151 367 1536 10443 2620 4242 9952 10106 12644 678 1947 4042 11960 3052 4527 5160 6172 10101 1291 10387 1993 4433 2737 4997 8497 8967 11979 1269 2319 7268 12057 282 10081 3684 7219 1380 10576 10040 10889 2750 6399 7322 8274 11766 3651 3955 418 6797 844 5621 4513 4691 1981 5841 8334 1015 6210 1678 4036 10335 11322 414 8479 669 2051 3815 10892 11211 7201 9757 9860 327 8275 3978 11272 5083 11606 8414 12038 928 2399 10139 1589 7732 3764 5222 9178 1546 7733 5885 6021 9044 7741 8409 6612 11186 5957 12584 8641 11678 4476 10346 4925 7738 10902 11219 2839 6356 7517 10773 11947 6320 6535 1934 11234 2354 2746 5700 10905 6137 11416 5402 7350 12471 1361 10487 12162 635 2869 4624 6311 3432 8435 1405 2971 10853 392 3181 12102 691 3070 12622 2615 6243 2673 3335 5489 11169 21 10775 5710 12492 4976 6892 3844 11038 5019 8025 825 4759 2256 8410 2406 10792 3056 6287 1449 3592 235 5384 4415 8574 11157 2013 4314 5707 9767 3411 6733 1784 6747 7716 3572 11453 12317 2894 8742 6071 9295 7010 9811 3748 4696 356 4185 4359 6900 9620 1657 8446 2753 9789 
2263 
2282 13201 
2541 13032 13180 
2630 12865 12556 12871 13226 
2670 
3251 7538 207 441 4164 11983 2651 8569 5648 11315 1714 4066 4369 5003 10609 2424 7042 5363 8691 2473 7134 4196 7371 8441 1008 1741 3212 3325 6751 9503 2653 8971 2095 9629 6610 7945 284 2909 9719 10258 1610 5627 8774 4302 8161 10750 4005 6994 7258 7948 10306 6255 6748 8220 3954 5526 6744 7244 8707 5001 10017 129 3071 620 12009 8753 10985 2835 8592 3282 5995 3374 12736 1894 4528 4544 8416 10402 4781 8886 10498 2943 7168 70 3208 7421 6742 10130 6991 7591 8516 4453 10685 3006 5547 3415 5847 12646 4149 9457 4757 8981 9083 1118 8817 515 5800 8984 12125 802 3506 4649 2813 9520 3973 6773 3261 8056 6310 12787 341 8826 949 11903 3763 4434 1406 7359 382 3133 7931 11689 73 1615 11717 12441 8833 10425 4287 11372 7695 12321 1239 5053 5827 11404 52 11475 1849 4587 99 3867 8782 10509 1482 9159 4670 10795 3355 5604 4280 9266 6258 10748 647 3167 9416 4665 11477 3469 11371 97 562 8701 3881 6156 8598 5330 10590 4458 5095 7782 9753 10168 582 7147 5718 9778 114 6758 1636 4652 9880 4676 7604 161 11647 7895 8926 1652 9077 981 11072 7413 8073 4699 6588 7227 2645 8594 9342 1505 6821 12172 4493 9869 12044 619 741 772 9548 3657 11487 688 10029 978 1325 3745 4427 7120 6183 8828 2165 9902 10849 7619 10644 975 3681 7912 2311 12394 6632 11284 1438 7753 7879 3746 12391 1335 3539 7982 10259 7015 7659 2082 5680 3856 8930 9062 3485 11732 3508 12698 5056 5354 8241 9733 6932 7755 4558 12217 9376 12656 1569 7007 9354 3501 6219 10636 
376 8313 8756 229 8040 883 12184 12995 1818 13294 436 6717 6328 7767 3982 9033 3793 5485 8696 9618 1950 8108 10642 3504 4376 3613 10195 722 9435 12173 447 1520 3859 12067 6014 12726 10929 11252 320 4047 9448 11024 4385 8282 6414 7730 3433 8544 364 10198 2580 10729 11918 4225 8518 1106 11056 3001 3147 6179 11521 6830 10778 4884 10791 869 2123 5862 1670 2450 7962 9808 7776 10756 997 8744 9387 12310 3939 9611 1331 2758 5469 8515 267 11836 9487 12660 2055 10330 2546 7485 4037 5683 10982 1360 2800 3420 9912 3673 8394 1492 7938 6123 8950 11121 790 9006 3995 9716 12202 5364 10719 151 10534 2444 7065 2284 5210 7378 8912 5762 8427 525 9428 5898 10079 6342 10679 800 11430 1532 7333 2509 5899 4478 9160 929 3510 8805 9829 9841 2118 11566 5234 9381 9929 6319 10873 1966 11538 2534 2980 11915 4418 11507 9446 10037 5186 7891 9129 5655 11731 1775 2948 9367 12124 4496 7226 291 5515 1329 12059 5646 6391 3875 5867 10511 5308 12240 518 3717 272 7207 994 10743 12816 2321 8191 2099 7809 12253 746 2542 5344 11030 3971 8684 1856 8624 2953 6913 11783 8459 8690 1447 6428 1510 2077 10704 12720 5932 8118 4838 11752 245 5641 5071 8987 3843 3947 4374 1219 2646 6135 10354 11447 1255 1827 4716 2066 6920 3157 4488 4710 5779 1241 3628 12060 1671 2193 3217 5558 11852 2063 2315 1790 2910 11758 12333 2171 10882 1214 2476 4264 2866 11421 12447 3720 6597 7038 3547 5775 1836 4922 5632 12531 437 2675 5246 128 8388 10730 2346 3011 7228 595 7117 2188 3742 9007 10887 6564 11951 11571 11962 1551 12156 1699 5942 1778 3739 4281 5618 1459 4205 10838 11310 2762 2857 6474 9581 7682 10607 1851 10302 5100 10408 2671 8506 3047 8692 7307 11471 1464 2595 11619 699 10537 1604 7191 2780 11779 5540 7834 8450 9605 1187 11140 1812 11868 5971 7853 12514 3035 8006 12238 4273 5016 13374 422 682 10969 4774 6229 333 12445 9364 10830 11335 7144 13520 3906 8202 1582 11224 1562 7427 13304 7643 11301 7406 7955 1204 6938 10182 3899 11901 4786 4959 5157 10718 10885 5636 6840 9654 1746 2162 49 1101 3474 4067 2214 6425 8466 3191 7785 5194 12682 5058 8023 854 7202 9109 206 9843 10283 10242 11864 8312 10991 577 7081 1119 10288 10345 497 12243 4114 7450 8240 1575 8005 8865 9607 3192 10761 1823 2799 11797 3315 5221 5423 6683 12592 4518 5280 2010 6417 6332 10735 2790 2944 4578 5983 4941 10640 4116 5480 1824 4828 5638 12495 410 7384 2559 3813 8721 1146 7693 10605 2405 7815 2190 7382 12665 4375 12155 4987 6960 7727 8263 9588 4371 12163 4743 12109 8223 9256 7161 12241 3364 10711 11708 9806 10418 10586 1829 10949 2564 7432 2966 5279 7772 12090 2831 11948 5967 9014 4923 7690 4286 13489 4857 5696 610 10240 1560 10465 11294 12587 11803 11902 
3304 13303 13416 
3366 
3467 
3565 12909 12979 
3757 13352 
3912 13532 
3941 12915 12973 7111 12983 
4077 12827 11459 13037 13321 
395 8906 11829 4323 5505 2320 4406 5969 6119 10423 10862 1619 11104 2487 10090 12772 454 7954 2083 10920 3775 4155 2392 9582 4045 6000 7781 2696 9024 2408 12180 8000 10401 4807 8259 6257 8349 159 12344 849 8176 2712 6582 1580 8685 1815 10957 11756 9010 10767 1236 12363 12393 2374 12633 58 5147 7151 5839 11002 12740 2362 2907 11874 120 3904 5843 4608 5663 4394 9612 11037 2163 2992 6167 7481 281 1157 6024 8564 4681 6196 574 8870 591 10131 5126 12136 3679 10137 11431 3823 13290 3923 8853 775 13312 13353 3428 4823 12390 13326 5829 12937 12991 856 3582 7699 10087 5908 6237 11297 12561 5850 10772 11610 65 4094 331 5047 3148 4334 1970 6834 313 6423 8754 3063 8106 502 9882 4705 6166 11772 940 3380 3228 6964 11154 4829 8554 1847 8494 2744 5010 11762 10142 10738 5052 6855 3503 9163 13040 3144 9466 3159 3250 853 8120 399 2186 4192 7867 1664 10461 13088 210 5271 1724 10051 3772 6301 2028 8253 5594 11837 3928 5442 7979 7327 10539 4212 8501 10814 1120 2986 13244 6188 8375 2335 5577 13455 3080 7884 398 11675 1720 7096 9668 23 2827 494 7672 8668 12985 3248 8563 5690 9697 8651 12145 7842 9310 9316 10285 13400 10126 11537 1145 11269 792 3182 2373 2556 3244 11316 11755 8809 12616 5373 5656 6820 8183 8741 11519 12456 616 6723 5851 6129 2817 8471 4801 8776 2918 3114 2436 3588 5612 10527 9262 9593 6368 11640 11926 4019 11971 158 4607 4004 8969 271 5500 1301 7959 9008 2765 4145 3094 4603 1537 2312 2239 7444 7869 8209 9981 11011 12227 12567 4706 6974 5346 10045 831 11751 3514 12093 3862 10709 6490 7324 1952 12008 8327 11599 6574 10400 10769 11192 1220 4211 604 12051 478 12252 2299 8591 12576 8862 9655 706 786 737 11389 990 8944 2344 7414 7780 7670 7969 2666 10559 4134 12796 7584 9828 3162 10069 3371 7057 7437 9812 3289 3876 4237 5857 9216 8049 9533 2426 8689 4939 6743 3081 6081 329 6714 3439 8270 3866 4393 2934 8514 9954 12571 
4150 13409 
205 11856 7385 10629 2557 3213 227 8618 2096 4565 8449 4831 9264 1192 8151 1878 5990 5335 8370 7229 8830 5367 10683 2952 7024 1907 8703 396 1107 3360 10826 948 12170 280 11080 646 8891 11047 1344 5567 10075 375 6180 4354 12470 5501 9848 5096 9598 5387 9621 10277 1065 9250 9871 12355 9357 9966 1497 11817 2241 9761 2331 5799 939 10043 1163 1718 2024 5854 13136 12120 13070 5572 10150 6707 12781 2445 11079 12797 8860 11524 1545 3972 986 3015 4929 6530 11424 1770 7562 5007 5811 8454 10733 10970 2384 9657 5117 9864 4913 4940 8616 11743 3659 9240 3897 9153 11126 4203 11965 2963 5634 3390 11479 5200 12580 6389 12533 1274 6370 1266 12106 42 8246 524 12723 6036 8717 9141 724 7351 5736 9470 2213 2608 10821 7184 11167 3373 7910 9326 1916 10850 4373 7701 2172 6285 8978 6175 10547 1177 2624 2806 4474 4659 6070 7786 12143 4995 6295 6624 7381 10100 11929 1419 1838 1322 6749 3863 11082 12778 2599 4222 918 1958 7179 1973 11003 13423 8062 13394 1992 9496 13164 126 2385 10562 3347 9911 4834 12022 3699 7346 1735 8555 10167 10954 13086 1401 1972 11656 1622 4405 2368 9203 1389 11160 2632 4969 5642 8530 12188 12677 253 4773 7688 3326 9551 4787 5204 5870 11480 2127 4864 5193 10199 4658 12497 8636 12154 1436 3283 4859 8560 1298 5448 12073 260 11248 22 529 10072 1861 5853 2625 2884 8953 4631 6405 3966 10518 4967 8585 11456 6413 7340 7396 4279 8619 5728 8492 175 8412 11737 9130 11792 631 8659 657 10338 6777 6846 1874 8941 9445 3842 10220 718 2067 1285 12362 427 5233 8041 9688 768 1201 8475 1448 7175 8849 2130 9346 12297 8252 9964 973 8386 1590 10409 1698 2205 773 2619 8630 2729 7393 10321 12264 1489 8552 2574 6558 5474 6280 1744 3025 5244 7760 7479 7801 4500 10041 9259 10943 1115 5316 6080 3210 5037 3209 7905 797 3893 5601 6803 12256 5369 12593 3913 8086 708 4275 11337 12198 
310 1708 342 1112 1283 5565 7705 3197 3805 416 6134 4981 8731 6453 8260 326 3765 7745 8841 11748 475 5389 11825 3280 8064 9015 11786 6873 7123 7386 10438 6627 11622 11905 266 3713 10988 916 6700 2814 8083 8211 9633 4471 9418 3494 7467 1846 4069 4866 11096 5020 9300 11039 1011 12421 3265 4128 4890 8538 8777 7156 8352 3589 3771 1506 7671 3361 6429 3997 5092 2025 5094 2169 6952 3654 12122 4075 5195 7232 8047 8447 6424 6763 8788 745 6040 7567 2087 6706 10099 10529 1659 6878 8378 6154 8778 533 4370 4766 9299 9781 9986 11695 5522 7039 2300 9336 9779 6185 9707 1010 11243 4678 10909 11010 11794 3436 5352 8529 3299 5432 5900 1195 7847 9721 5148 7572 4229 10671 4870 12128 78 7603 4419 5421 4074 8238 779 3754 2747 12503 9483 9499 124 3511 5211 10225 12229 3054 9530 2440 11938 1235 10908 6505 12034 1183 7022 2736 5239 1786 4085 10370 666 864 3559 6010 1697 4102 8398 2360 10328 11589 9214 11446 3423 12361 1332 4039 5792 11176 7329 11646 2019 3751 7889 11738 7376 9666 11760 12330 1739 6075 6109 8356 8759 1516 1850 3636 6224 12528 514 6300 3398 9512 9754 1263 4259 744 1570 2825 8206 11869 2793 6924 11246 11666 11941 1877 12416 5620 7731 1186 11574 1957 9529 2226 3683 7700 5698 10980 1215 9444 1967 5323 2092 3235 709 8292 11185 11617 12032 6092 8314 12549 6200 11483 974 1135 3835 11083 817 3528 8663 4392 12336 12149 12365 3196 5015 3802 8549 12208 3106 3942 1467 7072 7868 8845 4849 12667 117 7890 2567 5910 8032 11110 4304 10084 8674 11055 9823 12137 4630 11501 7014 10088 2795 8770 3258 4060 9482 11216 5002 9732 8528 12061 3911 7433 2147 7031 2850 5393 8917 2969 5845 843 2109 12144 6721 8954 5304 11285 231 4437 2548 12702 485 6102 11118 6619 7742 1293 9201 12166 866 4170 1446 3410 1793 1918 9366 3065 5388 9889 846 9555 11443 2522 6384 3883 10702 10714 12126 897 2540 3797 9312 11509 979 2770 12178 6054 8369 5875 11575 6885 8401 16 2870 796 5677 7762 9179 1014 10599 6327 9030 2042 8087 7092 8716 8305 11931 8141 10852 4844 8343 4111 11636 3336 8148 12583 3786 8315 9152 12357 2498 11616 3782 4911 6827 8548 4626 12360 
243 354 759 2826 6511 9544 3098 10362 5252 11634 5441 7149 549 5771 3143 12197 3462 10249 12191 5576 11867 9100 12186 2194 12284 4324 7563 6193 9344 4921 6554 1883 6678 9375 12750 795 8740 1307 5833 7901 98 2479 13133 1738 7223 7267 11693 8986 11398 3220 5049 6089 6309 12085 2290 5757 11598 7002 8147 3647 11428 3303 10493 12278 9365 12515 3621 8033 6649 9013 2202 3349 1427 3914 8395 1116 1999 7763 244 1169 6197 2832 9064 5213 9154 10232 13091 13530 2041 2965 6599 915 9396 10763 11764 13039 3199 12866 5525 8218 8255 13415 15 9517 4724 7067 3963 7852 4451 7336 5018 11136 4619 5804 12477 5499 8455 7064 9053 1499 8894 429 3062 3607 1552 5961 1247 7980 3111 9086 1479 1572 3677 12631 5511 12800 3180 7655 3990 13406 3784 12472 3556 6402 6690 2034 7990 12997 5377 7628 6460 8671 1538 6782 13072 4484 7600 9117 5631 7160 2917 12647 8606 12313 6609 10720 1006 2975 12443 12590 1680 11392 747 4489 6988 10901 7069 9051 1864 7247 11094 1515 5709 5751 12232 139 9713 11592 3288 5381 2112 3215 8392 9653 444 486 2189 5502 1233 1687 7509 2074 6636 2935 12108 1033 5846 8035 8837 250 7088 946 8076 5356 11131 432 5882 2455 10615 1226 5440 2803 7218 715 809 10965 770 10726 651 7355 1788 4292 623 9459 3930 12230 8677 8772 26 12422 789 2419 8486 12783 554 11761 1455 4008 6934 12522 12525 4970 7439 10468 11270 11934 1290 5392 2577 3379 3385 9550 3977 11465 6202 10580 3675 8007 971 13443 4642 13014 6072 13038 5107 5231 9924 10453 12520 1229 11986 2291 5101 4635 8838 5198 7829 6462 10782 1046 2050 8123 5630 5643 4124 7331 8726 10320 1533 4232 9559 7023 8694 882 2209 1143 4425 645 5719 576 5722 6365 9075 3024 5844 7714 10115 5556 7358 8189 2330 11236 3089 7289 10183 3171 12116 8217 11795 3194 5152 3711 4079 7970 11032 1890 2491 11568 3608 10832 5120 7607 1477 8625 3240 5917 4542 7615 11362 302 3924 11558 3888 4136 7050 7361 8656 12908 3292 6946 1022 6826 6240 6791 7551 7922 6682 8523 142 3392 8831 10753 3163 5226 5883 9676 8943 11414 483 3987 4848 10118 4816 5042 10170 346 12820 104 1257 8539 2871 10663 753 8159 12954 361 4891 4980 10054 7137 8254 4162 5693 7020 7543 6008 7059 12539 8162 9490 9717 10588 12047 6914 12427 2080 3614 3038 12235 680 8955 184 6942 9302 10152 613 11502 3530 12630 4680 12322 1726 4609 8785 9638 3463 4309 11151 10507 11754 8532 11278 4974 6736 11818 
4508 
4599 
4634 8936 
275 7254 2504 5943 9168 2252 9021 2511 7992 9768 10557 3338 7108 11814 345 9380 1888 10138 7320 11179 754 2124 7214 12111 8911 12540 1355 11865 147 1736 3113 4151 6159 9681 8380 12608 222 3715 3944 4498 6209 9873 3557 3674 4377 7083 7608 3574 11705 1379 12279 5403 6745 2167 8795 180 1833 3050 8399 11415 2071 4183 1886 3922 2976 9991 12283 7261 10515 2508 7783 11262 606 5158 7919 2287 9023 3190 9856 9343 12563 11981 12716 2286 8308 9334 9982 11195 2704 9147 3388 11517 9223 12663 6162 6298 4532 7704 8287 1113 2769 1230 5509 5236 8840 1330 10517 811 2494 6720 11562 1287 3320 3606 9876 5563 8966 1114 6766 8424 10466 1086 4189 4726 6608 8522 8541 8425 8465 8521 8607 10384 464 1766 7109 1914 8002 2122 10639 6253 11129 3623 7878 9511 4137 6002 10812 7415 10897 726 11359 1185 4214 1357 12502 5497 12004 12575 1940 12564 7130 9899 5691 5915 885 4725 6463 1617 3305 6560 3127 5453 4422 6064 8992 6058 10669 384 5216 6031 6421 12210 4704 9742 3382 10779 4964 8596 7935 11147 3905 12138 12837 4118 10754 12838 4596 9595 992 3134 5342 1313 2225 1111 8228 6921 9017 1892 5318 8919 13112 325 1743 5570 2421 6978 10569 11720 10365 12573 4221 12958 7447 10410 2081 5276 10944 13235 2576 13024 1611 3185 5413 8332 2865 5848 3318 11780 3737 6269 6896 8236 8579 12335 8918 12407 5242 6622 842 12595 2387 13002 13198 2453 11354 3604 8511 3822 6642 4656 7925 6478 12463 12555 8374 11366 670 8499 10083 1613 7502 1423 4772 4143 8339 7205 13058 2518 13461 4536 10918 7430 7526 12517 5133 6962 7095 1760 10907 6366 12494 6351 10967 5269 6658 658 5493 8946 10412 2913 8149 4268 7332 11707 12179 12274 6290 12257 3578 6589 5405 11360 8 3502 6595 11830 3172 10473 3356 11882 8989 9816 10166 247 8100 4520 7493 12 13467 3719 5057 1387 9908 270 4450 8345 7183 8384 6044 11172 381 453 3509 8222 3799 7103 9821 12286 1978 3306 9145 2638 7142 6079 7377 12735 3980 6850 3637 10171 11508 3492 4920 12708 4065 5458 12087 352 5667 479 9464 11327 644 10656 1810 7178 2725 2863 7840 11019 232 871 11541 5457 10046 9513 13281 420 2422 8311 1719 7818 1416 2383 11604 1762 5064 1224 7644 5140 13246 3497 6348 8347 10977 11050 12074 10429 11975 11006 13434 
4731 
1297 4895 
1496 3886 498 9477 3178 6464 277 9763 11181 1842 2488 2533 3216 12338 7152 7288 860 989 510 910 7521 7856 815 10030 11544 12689 1070 7899 3435 4121 6215 2478 9012 2340 7363 6052 9133 7740 7814 4010 11008 1594 12029 2616 6149 10570 5580 7821 10541 29 2786 9587 1603 3145 7787 4263 8346 10828 2126 9031 8600 10867 9243 10684 2895 7991 7305 11692 5534 9186 4684 6628 9388 6525 12755 847 2919 8599 4796 12025 273 874 3598 6862 2313 7832 5241 10948 3827 8571 7855 11484 2247 4364 8646 8829 10310 1452 9792 10725 11765 710 12343 2218 9977 3128 11967 10304 10342 11988 1608 6340 2808 6401 6780 7005 4737 7575 11343 12265 1757 12285 3730 5365 1059 3761 3895 5610 4250 10452 2231 4420 11989 7803 11668 1541 8505 7883 10973 713 3339 4822 12458 187 4007 11432 2409 8379 3680 3946 4826 9036 7054 9335 7997 10798 7950 9554 920 11348 5452 7793 1508 2854 6153 8169 3634 10978 712 10646 10854 3481 6809 2749 6901 3762 8070 4081 9774 3037 4001 9043 4874 4930 5781 7903 5336 6929 7190 9034 12408 592 8939 11106 5251 11802 2275 10447 2600 11958 6956 7192 5717 12269 9061 10672 3824 12684 995 9970 827 3581 7641 10883 8801 9029 1336 10834 5763 9669 8832 12709 1372 5614 3204 11704 7318 7622 440 3103 5964 9599 12072 393 10234 8626 10479 9056 11338 3116 11662 7660 10744 4546 6494 676 6221 12650 4516 6128 5398 9406 1922 11040 12216 7006 10109 7728 9303 9577 9722 12628 12657 1507 4853 9999 91 12205 9838 11108 2661 5724 7383 4952 11819 6294 8445 10665 4198 9696 4372 10993 1072 9317 9955 12982 31 1352 6027 9068 465 4512 13329 10859 12130 13150 480 9671 5292 10536 3706 12112 5761 12480 7996 10378 808 2689 1051 9628 681 10869 3279 3785 11117 12685 11995 12532 3012 12696 1077 2227 1218 3917 13003 4549 6265 1701 4283 3573 4215 5909 7321 7831 3758 10749 4416 13289 2022 12488 10962 11624 743 1432 4002 10612 8207 10910 5202 13056 1385 9810 4123 5970 3958 8728 11178 7539 9920 4347 6201 8637 6504 12611 
5074 
5079 12883 13009 
5085 
870 5732 55 4973 6652 8117 6116 10925 612 9090 5378 8697 6032 8031 2903 9285 2269 11649 116 11451 172 6099 1645 1915 4589 5017 6819 8016 9509 1013 4238 739 7210 924 2464 5132 9400 2791 11463 7016 10844 2785 9238 3523 7768 6030 12380 8489 11879 1407 11806 4093 5535 7777 12395 2437 9413 3112 3624 2369 4882 1408 11077 11275 2874 8367 2804 10691 7877 8634 3230 3546 3431 4414 7569 1032 10406 7765 7952 4165 8192 110 12377 12618 1920 7368 4638 7084 5028 5552 1202 2156 8749 12577 5784 6220 6836 1806 2141 10724 3900 6516 9402 12222 3653 11328 4572 5699 12364 1936 7519 12070 3293 7697 4058 4677 1024 8429 6390 12245 9323 10125 7861 7876 8037 11220 4767 12811 5386 6810 8771 10211 4380 4409 4776 4253 9791 7115 11276 5420 9592 12756 1924 8905 4600 4672 8301 1311 8875 4825 11505 2295 9746 2937 6100 10444 10616 3177 9270 1179 11481 11827 4750 8408 3542 10144 3051 7193 7592 12491 355 6555 1809 2407 4524 5549 5989 7285 119 10435 2759 6105 5704 6857 6479 7828 10931 11741 12440 571 7367 2216 11274 2987 8779 693 2868 3073 7894 10846 1777 11690 4639 8397 130 2778 5958 12406 248 7667 197 12719 3189 7627 10796 762 9740 2245 6899 2633 10979 5004 9762 1475 9913 10745 2279 8610 109 6931 12063 12606 1965 5764 9368 10349 5295 10316 10463 6302 6824 3406 10802 24 5905 3026 3342 10784 4494 11633 5703 5752 6650 12275 8547 11468 5454 11152 12415 1351 8803 304 6802 5665 6543 7593 8647 9518 11064 6746 9426 2941 5437 8931 7463 12035 566 6611 4517 10376 2705 11283 362 12207 2159 5498 7766 11917 12770 13057 1587 11353 8337 12546 13170 10522 13179 2345 10987 8669 9340 636 4386 11015 5091 5878 1044 11564 5374 12680 157 12392 751 4243 386 11227 323 2242 12790 4580 8868 11590 11790 1944 5602 2981 7656 199 10317 11061 12287 2355 2922 4025 4646 1592 7759 8791 4711 9796 653 8858 7290 9140 11198 8225 12465 867 1977 3979 11629 6538 8022 13291 1396 2007 5111 11866 10460 12007 8365 12389 8601 12818 1178 4033 208 9685 4742 11005 13031 3564 10309 1689 7148 8026 1275 8645 11021 3401 7169 11572 60 1244 1802 5674 7370 9950 2484 5508 1199 1614 1487 2700 2886 3769 5009 6377 12970 2140 10747 1188 3130 11081 4029 6005 3747 5820 8469 9787 13301 7047 9662 1196 11384 628 11045 8995 11728 538 2517 2610 9923 919 2811 8293 5264 5941 10680 11138 5163 12071 1175 7058 5201 8361 8999 3507 4647 6959 858 3986 1318 4182 6894 7751 8014 12053 4989 6341 2728 9748 4321 10207 10727 12629 5852 7548 339 7929 2164 4575 144 460 5166 6546 781 9460 2611 10625 891 11499 1873 2125 3285 9353 2470 12722 1979 7128 7316 9549 3480 12315 627 6648 8336 11715 1629 10347 12276 2735 5473 5450 8299 6439 10871 11069 2217 8138 3084 8104 10827 11632 5371 7286 6621 10336 2427 10525 5329 11299 2530 8214 6271 11586 5219 6549 5951 8958 8617 12337 903 10734 1519 3138 1476 12638 195 1165 3195 11114 9850 9922 6218 13314 637 5153 3259 8456 5944 12476 735 2203 9218 2794 10631 4817 9728 4529 11696 7778 10434 6623 12734 8286 11073 122 8400 5468 11457 848 9399 10117 12511 2526 12713 4746 7325 7923 11199 13369 1673 4435 1484 11914 4234 6157 12999 442 12359 6383 8432 12325 12643 
5277 13052 13220 
5372 10440 
5467 12824 12829 10819 12851 
5507 
5619 13417 11014 13338 13518 
5647 6422 
1756 3018 788 10261 13521 2726 12833 2333 13390 7182 7553 6055 8268 4717 11898 7626 12944 960 2153 9096 736 7345 9190 12741 10626 12752 12998 14 156 3777 8820 2389 4068 4209 13161 6322 11120 4024 5006 6360 7967 11207 5531 9486 10222 12856 9393 12273 4194 9562 6222 12703 13357 702 3678 11187 11201 1317 4206 1490 10459 643 12466 3969 4477 1591 9863 10619 2296 4521 7270 2888 3085 5124 11842 1764 2461 5767 1200 7300 3370 6236 7568 8266 4581 9645 4953 6018 12639 1716 6124 3903 8557 189 4043 11018 11807 389 10645 11273 1540 9454 3044 6937 7171 8942 4265 11546 3644 11651 9244 12942 1223 2510 13324 4023 9112 2801 6973 5495 7960 4602 7836 9347 12417 1071 3865 9116 12134 3053 3661 6434 10295 4226 11062 2842 11141 12174 4270 4793 1601 9215 4502 9547 602 10377 288 8219 2348 4556 4178 11548 4788 12717 2337 8632 9254 9389 11264 11637 12153 1599 7051 3334 5668 12045 1553 4947 9345 7438 9480 4105 7135 3524 12548 6844 11700 5866 12795 1644 13474 7222 7588 1522 1804 8498 11635 1805 8572 2396 12782 13264 8256 8907 6785 9852 417 2393 8879 2989 3316 5026 5546 4563 5334 5608 898 9094 5624 8866 1710 11698 4084 6248 11923 90 1843 10371 11776 1084 4326 118 3460 5770 12614 3520 4057 6950 9531 127 4177 7155 1042 3028 4403 10594 5315 11042 6911 9046 1461 8460 6461 8561 5786 10710 7291 12662 698 6176 9727 4540 6394 8262 829 1125 3796 9988 2021 8810 4651 7886 10221 11841 1453 7292 4048 8859 771 1734 6986 2329 4388 11677 12410 5422 8976 7338 8705 8848 8872 9048 11513 10696 10900 2439 12705 4258 5338 5206 12405 7 5639 3541 3869 4445 4779 5578 6680 8895 10620 11907 665 4615 1563 2068 9185 3848 5288 8442 1980 2637 10021 1880 2297 6057 8631 5672 8729 4284 9914 300 1414 6471 11044 700 7830 425 11676 8093 8419 2035 9001 3257 8099 10201 4845 8504 2859 2877 6662 6936 8431 11736 2730 6702 2381 3727 9156 9500 5930 7848 2996 10140 1282 5504 7537 3860 8095 6897 11491 6343 7074 10621 6882 8221 9273 5012 5664 3853 6833 742 2386 9615 4034 4447 10311 3803 4856 9257 2739 5491 5128 7675 2088 4960 4113 6616 3643 7734 3749 6681 955 10903 2349 5411 8205 338 4620 4771 9121 12181 3424 5082 143 3119 5303 1281 1769 6313 9059 3239 4736 6466 8164 11478 3308 6876 4818 6095 2486 6066 241 9632 10746 5041 8711 1326 5991 3291 6693 7916 12637 69 9469 4948 6487 5243 8126 933 4943 2371 4666 7243 10023 5039 5055 7750 11492 7900 10731 3046 12765 3141 3584 7114 12281 6392 10496 2561 3301 1100 1751 7341 372 3393 328 531 3272 6379 10062 495 7813 1534 5425 4306 12031 557 6958 9284 1160 11681 1249 5894 5025 5796 9283 5 2743 1953 7754 1159 1773 2779 5406 12001 12516 
5735 
5750 
5789 
2047 6734 1028 2449 1173 5272 6053 8440 2896 8908 1929 10239 380 3575 5345 5609 6939 2460 8718 9658 13285 5164 13278 3452 13372 4227 8309 13412 6580 8172 888 6037 6879 3102 8513 5805 12462 7978 9825 1434 4011 8124 11793 12083 1941 2435 1642 5998 6398 5689 7412 10500 2277 9525 11877 704 7497 2001 6811 8321 1398 10764 4614 12420 4830 10627 951 1566 4339 5289 9508 11340 938 3658 6643 87 4310 7807 9045 3550 4909 8317 9231 4613 8402 9084 10038 11320 11547 11631 10271 11168 2292 9287 10794 366 1392 5512 1706 4763 9859 13106 12819 13398 431 10781 3488 5768 6759 7308 4090 13114 11065 13141 3500 13336 317 517 6910 7681 8163 1000 10188 3820 8423 5223 12777 3453 13215 10577 12097 5332 12237 1374 1767 13543 95 12721 863 2339 176 9934 584 4340 648 4351 1961 2840 8174 9842 532 11763 2782 3499 10601 3105 8351 9925 11336 12282 4219 4511 6871 3031 7550 1548 2328 4554 3795 4667 8009 134 6630 7188 2593 11999 1471 8807 2836 7748 5099 11232 2833 8683 7426 8478 4999 6674 10420 12617 7287 7826 12701 2703 4050 6307 3426 4539 5044 7795 11788 4809 10268 996 9333 3693 8496 167 12233 2178 9801 3549 10591 3858 11570 6050 10551 2207 4139 10260 4277 6174 4202 5205 1314 9108 6908 10774 11101 13104 2048 7547 4671 6926 8179 9369 10505 12020 2304 10155 814 5947 6485 12930 824 11210 541 5519 10252 12955 841 5568 598 5869 9895 10611 905 6996 3314 7017 4640 7436 1381 1485 10904 11241 2489 6587 11411 7995 10811 7263 12100 4685 9471 5928 11847 4769 6025 4378 10148 11213 2341 3616 2558 8888 6245 11591 1050 8036 2885 11789 2613 8481 2101 5937 6304 3354 4244 3626 9906 1383 10868 3800 6113 3641 9752 3378 4125 4879 9765 105 11068 1559 2727 3872 4472 2410 6488 2669 10971 630 6585 3340 10788 315 6060 6591 8638 1655 2265 1463 6022 10880 11581 1898 5904 1772 10085 12259 3300 5702 4675 10833 660 11087 81 10851 4329 6689 4088 10874 3229 7112 9443 8229 9348 7870 9839 7434 9311 11367 6631 8368 12506 1729 11289 2802 11679 357 5121 4349 6789 13376 13546 798 9909 403 1542 1404 6252 2192 10687 2175 5484 4417 7662 12383 8836 10143 10632 470 950 10563 4795 11142 2415 9052 10664 11609 507 12737 1206 2091 2103 599 3395 13139 
3816 13022 5952 13270 13345 9137 13083 13475 2590 11143 7166 11659 11684 12916 13529 11933 12858 
5977 12948 13426 
336 2272 10048 12627 586 8588 12309 2076 12475 4762 8609 9558 12799 523 11526 2589 6125 2075 2649 2962 8171 5291 8001 10617 11578 906 4119 11994 2950 13232 4880 8272 3179 3273 13186 13430 4530 12200 13402 2090 7649 7315 12610 9304 11516 6651 7810 9663 4833 11796 1968 8428 2255 11820 462 1373 7956 1087 12692 941 9672 1853 4180 4072 12678 106 4141 4464 8194 3059 3760 5159 12751 298 1243 1066 9917 4016 6263 3226 11113 6698 12332 7448 10218 1800 10670 5765 6891 2416 11351 4641 10856 1076 2457 10706 2199 5916 6198 3437 9553 5748 6233 9537 1529 2338 4465 8910 311 3422 7598 925 12529 3686 7125 1526 7999 8316 9919 1137 1474 1792 8884 3298 4473 12346 3168 12242 3150 4099 7503 12835 13245 3444 9709 1421 3619 5730 7461 1234 4098 6739 2210 4432 7860 5212 10391 3375 8940 1018 2519 11170 5670 8821 7163 12375 7512 9771 4408 12146 7106 9206 9386 8708 10793 8391 9442 4784 10450 92 8842 1037 6556 7257 10863 12767 7871 8629 4861 7501 11177 10012 11815 12396 1227 3421 1315 1341 4049 7362 3151 8661 2006 4076 5228 12898 7062 11095 3345 6251 5778 10360 6190 8698 7850 11775 13510 7475 11773 6633 8265 4130 5327 10739 4954 9384 719 5520 9670 1983 4738 7454 7556 2128 4595 717 9032 141 9277 7617 8074 8687 11937 8877 9900 10499 6842 9019 10269 12670 1660 8973 952 8887 9758 2566 11664 3591 10935 5305 12314 1425 12545 957 3855 4054 10998 2146 11713 7647 9241 4381 11860 585 11813 12160 1865 3638 7724 8258 9853 5686 9692 2206 5034 5973 12246 2815 5592 9229 4541 7197 6041 7522 6388 12558 5088 6291 1863 10014 3953 10313 1166 8357 496 7053 6919 7507 5542 8303 10648 10966 8382 12042 1595 1946 166 4366 12350 9894 10790 6090 6902 10546 9315 10185 10752 12411 10129 12404 6001 10955 12761 4014 12012 5617 9868 6801 9452 5737 8898 10352 12484 324 9943 1399 7204 1564 2198 3970 8901 12018 12341 5527 9603 349 8344 9648 8852 11702 2078 11543 3857 7416 10432 6935 8101 1371 11977 3246 10893 2220 9398 9884 820 2734 3243 4753 3890 12157 4695 8672 4644 6445 4200 9142 4063 6238 551 2342 2841 12762 7744 10428 556 2667 2688 10703 3489 7680 13267 4308 12316 2191 8587 9738 4356 8434 4755 6140 9538 6082 10178 6204 6805 10105 5981 7913 5661 7639 6283 7389 9065 9297 3933 12432 2264 4557 10923 67 2493 8844 150 12987 826 2317 5343 8720 3072 13433 1251 2648 4878 3033 4606 6432 3894 7206 4592 5339 2677 12168 3032 4241 3482 11805 10485 12027 8090 8556 1458 4847 12277 889 1284 2049 3902 10217 11419 4662 6363 1231 10692 998 10363 5040 8226 11259 12551 4078 7621 516 6247 3722 3960 6737 4697 7799 4837 7352 728 12519 13218 6771 7079 5333 7085 2924 11876 2810 5005 8318 10372 
3622 9394 5232 12482 8193 9539 1558 6957 10368 11753 1524 8167 5235 6849 6676 8008 1668 6170 11936 12536 12764 321 1009 4346 7272 6483 10506 2532 12599 4569 5488 4503 8679 390 394 3231 4875 4673 10674 1424 9749 8533 11663 7356 9268 2029 6268 254 9831 397 11116 12292 1813 3384 5127 5780 5418 11725 1151 5000 1654 8285 7306 7971 4117 12250 148 9706 2102 2108 2880 3022 6470 8551 6139 7293 2285 10879 11884 1895 3505 2129 6029 11071 6738 11506 7159 9461 3617 4653 2819 4506 2136 3455 2352 3296 5142 10116 9928 11620 3640 12814 3394 6752 10799 11583 2089 6259 692 11429 344 6456 6691 10191 2505 9441 5180 11671 3302 5181 1376 10701 2535 12613 9088 11212 3000 9245 4991 10593 12619 570 5249 11115 11137 2293 10159 4927 10446 2581 6148 3043 7632 8230 10270 2654 4617 11885 3202 7299 10082 4515 8980 2182 11373 4168 6672 5366 10282 503 5324 8066 9744 337 6765 999 5785 988 3725 7089 8297 9252 11231 11523 2097 2459 6895 6605 8038 6443 7586 12695 5838 9866 7399 10716 4469 4869 962 6985 1124 1397 9085 293 5633 10334 5123 8231 540 8873 9927 8058 12095 2961 9122 2710 9741 12268 12386 956 9679 2060 6987 2176 4106 2403 3801 11438 2343 4272 5662 1019 6017 7483 4632 8935 2990 9820 10495 11356 11361 5921 11655 2716 3832 1403 5069 450 5150 2555 7746 225 12040 1136 8517 963 10024 412 4764 758 7139 11638 6065 11217 6663 9661 11377 3247 9998 3124 3391 6480 5950 11974 5340 6381 8565 6831 10457 7808 8127 1254 11857 2655 4297 3666 7817 3948 8951 6003 12659 7259 7449 5574 8583 1098 2889 10136 4475 5446 6273 1433 4362 6498 2635 10983 3466 5822 3146 9078 188 4262 855 4633 1198 6727 4533 10053 10553 12206 400 2604 10246 3040 4728 2503 3992 8092 10276 12209 12632 4235 5331 3529 8790 10200 2137 10286 10816 1822 8584 11209 2721 5988 984 6539 11017 12789 1328 10575 3470 3974 10002 1049 7001 2985 5812 8091 8567 1031 2401 5931 6047 2658 4089 5729 8115 7796 9617 8158 9095 6281 9338 10231 695 3595 9481 5361 10544 4591 10373 1832 4483 8784 2468 12231 622 1616 11028 2585 4730 7708 9505 12806 1194 1674 2059 11303 1707 4293 1103 2723 5274 459 2554 6949 2259 5637 2887 3518 3351 12354 1207 10503 2760 12308 4932 6496 202 12091 1905 6944 3057 7442 3667 7557 8509 8650 9049 4179 7284 7570 8319 8660 9760 1796 4627 1501 12094 7167 10413 769 4860 10247 5741 10564 1025 12485 1039 12105 10187 12589 2111 3002 8054 41 8642 160 2767 1684 10042 1620 5174 3889 11511 330 3756 594 12127 926 8165 2151 11557 12490 6851 9834 12429 12487 2495 8411 1811 5078 4700 6731 4480 12398 9208 10340 7264 8735 12691 4285 7589 8081 3430 10712 3224 4486 6971 8590 9120 9025 12730 1279 1624 1932 10567 3915 9279 1062 4173 8097 10579 11488 3937 4207 5740 455 2738 4282 1649 1906 1860 5035 5188 10919 6547 7854 1725 12324 490 5431 12052 12802 214 1837 10332 8075 8242 451 11930 1574 7713 1904 5984 6333 6856 3286 11961 6634 7812 3221 6331 8913 4846 7043 5541 6019 6158 9584 2686 6500 3728 12693 1172 11774 7186 7851 8433 3427 7000 6898 7816 8851 4481 9847 3442 7180 7988 6382 11569 5706 9087 4289 12379 596 7349 6600 7457 9192 1581 6923 4805 7231 4443 10523 1094 5919 2121 8589 10175 10256 12612 
6267 13512 13550 
6308 13116 
1038 11701 6326 7906 9037 6344 9261 9263 5472 9731 4812 7260 3376 8604 4561 5886 8802 12853 290 8621 1933 10476 927 5429 1337 12069 1168 8757 4384 9293 8438 9136 1483 12615 2262 4819 7993 9392 80 4410 2372 3991 2528 5428 6990 10492 9070 12142 4577 9110 4188 9202 3409 4335 6408 12753 11532 11969 5514 11230 5849 9177 7904 11472 7998 9606 813 9374 11928 11985 1763 5653 11309 3809 9422 10635 5959 9463 8290 9197 9995 11386 1415 11875 1808 8512 3487 6011 6594 9073 4835 8186 3601 8748 426 4567 588 13343 2570 5030 2921 5065 6306 6822 7930 9434 11222 11870 12334 1430 3921 8137 13129 6472 13111 13274 4622 13147 7118 9239 13448 1902 11685 6709 9571 10861 11166 4317 8736 12353 5118 10694 5688 6062 5273 11733 512 3407 11680 1176 1203 6192 7256 5275 6231 9492 11107 2717 10299 4325 6526 763 4886 5263 5999 7510 5871 6404 5046 7637 6314 12534 183 4348 2936 4734 4100 8909 2834 7666 7520 11630 959 1393 4363 6069 560 2829 1912 5675 10946 121 7008 7560 8628 640 8856 2560 12183 1289 2617 9274 12161 12687 1141 1814 1948 8237 9210 8762 11132 1926 8673 7373 7478 4778 10119 13446 689 11408 11171 11970 13030 1440 5256 11932 6704 6867 7425 11909 683 6186 9536 11385 36 10059 2382 5907 3495 7422 9412 4295 4914 2722 13021 1465 7133 11302 11845 733 2447 1845 5553 9712 10070 11058 46 10325 4140 5935 8933 7303 9296 12255 312 7605 1181 10044 12566 3512 7523 6101 7500 11323 942 3083 6868 8883 911 970 1576 3632 5649 7961 1881 9680 4992 11503 7972 12521 4269 8298 11530 11890 4159 10815 12010 1556 6507 6203 11810 4988 11455 5258 11799 5946 6703 816 12738 1821 3527 10421 6227 11427 112 4412 5461 9805 10383 6722 8612 6195 11203 6232 11393 
6419 
489 2923 3164 9583 6 13459 5993 6578 7279 11376 2181 7489 7927 3957 11654 13310 4547 6305 9940 902 5798 6940 9370 4236 12953 35 11559 2902 9524 258 5582 8422 10996 6468 11397 11862 1333 9626 6818 8421 2094 9204 2905 10067 11409 3964 13515 9807 10096 6847 7239 1428 2184 6420 4441 12962 6042 10160 1658 5105 4448 5920 100 6039 6353 7513 8892 9191 4146 12303 3887 8827 368 3806 47 11703 9790 10063 4792 8197 8385 11669 11812 2499 7310 5462 9390 2938 4504 10251 10630 493 3227 2709 7798 7252 12080 2480 5835 654 5659 9097 969 11339 967 10705 2763 6355 5112 11657 1795 9963 2145 7034 2045 7820 4682 8019 12936 982 9128 9664 6260 8846 11470 9907 12784 2350 12077 12570 1667 8444 578 1126 1857 6457 9872 11312 83 4687 1413 3129 13123 4341 10524 252 10578 5593 13479 309 5355 10550 11749 6637 6864 2516 6646 11686 3909 12043 5666 10817 220 10934 12641 5326 7723 10300 11826 3774 6724 10462 5170 6059 2018 5863 6068 8727 6223 12742 1681 3267 7721 9777 12728 5309 9290 1712 6493 10927 5013 6364 11832 1017 7469 8052 10494 314 3110 4390 10947 2748 12745 5247 7864 6912 7213 7844 10755 5184 5645 9058 10206 1034 7678 4101 9800 2152 11257 11 3369 10653 5955 10107 1704 6573 1557 3061 8797 2388 6754 10112 11942 2563 8331 12270 5644 8806 2397 6756 2230 5744 4353 9182 1688 13564 1060 2288 7802 2303 2391 2701 10381 1876 12743 3710 9417 5143 12675 6165 9634 4148 9987 10006 10840 12604 2939 3519 11086 4252 6544 711 12201 4836 9969 5162 5395 965 3983 2685 6272 2891 11332 12748 8813 11880 6182 9173 7339 7634 10204 1036 12775 1882 8355 174 3101 1635 10545 4756 6132 3120 4876 3387 10018 8453 8620 2820 12211 7225 10275 11804 7858 7984 4080 9224 2434 8938 7313 12219 3352 3694 5059 5581 3940 5312 7981 8597 671 6016 6184 10742 12272 6708 12557 1943 12697 2824 4688 12493 873 12005 1278 4254 2684 11528 1927 8706 8804 2872 3475 4193 11670 4240 5490 2229 4584 10906 4526 10238 5314 7277 5267 5585 9659 4436 5135 8363 5362 11946 4637 9875 1638 6430 8593 3562 8970 9636 165 8998 7530 9143 11527 806 10786 2020 9060 714 2179 9330 9826 2195 9468 805 3532 8439 4758 5536 685 3330 2053 2958 6476 7456 2234 11821 12062 5293 8543 4497 9759 3136 12402 66 6593 5746 6841 10314 528 5687 2306 8580 4230 4426 7477 9188 9246 12526 
6575 12917 13154 
6577 
6581 
6586 12923 13392 
6604 11729 6687 13407 9561 13089 8814 12957 13027 
6786 13471 13501 876 13097 
6916 13077 13519 
7036 12857 13078 
2545 7505 3726 8103 1102 8335 1994 5914 1205 6750 11000 4555 10847 12655 3108 10941 7677 10533 5590 6792 12747 3123 3186 7963 10254 5561 10560 7743 11175 8134 9932 3400 9221 5486 8536 2467 11539 12236 234 10741 477 3013 4570 8350 757 1900 4531 3925 5145 12055 12798 652 10212 2707 11462 1623 9591 9301 12306 2659 8658 5376 6684 10177 12710 2715 2751 1208 7275 5419 10244 11588 2901 7423 10913 11330 9425 10953 4937 5697 6995 13 4827 7189 173 2525 3211 12559 1268 3590 6790 10094 10265 11097 12535 887 7612 7488 8794 5298 7531 2347 8924 4522 6904 12704 94 12603 1265 3525 6020 1121 10660 5842 11493 4096 6520 10132 11824 4655 10477 4962 8129 8488 9359 4821 11723 5615 10894 1182 10297 1785 11164 1998 3988 1722 3743 1299 6664 2650 6961 1443 9148 9608 4204 7542 10411 8949 11346 9475 11976 4104 5359 5548 7101 4852 11520 2618 4990 6111 7504 12076 2682 8783 2662 4994 9543 218 6696 1955 6852 6133 8558 3045 10005 9837 10184 1158 5873 10959 2900 6808 6755 11982 734 3155 3750 7082 8060 5284 8067 6584 9783 7195 9226 9278 9819 5793 7491 12636 6618 7838 9467 4463 5895 5939 4115 9845 3672 9822 12501 921 2756 4003 3223 9570 10426 378 11325 5532 11533 11769 4598 8733 11317 307 10266 11124 1442 2316 4645 4900 8160 2353 4813 5177 6376 12066 1749 8463 1923 5554 12204 850 5918 1184 6692 297 6441 1598 10552 7360 7387 5391 9415 4851 11035 2622 3079 3961 12707 8751 10695 2322 4686 5084 7527 5319 7652 8839 9449 2026 2967 937 10019 9896 11406 12107 12505 
7471 
7482 
7490 12839 13195 
2642 6598 9071 12597 9125 12092 765 2187 3087 8553 4142 5424 1959 4413 13050 1170 5076 1641 3791 4703 6169 1682 5262 6540 10604 2134 4585 6828 11293 961 5891 11949 6607 12507 7266 11740 8132 13008 7770 12792 421 7965 2040 12815 2003 7278 4690 7410 11263 4885 9305 7702 9436 10950 1020 9694 1931 12455 1493 7269 947 1418 2543 3076 3950 2565 2598 3403 8340 8746 9408 760 2358 292 9983 11255 13473 3214 11710 11858 13534 4899 7804 13101 1057 3999 3486 11734 12862 1056 12409 11627 12014 13212 103 9804 968 3021 4361 5141 11402 10103 10484 452 11383 5054 5130 776 1445 71 2008 936 4389 3493 3603 11380 4798 5496 6951 3554 12867 169 4525 5913 4051 9329 1481 1732 6033 3049 4698 7941 9167 11074 12239 2065 4249 9146 5011 5826 6235 10016 12312 7480 11952 5980 8766 8457 9835 4945 7618 7703 11594 8195 13537 8812 13441 839 8773 4020 12609 4260 10876 6418 6486 5119 8796 1517 6096 545 6144 1596 7696 9355 9594 4663 11641 4038 8704 8139 10801 10287 10916 237 7018 9918 10214 10255 1885 4328 481 7797 11153 6481 11688 1222 5023 2009 4707 4797 1323 7087 7555 9540 2079 9833 3849 4573 287 917 8510 8261 8472 6334 12731 82 8979 9171 12131 1259 6523 1695 11009 804 1468 9373 7720 10289 5032 8418 2219 3919 8085 1488 3618 7508 10176 2251 12423 2538 8155 3615 6778 8288 10417 881 7613 289 5178 9433 3776 6881 7561 10895 74 10442 5060 9488 3587 9956 1005 1347 7516 11150 3873 4257 1700 3952 11341 5684 6009 8654 9230 10606 8781 12075 
7673 13334 13523 
7685 
7707 13444 
7863 13508 12568 12965 13277 5203 13034 
7953 
8078 
8107 12868 13261 
8136 13171 12135 12966 13028 
8184 
8249 
8353 8387 
8485 
8508 13131 
8737 13211 
8763 
2757 9018 
9047 13183 13275 
9080 
9138 
360 12893 1627 12890 9155 13266 1939 13347 
9234 
9292 
5611 9351 
9430 
9651 
9711 
9803 
359 2481 8042 4775 9736 11067 4760 7725 12141 6552 6596 9883 11612 6239 12428 7098 7419 7364 7917 9674 10267 617 1155 5831 11410 2968 5294 6781 9166 6266 12175 1068 6385 233 777 7250 7181 7354 11363 1338 5756 7348 7811 9026 11833 1473 10976 2711 11085 12634 6592 11785 40 9272 11084 945 9898 11400 740 2596 387 7029 7253 1334 2294 542 3135 7347 10689 51 1752 371 4802 2114 10911 4661 5922 7525 1535 3738 6673 7280 12448 5307 7499 7661 8738 11057 6561 9521 11413 2771 3688 4905 9579 5313 5347 954 4298 2694 4316 5791 6517 1513 3599 7839 10842 4862 7468 164 11134 319 837 4611 6883 11943 2583 5341 2875 10807 5830 7574 2947 6317 2973 11993 5564 10424 3779 11464 7565 7595 1099 5182 2879 7224 8306 11682 6701 9455 1097 4958 9903 11816 305 10858 11349 563 1816 5788 1444 2280 3009 3695 216 5238 539 8559 12780 3648 6509 5622 8664 11871 230 11709 1921 11515 1248 6207 2521 3478 1745 4220 2244 9975 2283 7170 12690 3173 12679 1518 11834 4643 5817 2991 11545 5368 10881 10930 12030 6261 12021 4741 7028 10513 12544 2023 8224 8329 9930 12015 178 9887 10026 1675 10890 2038 11822 12565 4291 7157 10464 7194 7276 6815 11027 6335 8190 11587 12260 
10050 
10055 13450 
10395 13197 13380 
10397 
10510 12975 13107 
3218 9855 13351 852 4327 8568 8686 1568 3377 4720 10123 5810 10700 5733 10488 8011 12785 1879 7614 10928 5949 8324 448 6282 9704 2221 9958 1007 11490 7888 11452 3918 4092 7769 663 10472 5968 12190 1191 11425 3689 7143 4881 10531 1395 2978 5394 8789 8233 9766 1288 10823 2414 4679 5224 2365 5080 4693 5081 10467 88 9690 204 9846 2142 5725 4942 9101 8283 10278 115 8923 10865 11158 1891 7717 1092 5191 2537 4543 3405 8333 5772 7698 2054 11258 12786 11652 11990 1834 12295 1271 6872 7271 4312 4452 5038 9649 9797 61 2656 5482 10975 11718 13344 6983 8765 12518 1717 13547 170 6533 12949 1133 13500 13561 1110 4553 4342 7676 548 7892 2681 9976 12247 3176 9306 370 7558 2323 6112 3262 7964 4810 8088 3840 8243 675 4400 7460 9072 10809 11215 4482 11747 4733 5902 6907 7052 5089 9035 10431 4446 6026 12729 1276 1400 2626 2837 10003 8034 10659 11033 899 8546 12370 10780 12479 278 2697 8464 3526 13356 3676 11059 4507 10093 5415 9172 2929 6671 3125 10583 4740 5077 840 3152 5417 6870 3276 8934 11291 12579 6477 9105 4319 10800 5802 6740 8168 8187 1897 12078 1794 7843 1995 7581 953 4545 1780 4396 294 12261 7075 11305 10804 10848 3851 6189 11711 12498 7874 8928 308 3064 9162 4228 4588 8648 12036 8535 12431 7295 9405 8709 12623 720 3901 7986 43 10482 7217 10898 4966 12294 5681 8834 13288 9294 10681 922 9827 1672 1807 2587 9275 7328 9421 10307 12158 1593 11063 3117 7394 3927 4455 8577 10589 
10661 
10732 
10768 13378 
408 6606 2254 3274 4986 6625 8404 3669 6719 1771 7597 7633 10561 11724 2248 4175 4534 9276 12469 2061 3561 4467 2246 12791 6241 8326 1585 2441 2838 11746 469 9535 1848 4794 3358 3833 10835 2325 3149 4514 5404 10078 9091 11854 3586 10972 1666 3242 12508 5828 8417 3137 4210 5173 10673 11298 11441 7625 12809 8080 12686 9947 12771 810 1193 11329 3294 7791 5801 6928 7158 8972 8420 11735 5992 7875 9391 2235 6972 1691 2644 2867 7323 3976 8667 1023 6779 369 11012 3091 11859 1343 8968 564 1527 3811 11672 8330 10203 1597 3934 3023 8540 6318 6697 8180 9764 2105 2377 9363 4337 10134 5022 10032 7837 10157 11403 1692 11345 2475 3708 668 1245 3649 641 7602 749 9040 3142 5766 10202 1045 2964 2997 6865 12793 859 1825 12384 1988 9931 3238 10489 4689 12648 6982 7216 9485 10715 6557 12065 9269 12523 2792 7524 7583 10386 1937 9212 3132 11221 2276 11556 4035 5976 1054 2454 3450 9545 12813 1858 9526 4044 4187 3780 10353 5868 7616 9965 10034 12694 3690 11899 1571 4299 8997 10614 3451 9411 9161 9857 10210 1626 6666 11844 4799 6187 2411 7674 9497 10638 10999 8020 9849 1782 10337 4062 5960 6110 10610 461 6012 2064 3034 6387 1090 12006 4907 5192 6814 10027 6469 12215 2777 6527 2928 12068 3331 11054 2211 3468 9576 474 10839 2215 2652 11173 4597 7105 11228 12672 5888 6528 6641 9474 9652 2930 4246 8876 10649 6194 10926 8526 10690 8208 9567 1079 11531 402 10938 6917 9647 9745 11906 6045 11489 6321 12574 10344 12224 4984 5682 4824 7141 5062 10666 2395 12543 900 1975 11089 3885 8152 3222 8750 5583 5974 6323 7985 10369 3569 12812 6838 12381 6438 10526 2601 8114 1875 2781 12182 2442 2995 1134 4751 8322 33 1650 10011 10572 1819 10602 12378 1339 6788 1504 6427 4491 8063 3449 9414 5439 7375 10843 11326 5282 9532 9944 11922 2033 11940 727 8430 10047 259 9523 383 6977 303 2881 3593 3968 2222 9885 12113 535 3707 2733 5987 11712 8182 10641 1547 6799 1349 5125 7946 262 1913 2588 11881 9281 9308 3576 12581 4949 7102 5975 10857 7587 7915 9174 12496 9419 9888 10162 8173 10864 12225 
10888 13166 13189 
11048 
522 12345 4217 9247 9784 2452 11699 821 6138 8974 12654 137 625 5753 1662 8947 7212 10039 8613 11745 1625 2609 11887 780 12290 213 4288 7019 435 500 1390 3236 11001 2463 8154 2932 12064 634 8724 4201 9660 6572 7369 8119 2954 7631 4153 7606 12280 5436 6482 7330 11375 3790 5248 4601 9799 1035 5487 1069 7624 6118 9298 4163 6501 5098 10872 1310 3060 3014 3266 10682 11613 1085 3438 3200 3459 1990 3477 1801 7245 12403 415 3367 9682 405 1454 7882 4654 4871 8611 10813 1789 4172 6645 7515 5281 11196 2551 7825 3260 12088 3454 10174 7663 7726 3170 10806 1480 7397 8257 1733 4721 5196 6151 7528 10416 3425 4664 3446 6635 930 7164 2761 4629 10708 4462 5599 11603 5172 11968 6023 8130 895 11111 4896 10248 11444 11529 34 2268 6191 12352 299 3560 1639 2523 6078 4893 8029 2183 4765 5503 7949 2138 8452 2631 4490 5723 12311 5397 9993 9809 11782 413 3447 7648 12263 3443 8948 7865 10147 5358 5747 351 5654 8291 2629 3372 6289 6761 1362 5889 6715 8470 690 1969 2768 7013 7107 7736 7779 530 6933 3956 10952 1618 7576 8487 10273 1679 10478 1083 11579 6152 10154 1835 11391 1521 6925 3270 9432 347 3521 3158 7274 1486 7679 9041 9237 10403 11996 2307 2404 508 6061 12214 1685 2106 11614 6529 9107 520 3959 8018 8157 6098 10783 3010 6531 8110 3884 4357 79 9219 9557 12744 1417 5207 4355 8798 12119 603 11912 1091 3187 7068 2431 8702 3490 6084 4873 9710 3153 3697 851 1951 10010 125 5379 10235 191 7465 7611 10385 3496 11998 12572 3551 6369 9867 10678 629 9341 6563 12560 7498 10262 958 7398 2628 3399 5407 3629 4444 884 9194 6499 7334 12450 1167 8542 2417 11183 2784 8015 11125 2359 3491 2370 2592 7806 536 4582 7866 9249 4343 10587 4313 6647 463 11123 9 2855 3656 7211 11260 2809 4278 3456 8982 5449 11041 1180 5168 5476 5538 146 10153 2822 4739 5892 7301 7129 10540 249 12195 10419 12645 
11225 
27 5285 2623 11458 4785 10491 56 2002 944 6286 7975 11467 3729 6339 3908 12749 5855 9705 10 5259 7544 8920 4395 4840 10624 5513 7312 9022 9027 10504 2240 5155 9609 5856 11448 2755 10915 388 9946 649 9949 5138 5962 1228 8531 8670 7443 7920 10668 2679 10056 212 3555 5510 3558 9113 7887 8389 4806 11644 1109 8693 10997 1093 7908 10389 3838 7934 10111 980 9320 11066 2236 6568 569 7429 3984 8142 6626 7091 6861 6954 10960 7691 10333 10584 8824 9798 10713 9897 11953 3086 11950 3389 6270 6967 11954 7942 11191 11838 9057 11226 2994 10652 12724 2318 11184 6510 10449 11831 7487 12669 2261 8053 2572 10573 8959 13042 4456 9677 140 4702 12943 3269 13063 1844 3548 12388 8575 9280 11004 2433 8244 6371 7294 7297 8962 10824 1544 4605 10810 5165 9465 6108 6536 12249 6640 6659 2302 4505 1696 4052 5031 12011 2483 5887 2783 9352 3668 4255 6397 12635 8957 11304 3935 7629 12430 2527 4523 4336 9597 4628 9644 1096 6249 8069 8537 3252 8310 7230 8405 283 8994 4248 12596 4208 11873 5116 10845 3268 8767 6800 8503 9360 12760 2636 9830 10339 6783 9401 6711 7585 3994 6975 7104 12803 4719 9339 2740 6506 7577 2412 10243 593 5287 11553 11653 11924 3709 10357 3344 4190 7237 8922 468 9564 6013 9081 6866 11412 2014 11180 12578 6667 6970 4839 7296 1747 8896 12298 8816 9643 2 3627 350 6705 10133 11514 3522 6694 4709 10986 4985 6431 3635 5176 3484 4944 892 8175 11886 4559 8823 834 8769 2544 8996 9236 12099 5650 9656 3609 8657 12319 656 9260 3005 6406 4382 10469 10568 6458 12832 8855 10318 10566 12305 526 7907 7718 8760 4983 13472 62 8051 7070 7094 1117 5190 1911 4965 168 3804 6542 1630 11500 6146 10628 983 1820 4218 8111 3472 5996 10751 11418 6373 6963 4722 11770 7417 7686 3311 9404 583 11163 4933 6312 877 8013 8819 11781 679 6217 2212 3088 5115 7154 3517 8869 5749 10298 10284 11313 
11333 
132 6375 1089 3275 3540 8916 10521 8279 10169 12486 10089 11580 1862 10585 93 6450 4552 11378 430 9877 10831 1963 2139 3839 4924 7549 7196 7788 10912 4216 12817 6532 6661 12640 7794 11846 255 9723 5090 7827 8722 11350 467 5584 8188 8507 9641 1003 11249 1052 1388 6454 7040 3610 6121 1080 12003 2586 6114 8112 13354 2605 11311 5516 8109 8867 9730 201 5401 519 10837 240 6999 4245 10186 2016 12189 2465 11229 632 6729 4808 4950 6644 5794 9506 11742 9891 11031 2569 6315 10723 8096 11798 9541 12768 5438 11146 738 3543 9818 1750 2807 4748 12419 1270 5598 8166 8348 11245 534 12620 3810 5451 8377 9151 7668 11777 9997 11426 12699 3030 7792 7943 11407 11992 3161 6688 9890 10933 11240 5048 7689 9150 5591 10241 1737 12435 3092 12323 5433 12096 3664 10163 8462 9989 7453 9011 812 7317 5539 5807 9743 7174 8963 9198 12023 12821 3498 8675 10127 9832 12901 6927 13193 334 6063 3864 11512 9004 11267 136 8178 9780 4586 11182 5455 9650 10393 11091 264 3829 872 5859 7424 8366 1190 8203 9602 4551 8403 8929 7580 10430 10891 3309 9968 13221 8325 11744 2043 12442 1359 12366 2204 4315 3945 8304 10102 7372 9590 9124 9586 9972 12437 2357 2752 10156 8199 9589 607 2513 1648 6015 575 10693 12400 12433 8682 9646 7474 10776 11883 8985 12499 10866 11253 13053 5475 13044 4423 12453 11342 12607 449 11759 2334 11518 5300 11092 7061 12017 912 3434 7692 12320 
11496 13299 13313 
11602 13125 13231 
11683 
11848 
11863 
12079 
1830 12171 
12349 
12351 13043 13130 
12542 12861 13513 
12794 
6292 10538 1730 7712 1258 8354 5136 7729 11939 3174 10765 8952 11233 3362 4855 1043 4457 5978 9905 4158 9016 9978 7037 9222 75 12776 3536 3685 966 6214 5521 5966 2351 7511 2627 12213 506 10031 9755 13066 1665 13095 3808 10543 9325 13420 5559 9881 3828 10065 198 4053 5110 11584 5154 5880 10091 11691 4256 6007 1324 10650 5209 9248 3254 11611 913 7914 4841 5317 8248 3692 5934 1928 8451 10058 8991 10253 1412 9089 2970 3597 2208 5586 9176 9737 9572 10445 6051 10582 1893 4618 7823 9395 11405 1987 11112 3122 6776 2032 8376 755 4107 10655 3019 10688 1755 4322 5187 9314 7265 11036 9504 9687 4154 6155 7200 1854 5412 7518 1466 11878 316 8719 5108 5320 1577 3951 5929 5129 6767 1676 8307 9585 2772 5380 11300 1889 11843 1985 8407 7554 9933 2132 2529 5183 11368 761 1868 8338 2119 3741 4438 10033 10963 4135 6426 2724 6712 3724 9569 1686 5597 7944 9286 8649 12218 5809 6569 8371 10870 1366 11727 1309 2477 9258 1304 1523 8251 7710 11750 9079 9479 6675 10348 9844 11144 107 1942 2005 5477 8493 8914 5351 9516 9772 1150 8889 8761 9596 3830 12805 
12822 
12826 
12828 
12830 
12831 
3115 12836 13496 
12842 
12843 
12844 
12845 
12846 
12847 
12848 
12850 
12852 
131 12854 13210 
12855 
12859 
778 9815 964 9824 2375 5834 914 4978 4424 5518 7281 10122 7326 12139 1982 4701 12605 3225 5560 2072 6250 8566 11287 5185 12602 4231 5925 9382 4021 5179 8077 12307 4176 6277 9050 4401 5911 987 3353 2621 5879 2228 3457 993 9996 5470 10209 2539 8861 5328 6337 10618 12098 1375 7533 552 6829 5447 6161 2798 10281 7041 9770 4782 11292 7249 12050 2107 9775 3753 7880 4247 6164 6380 12159 1721 11281 9207 9622 1841 2745 615 5348 2046 9600 5409 10480 731 9616 1528 7353 8232 10841 5555 11894 5093 8902 6665 10448 5625 9916 7251 12412 5008 8436 2977 12301 4931 5237 5131 9126 221 1621 7411 11567 458 3041 730 10120 7097 10501 5302 8448 2925 11440 3896 12000 177 5657 6893 642 2430 6043 7215 1225 3324 3818 4951 2647 5523 9099 6548 7048 401 6713 10558 1555 12132 3359 11390 546 1705 10192 10398 10622 12347 4274 5218 12436 5067 11900 8150 10770 391 9720 3440 9962 5926 11494 4166 12681 6122 7845 1605 8140 11791 5036 5199 8639 8961 2764 7494 716 1216 11051 1295 10658 2668 5797 8956 9575 10922 11331 2364 10789 1917 3264 5426 8500 2951 11808 13222 10483 13452 6455 10236 4082 8476 10757 3932 10932 5816 9614 13015 6981 8210 6077 9892 5445 5460 5103 6947 5297 6848 10818 8133 9684 672 845 6206 3665 5530 2257 8822 1410 10555 1321 2058 2960 11897 8550 9358 9098 11648 624 4957 5189 7401 4160 5685 8145 13127 6559 10651 2916 8383 11944 12293 2639 8676 5350 12299 10486 12318 2004 5408 13228 1189 2448 2612 3408 11296 12013 4138 7958 11466 13092 543 4877 11963 3416 9169 4936 12763 2485 11295 3234 9438 9971 11023 113 1171 8893 2683 6459 1903 6760 9472 3798 8964 10382 11148 11162 11542 3516 11155 1831 12860 
12863 
12864 
12869 
12870 
12872 
12873 
12874 
12876 
7208 12877 
9938 12878 
6654 12879 13481 521 13081 6097 13187 
12880 
12881 
5063 12882 13293 
12885 
12888 
12889 
12892 
12894 
12895 
12897 
12900 
12902 
12904 
12905 
12906 
12907 
12911 
12912 
12913 
12914 
12918 
12919 
12920 
12921 
12922 
12924 
12925 
12926 
12927 
12929 
10574 12932 13185 
7642 12933 13507 
12935 
12938 
12939 
12940 
12941 
12945 
12946 
12947 
12950 
12951 
12952 
12956 
12959 
12961 
12964 
12967 
1 807 12969 9700 13541 179 13115 8633 13365 
12971 
12972 
12974 
12976 
12980 
12986 
12988 
12989 
12990 
12992 
12993 
12994 
12996 
13001 
13005 
13006 
13007 
13010 
13011 
13012 
13016 
13017 
13025 
13026 
13029 
13033 
13035 
13036 
13041 
13045 
13046 
8234 13047 13368 
13049 
4239 13055 
13059 
13060 
13061 
13062 
13064 
72 13333 6839 13067 13379 
13068 
13069 
13071 
13073 
13074 
13075 
1647 13100 7651 13076 13276 
13079 
13080 
13082 
13084 
13085 
6145 13087 13284 
13090 
13094 
13096 
13098 
12554 13099 13480 
13102 
13103 
8615 13105 13238 
13109 
13113 
13117 
6726 13119 
13120 
13121 
9858 13122 13135 
13124 
13128 
13137 
13138 
2876 13140 13249 
13142 
13144 
13145 
12758 13463 5872 13146 13490 
13149 
13152 
13153 
13155 
13156 
13157 
13158 
13160 
13162 
13165 
13167 
13169 
13172 
13173 
13174 
13175 
13176 
13177 
13178 
13184 
13188 
13190 
2443 13191 13401 
13194 
7476 13199 13429 
13200 
13202 
13203 
13204 
13205 
13208 
13209 
13214 
6410 13216 
13217 
13224 
13229 
13233 
13234 
13237 
2708 13239 
13240 
13241 
13243 
13247 
13248 
13250 
13252 
5483 13254 13319 
13255 
13256 
13257 
3766 13258 13470 
13259 
13262 
6411 13263 13362 
13268 
13269 
13271 
13272 
13273 
13279 
13280 
13282 
13292 
13295 
13296 
13297 
13298 
13300 
13302 
13305 
13306 
13307 
13308 
13309 
13315 
13316 
13317 
13318 
13320 
13323 
13328 
13330 
13331 
13332 
13335 
13339 
13341 
13342 
13346 
13348 
13349 
13350 
13355 
13359 
13360 
2979 13361 
13366 
13367 
13370 
13371 
13373 
11888 13377 13551 
13381 
13382 
13384 
13385 
13386 
13387 
13388 
13391 
13396 
13397 
13404 
13405 
3107 13260 9563 13408 
13410 
13411 
404 13413 
13418 
13419 
13422 
13425 
13427 
13428 
13432 
13435 
13436 
13437 
13438 
13440 
13442 
13445 
13447 
13449 
13451 
13456 
13457 
13458 
13460 
13462 
13464 
13465 
13466 
13468 
13469 
13476 
13478 
13482 
13483 
13484 
13485 
13486 
13487 
13488 
13491 
13493 
13494 
13495 
13498 
13499 
13504 
13505 
411 13552 9519 13020 13230 2573 4022 13227 9170 10036 13506 
13509 
9002 13502 11510 12823 13503 10958 13375 10968 13514 
13517 
13524 
13525 
13527 
13528 
13531 
13533 
13536 
13538 
13540 
13542 
13544 
13545 
13548 
13549 
13553 
13554 
13557 
13559 
13560 
13562 
