0 
72 13333 
131 12854 13210 
138 11964 
2606 6579 3916 5177 12461 2250 3368 8977 2568 4157 2664 5727 3471 8897 5122 6171 10899 1231 12168 12551 4181 8743 12024 7408 9992 7150 10740 1783 2232 3219 9175 13535 6930 12081 1761 3348 505 9195 1663 2376 3907 4915 8046 1294 5821 1753 6448 7747 2904 11394 365 4888 5494 3744 12066 4900 8196 8372 5776 9397 2353 6376 8160 1561 5070 1727 7514 6515 7800 4330 6103 6288 9900 6534 7536 10499 5114 7617 11937 8687 8877 11540 48 3090 8745 6905 12267 196 638 3327 8582 12671 6992 7841 516 10372 1315 1341 5778 6247 4049 7079 12519 3891 6550 12302 12449 2135 3421 11876 298 2924 11113 1227 4103 13236 6251 10360 6190 11775 1511 2161 5250 7440 1402 4800 667 10396 5860 13337 1237 6127 10193 86 5383 3183 10324 5545 6512 3345 7062 3722 8194 4880 13186 906 3179 13430 106 3273 3960 12799 4119 6737 11994 6891 9304 2006 8661 2075 3373 12610 4141 12200 8272 13402 4530 13232 1243 9672 3760 5005 4464 9558 717 10012 226 2128 6698 12332 5333 7085 2810 7799 4180 12475 1399 8264 9149 7204 11702 7647 7947 3723 9568 5322 7027 10633 11896 4381 11860 4595 5520 8910 6324 10777 659 9123 13421 1139 8730 12887 8055 10315 13093 1253 3700 9613 4109 6668 787 3074 4975 5814 2116 9378 4592 5694 7221 10995 2413 11355 3998 7859 6968 12248 7909 12884 13399 1246 8271 9114 9379 3402 11911 7220 12413 2201 7362 10728 11600 335 10427 581 11259 1458 12277 3482 7737 67 7639 2648 4878 5339 1441 5040 1251 5073 6363 6432 1715 2146 3032 4241 11396 12027 1210 10667 2900 4803 4174 11935 1158 11805 1865 6852 1955 6755 3045 9570 4391 9028 1082 9289 9961 4519 11476 6358 7609 6372 8269 10226 10959 2224 3580 5573 7418 3701 11861 4429 10692 7474 8325 998 4662 5551 8226 10363 4308 7549 7093 8763 889 1190 12489 4847 11419 1983 4738 5327 8852 1529 9384 3033 6489 4606 4837 586 4072 12309 941 8090 8556 4054 10998 5686 8258 5661 6283 7352 12316 6805 10105 4697 9241 11813 12160 10893 12246 957 12678 150 5981 2667 6140 7913 8507 4541 9297 4755 9065 5088 10955 10014 12432 5584 9641 2688 11249 2815 6291 3890 10178 1853 4200 4063 12157 2127 2734 9229 8454 8636 10199 2076 8941 820 4753 8588 9142 2090 7649 4644 8672 1545 10313 3933 5592 1770 10752 5007 5811 3855 6238 4078 7621 728 13218 6082 6204 6771 8318 2342 3972 4695 12762 551 13267 3015 7744 3489 7680 2841 12987 556 9538 6445 10428 6530 11424 4929 10277 11405 4557 10445 986 2264 10923 
246 
360 12893 1627 12890 9155 13266 1939 13347 2979 13361 
404 13413 
474 
481 
543 
634 
893 
910 
1130 13013 13453 9429 13286 
1197 13018 13242 
1291 
487 4908 6435 10331 6035 6519 1431 6732 1132 12123 9440 9695 3975 11450 1144 1866 2120 1262 4749 3365 6843 6211 7209 2180 10172 11306 13225 2699 12376 1221 7822 11268 1316 12196 1602 3571 3298 12028 2940 12757 3295 4461 4129 10548 6571 13389 1320 6903 3812 12582 8289 11307 3943 10699 1154 4397 5459 7391 5963 7694 5720 6980 7045 7974 5670 9350 4814 7501 4861 7106 8821 7395 8027 9785 251 12244 1693 9627 2243 11719 803 6813 1384 2873 2039 2420 2708 13239 193 4616 185 5815 871 10046 232 7939 11541 1810 7178 2531 7464 11050 12074 3113 4151 147 6159 7932 2823 5463 5774 9104 1498 8768 12658 8198 13023 5245 7116 13281 5457 9513 7840 11019 865 1138 5517 4331 7441 1550 1711 1063 3333 4233 10514 4698 5906 9119 11740 3596 5715 614 6837 7579 9146 11293 5134 11643 5130 11383 3603 5913 8132 12507 13008 10604 12815 2065 3553 12609 4249 6607 4020 5652 11074 3069 5912 4858 6915 1840 11060 385 4585 6863 7571 8880 875 3140 2031 6067 9181 5716 7789 11863 3322 7403 8105 11597 2882 7162 6169 10436 839 12591 3049 8474 12239 1481 7480 1394 6362 10762 11809 443 7165 5396 11116 
1382 12825 13048 
573 10643 2678 5097 7113 8882 1370 1543 2663 7601 1429 11972 5283 6685 4996 8468 9771 3646 7390 5464 7654 2524 6768 8937 10974 8786 9139 5208 11161 491 4358 6208 7238 10647 1161 8467 4727 5085 7004 1653 9009 1026 10556 1292 8502 4883 9573 2185 3346 8793 473 2687 11957 976 10598 11577 4345 4718 1633 5711 5066 6888 9639 353 5544 4267 7246 4842 11550 8975 11927 580 7365 6213 8391 11469 2720 4761 9901 1345 10608 7833 8070 3762 4460 2749 5230 1452 9792 874 8571 2600 2854 3037 9043 2920 7380 8135 8832 12709 3481 6809 2458 12016 12216 46 3598 273 5241 3827 6901 11484 6862 10725 6588 9077 4874 7303 8111 10325 8113 12255 5046 5871 7637 5999 7510 8213 11765 6404 6507 9360 9335 10342 712 11704 11988 1303 1368 5251 11802 7044 10721 4059 5781 8939 1358 3245 6367 9386 4887 11106 471 7009 9501 920 3824 2275 4081 9061 10447 187 10646 10854 1675 9774 10714 2522 12565 4111 6373 10464 11239 4001 5452 6929 9296 11348 1214 2315 1964 12333 2070 3253 7455 4652 10479 10052 11758 2154 4470 6395 6433 8477 3642 9337 12187 7590 7862 1922 3204 10364 2866 3720 10883 7641 12349 7987 10228 2238 11420 1508 4643 2038 12679 5817 12684 485 1518 12030 3173 3237 9803 12193 472 12328 3931 5336 10341 30 428 1919 5253 1156 8215 2536 11958 5758 10613 5938 6551 6262 6566 9063 3039 8643 7428 10359 9473 10535 102 7973 12169 3910 8864 11595 509 1728 12018 2338 8901 10224 3135 7824 5500 6583 8253 10689 3206 10319 10758 10914 6815 11369 6261 7347 10930 5368 7110 11254 11980 12341 4291 7157 6335 7185 
1322 7184 2599 11167 9496 13164 10100 11929 4222 10954 13086 1968 7910 9260 10850 2213 7351 9677 12319 8062 13394 2608 10821 2962 11578 1419 1838 656 1916 11553 3484 7104 3699 6295 3347 11082 526 8760 11066 3609 12778 4944 8657 3627 10469 4985 9911 126 1888 7346 8840 10562 12022 1992 6749 3863 11003 1973 13423 5502 5507 10584 2544 8996 11886 3389 5176 593 3635 6270 7942 5962 8389 10624 834 9656 2081 8236 2576 5413 13024 1330 3185 10517 1611 8332 1114 6766 8424 2 10133 2584 11514 892 4382 3005 6406 1109 4806 5650 7600 6431 9236 5510 8175 4559 8823 9726 11088 10997 11562 8737 9020 13211 7907 9320 10566 6694 8855 10986 4709 4983 10318 7718 10568 
1584 4022 9519 13020 13230 2573 13227 9170 13265 10036 13506 411 13552 
1632 
419 11908 544 7357 707 12808 1512 7933 11149 1347 7282 2258 2830 2741 7983 10937 1025 2767 1796 5741 10564 12152 1634 11244 4745 11811 9729 12105 2972 12485 1684 10080 6769 11757 4296 8057 10042 1058 12289 2030 9377 8415 9484 7638 10237 1586 3831 9751 10379 4735 11625 160 6491 7242 239 3445 836 7003 6620 9437 11498 1039 3002 8054 11099 4938 10303 5972 11208 181 4754 11642 2562 8296 4038 8704 4663 11641 228 6350 5607 8360 10104 10255 6481 9918 10287 10916 545 936 3493 6144 3554 12867 1517 5119 968 7696 10484 2358 11255 13473 760 1418 4798 5496 3950 8340 6951 9355 9594 13534 3696 7804 13101 2598 4899 3214 7236 11710 11858 1170 2565 13050 5076 9125 74 9956 1005 8781 7561 8654 1259 10442 1931 3441 3076 3776 9488 7516 11150 3403 3873 8472 7936 9408 8746 12455 1020 1493 4257 4413 1959 7061 8178 9039 11267 9780 11341 11512 59 136 4006 6757 9715 1700 2691 3952 4586 11182 3787 6617 1539 8139 10801 203 1029 4171 4261 5566 4744 10351 12676 2237 11200 11959 3515 3600 8890 10860 12537 2131 12151 2693 4411 44 1731 2603 5144 11436 5679 7532 12110 32 11381 3687 10164 11052 11235 2160 3042 6163 7545 2955 11549 3055 11891 6735 9703 2398 5713 2634 3633 6354 4906 11851 9255 10292 9349 11956 1105 9542 456 589 1884 2492 9131 9362 5837 9665 12585 466 2677 9673 9926 2776 5137 2233 9959 5087 11093 5113 7594 5979 6347 3630 3985 10520 9493 13219 223 3307 5708 7082 5471 7541 7273 9132 10394 12505 2650 7542 2026 2967 6961 9148 10411 937 9608 3079 4204 3750 3926 6984 8146 3925 6584 10019 12107 154 5548 2662 9819 4115 4463 5939 1443 9278 3155 9783 3961 11346 2618 4990 7687 9699 5895 6979 1722 7101 3704 6639 2766 8108 8396 4224 7835 9708 1299 10212 3743 6664 162 2515 5284 11434 11460 5084 11904 5874 7136 734 1442 4645 1478 3241 8067 1900 7195 12055 3817 12262 5102 11382 794 4813 4027 10184 10528 2713 6447 9226 9640 9960 10005 3714 9625 10367 5769 11895 218 5554 5171 11124 4611 11943 4598 5532 2316 8463 11533 9845 11020 12699 11317 11325 9220 11769 2768 4247 4073 11800 9126 9616 89 793 2017 37 9936 1528 7353 2046 11894 4431 5131 8232 5409 10841 1460 11046 4931 9050 674 4199 2668 4440 5876 10922 11331 1216 5797 1841 5348 2745 11281 9575 11991 6164 11051 12159 301 9775 731 9600 2107 3753 504 7446 9622 7515 7865 12263 413 3447 9207 5175 8210 10658 84 6848 716 8639 12605 5735 8153 8614 8249 9851 1721 8948 6061 8961 12688 2764 7494 1500 4197 687 2157 4854 639 12046 1567 5982 10180 4333 11835 5613 5836 2305 6087 752 4428 9945 6442 7176 1002 11214 1494 5072 153 615 7880 9939 10066 2196 3396 5349 6795 68 4479 3538 8278 12527 1855 6415 5237 9288 6804 9282 801 10480 152 6449 3004 4454 10077 10380 2514 4223 3691 8084 1327 12101 1573 5302 5662 2390 9916 4421 5734 2343 3832 7132 4701 5036 5199 2977 5625 6665 10448 3233 13206 6770 9458 6275 11435 686 8273 3731 8461 10989 8050 8695 9510 11286 2086 5167 12373 1817 10662 12840 3321 8364 13126 10264 13143 
1683 13287 13526 
1309 11736 174 3519 2477 8451 2877 6936 2724 4855 2939 6569 6712 9258 5809 10058 1741 10033 3540 8221 3853 6375 11513 132 6882 430 2139 9877 10831 2132 9772 5597 7074 8914 9516 3019 7554 3953 5567 1686 8338 1868 8649 9176 9737 12218 3597 3724 9286 7710 11750 5108 5154 4135 5206 5320 2529 5351 5929 9569 742 1830 10621 4779 5012 12171 12405 1798 6320 1523 5316 8251 12817 1412 4216 8431 11044 761 8761 9844 3325 3830 6776 7265 7200 9585 9079 9479 1985 10348 8891 9933 11843 2005 3254 8041 2386 9615 10129 9089 12362 700 8722 4943 11245 240 8348 1963 12640 7794 11846 7944 9273 1863 6661 6833 467 11350 3212 10561 2119 3741 6751 9596 2248 4534 4175 11724 4986 8371 8691 8886 5611 9503 3541 10900 5363 11089 6788 7042 8404 12469 9987 11907 3669 6593 8895 9634 7 8826 741 6176 6272 6719 3657 11487 3869 5338 5578 5639 4445 6680 1610 8774 1755 10655 1999 9154 7763 11878 2832 7002 6744 8707 1427 5213 10232 13091 13530 1466 2032 8952 11233 9325 13420 4302 7930 7258 10750 6121 8109 5807 8675 9011 7317 7453 506 10031 1854 4322 8376 1893 3808 3174 6051 4107 11036 8867 10543 755 9572 7823 10169 9730 11311 8304 9589 10156 6822 10102 1987 10765 5183 10688 3122 11112 11368 1388 3610 812 9989 6454 12003 2605 3349 8395 2202 5516 1738 7607 1890 2491 11300 2290 6193 8147 1169 6197 11932 1676 5129 5042 7371 1883 7223 9687 11693 4154 8986 11398 3647 6155 2653 4196 5412 7518 9504 9344 9629 5757 11428 7244 11598 2194 12284 1430 9586 12334 9434 11870 1116 10017 244 4348 620 3914 12009 2357 3945 12437 36 6306 10059 11222 872 7424 2586 9395 4551 8366 4618 10703 1080 12079 8462 12096 264 3829 10089 11580 8279 12486 
1778 
1784 
1994 8792 1629 6648 4769 10086 735 5928 1381 4898 6319 7333 11197 3400 6111 6025 9221 627 9932 1213 2597 3271 3726 9552 6244 13364 6497 11536 13118 7743 8103 2545 4894 5914 10904 7283 12473 145 470 1485 11241 950 10563 3682 5153 7535 423 5169 8098 9066 3259 11586 5877 6234 6699 10244 11000 11175 3480 11715 2203 12315 10347 12276 10525 12722 6750 7316 1532 2509 4417 11411 5899 7662 5234 9381 5762 10756 8061 9841 8805 9829 929 10873 6014 8912 10719 4478 11566 376 8836 1941 5998 10632 2103 8313 8696 3510 11252 436 12310 1642 2450 7962 10929 3793 9033 8756 9387 1950 9618 12726 2284 8427 2444 7065 5210 6587 1142 6965 2614 11916 3995 12202 293 10334 2629 7963 828 3645 767 2714 9929 10941 5590 12747 351 3372 6115 10415 2174 7736 1205 1801 3108 10533 3186 8134 3123 5918 10254 12076 3781 8231 4660 11978 1212 7636 12451 1450 5149 5787 8857 7187 8413 10392 2821 2846 3100 9686 5865 12673 167 12100 2304 3693 4202 2175 8936 4795 11142 415 4871 1789 4654 2489 3454 5633 10813 11609 6174 7263 10811 12383 7663 7726 7677 7995 4685 11847 4614 12420 520 3260 1454 7882 8611 12088 1649 1860 6605 8038 696 5898 9716 5215 7546 6342 9403 2435 2710 9741 10716 10919 9428 10679 11430 9052 12737 2415 10143 1206 2091 6939 5805 7978 12487 357 4349 599 3395 9909 13546 507 798 5484 13139 6789 13376 2123 11056 2259 5862 5818 8518 9808 7378 7776 525 1670 8172 3058 5035 6547 151 10079 541 5519 1314 10155 10252 12930 12955 4378 9471 10148 11213 704 12645 4172 11196 1362 5281 7825 12195 12403 5561 6792 10560 579 6440 824 10734 903 2138 2001 8321 1398 2551 1476 3138 637 1519 6485 1165 6218 13314 3195 12254 11114 12638 1639 3560 4776 8029 6078 12311 2794 4817 8119 9728 4765 8452 9218 10631 3367 5298 7953 9809 249 9682 5723 7497 7017 10764 9993 11782 814 11210 530 6933 4640 7547 12020 4830 5947 10174 10627 5397 6811 3314 10952 
2004 
2056 7343 
53 621 7706 6524 9005 1217 2193 8302 2787 6346 10028 7911 8212 9038 10992 4627 10822 2496 4011 8043 4884 10791 722 5045 447 1520 3504 9435 3859 12682 9788 12039 7078 9042 9180 12718 12331 12739 1101 12304 3474 4067 7471 4307 8312 7030 8915 1588 9109 8498 8572 11635 10095 11839 3513 6577 5214 6107 8482 10512 1805 5443 7270 11548 1256 2296 10619 2510 13324 1129 11365 1823 2438 2799 4376 4820 5306 5364 2983 12467 3613 10642 972 6264 7785 8525 3191 7968 10195 8082 10293 11797 5058 10718 1522 1804 12782 2190 2780 1604 2396 8006 11901 13264 1204 7406 3420 4385 7834 11868 10198 10729 9364 12445 7682 8263 10607 10830 12587 333 1187 5540 5016 7730 699 8506 1851 2595 11224 6785 7382 9852 3433 8544 2580 5100 8202 9605 8450 11779 4774 7191 6229 7815 7955 3035 7693 4273 12238 13374 2552 9822 5255 9321 64 5738 3792 3879 5669 5936 6178 10424 11993 5571 8156 577 7081 9230 12075 123 3119 4306 5425 10606 3310 6276 1644 7222 7588 8256 12717 8907 13474 2405 2671 11619 2559 9116 12153 12155 1071 6434 12134 4521 10295 1223 9389 4375 11264 12665 788 6844 3777 11637 9112 11700 4023 13357 1787 2718 2947 10592 5564 6317 7445 7564 2326 3579 4555 10847 4018 6028 7011 11357 6274 6941 5754 8295 372 12266 2021 6701 9455 3779 11464 1909 2949 5537 10221 8586 12541 3315 10062 3393 5478 7492 10994 10296 12594 5557 11165 2037 7202 682 3899 10182 3819 5658 6938 9251 10991 1746 11864 49 69 410 2173 5823 422 5194 12067 6840 9654 854 8023 2010 10605 5636 9843 1146 10242 10969 1119 12243 1447 2944 2989 7384 1824 4959 2546 3147 4583 5896 2253 2800 12504 118 5280 1461 4518 10735 5423 6683 4786 10885 10982 5485 12173 5157 7918 5683 8068 4116 5221 7341 6379 8126 3796 7051 9469 9607 206 12592 784 4055 6332 12495 6396 10283 364 3739 2790 5638 1575 3192 8865 4281 5618 4114 8240 2980 10288 4374 5655 2561 7450 11507 11731 12720 2099 8288 3625 7711 1966 7809 8581 1671 2321 5558 11078 2953 10437 1856 2308 8155 8459 8191 8624 2162 5830 9254 10312 2214 8466 3165 4548 3334 4178 7574 11682 1125 12001 5055 9988 3308 6487 2657 8810 2583 2875 2879 7224 5341 10216 1887 6874 3217 3628 11852 10308 10778 4495 10345 8732 12464 5942 11918 3673 8394 2077 11121 1360 6428 4828 5641 822 5480 11497 1510 10354 3843 4418 7147 11538 5027 7388 6414 7767 1818 6717 13294 4047 11024 8744 10330 8282 9448 2055 11521 320 5971 869 6830 3939 9611 229 7302 6328 12184 883 4037 12995 108 5755 497 2115 2853 6452 9233 9092 11787 931 8595 10600 868 2692 3284 11945 5562 9322 12700 10149 10272 2104 12774 1464 4024 9588 10537 7161 10711 11708 1582 4286 3906 7144 13520 5983 8692 10640 7307 7727 11471 4578 6417 10302 4941 10408 12241 
2282 13201 
209 424 377 2380 2309 2878 6613 10004 6825 12454 835 8520 10771 2217 5473 6439 7631 8138 10724 5468 6623 7115 11276 1148 5629 7897 4746 12756 4365 9794 4031 4253 9592 4380 9791 4409 11069 1095 9409 2466 5296 2407 10435 3413 4919 9407 2611 7506 10205 5420 6775 7929 10625 5852 7548 339 11505 8617 8868 12337 5951 8958 11914 1484 12452 2242 3567 7032 199 323 5219 3986 5376 5163 10336 4580 6549 12790 5419 5884 12147 9941 11227 2530 8214 12359 442 10117 12325 4435 7766 10376 12770 13057 1188 6157 4234 11457 1673 12643 12999 2700 11081 1873 3130 891 2140 781 11499 7923 9353 2125 9144 10747 2336 4560 890 10388 3084 6383 6503 7325 1839 4398 4538 7473 8353 8387 9460 2742 8640 13051 11199 13369 8432 12511 3397 8635 3747 4543 5257 96 907 1112 8921 5772 6787 9405 2168 7486 2512 5825 13511 190 12732 5254 10151 1614 5508 1244 1396 60 10460 11866 2164 12734 2526 8286 3285 5166 1587 13179 2484 11073 10522 11917 4029 12440 1628 6005 1977 9662 3769 5009 5111 7047 1487 6377 12970 8469 9787 13301 122 4529 144 8037 538 8293 3230 4767 4575 10680 299 2427 1806 2141 6836 8361 848 2735 5371 8400 2811 3546 1689 8634 919 9748 1175 8999 11138 5201 6220 5784 11299 5329 6271 5944 10827 9399 11632 8456 12476 7058 7778 7286 9340 1196 5820 2886 4013 6695 10975 11718 13344 8408 12295 2537 12786 2656 5482 6983 7239 7698 8765 12518 115 1925 11990 1271 1834 208 6225 1178 12818 6538 12389 4966 12294 3051 5191 10472 304 11593 3962 5665 8365 7593 8647 13291 6543 6802 2941 9685 1437 4033 10141 7888 11490 2221 9827 9958 8923 10444 10616 2937 5270 11005 867 4742 13031 3979 11629 8337 12546 13170 10829 12035 7463 11353 6746 9426 8022 8931 9518 11064 133 6338 1592 9773 653 12207 1275 7828 3545 5437 7335 8201 11021 7285 9950 663 7124 6105 7193 922 9371 2874 5549 5968 9718 1032 8088 7592 10144 3262 3431 2759 7964 1997 11535 1803 2471 7148 8026 4041 4711 8381 9000 10309 7240 11090 5109 8483 10227 11768 3564 6479 6602 7255 10361 1407 7569 5704 7367 460 11481 1179 11384 2007 6100 9270 10691 10931 2804 8367 1199 6546 119 1802 5674 7169 5989 11827 571 3542 1092 3177 701 12444 2705 8669 3401 11572 10434 12713 11696 12007 8771 10211 7370 8645 7290 11198 9140 10917 566 4517 6611 11283 6316 9267 4815 9319 39 11626 1867 10068 3095 10194 5714 8545 2922 8791 7435 12586 12928 1369 9106 3938 4850 8072 8858 10987 
38 823 250 12251 1768 3139 8881 9115 527 3429 11395 1348 9861 1174 12804 1226 9459 10965 432 5882 554 7459 3854 7994 3846 6120 6918 5533 10808 322 10896 1207 5235 1674 7284 10503 651 6170 5000 5127 8285 1151 6849 4805 6923 202 12091 2547 3207 9725 880 6400 7234 10936 11265 5550 8121 9813 1047 11473 6853 8945 7774 10921 45 655 2500 6495 12418 7342 10098 946 10530 934 1754 1758 3104 6934 1759 4977 1312 7885 4708 8603 9967 10113 6279 8250 10404 9769 12841 13497 6199 10405 12968 3292 12522 7361 8076 11324 971 3194 3675 302 4642 13014 3924 4136 3888 6682 13443 142 8007 5152 7970 3392 8831 4891 12525 7050 11558 361 3544 2271 10190 10219 11615 3868 12374 3417 9560 1872 10595 2988 6946 8656 12908 1646 4132 3118 8102 8239 8993 809 9078 2455 7218 2015 10615 1403 5069 450 5188 1094 5919 10175 6181 9802 3650 6638 12226 1531 3249 12706 3577 11554 748 4272 4475 6273 5446 8589 434 5357 4443 8177 11237 12401 2000 2550 7578 12746 3297 5197 9635 680 10305 613 8277 2676 10009 13454 4017 8644 3755 12903 13196 7630 12089 11159 12369 4271 11387 4260 6486 1609 8193 12569 4328 10876 7140 8131 13283 2754 3773 10990 7018 10214 263 5174 1491 11511 2298 3384 3631 5418 5232 11725 2057 8573 5106 11966 237 6418 8484 12589 9192 10187 321 1009 4346 7272 5260 11730 1654 3568 9994 1620 6299 1581 12094 1813 12482 2959 10368 7355 10726 770 1788 5440 645 4971 623 6484 662 11238 2363 3350 4790 8227 4032 5743 4485 7540 12167 4487 11437 6168 6877 8048 11650 3662 7021 9539 8796 11194 1554 1885 2982 9394 3622 9461 11605 11753 19 6242 8622 4623 10245 3530 6987 1019 7483 4106 4632 5921 11655 730 6942 9661 10495 2990 9820 6017 6663 11377 2080 11818 184 6736 9302 5693 7551 7020 8625 1022 7543 8523 4162 4680 12322 3614 7615 4974 8532 4008 11502 11761 10753 10832 2816 7735 8755 10516 3920 6875 6325 11043 2281 2702 1908 3277 3290 10407 2803 7088 5356 11131 26 7439 882 12422 4292 9075 1455 4970 10580 3385 6072 9550 5107 5630 3801 5231 5950 6381 9924 10320 10468 11270 3379 3711 6581 6202 8677 3466 5822 344 4362 6498 6047 10457 758 956 11356 2503 8935 10276 11361 2060 2635 3146 11438 9679 10983 2050 5643 10453 12520 9638 12630 
2513 10441 
2541 13032 13180 
70 6742 2943 4315 7168 2909 9719 7538 10258 207 10685 2813 8598 1453 9083 1737 10241 4453 10176 10130 12453 776 11734 1057 2642 3486 6722 12862 7410 9983 7965 8612 3999 12014 13212 1393 6232 7278 11393 9305 12409 947 2543 6334 9694 10103 12731 292 9436 10950 11627 6991 8516 8553 7421 7591 3208 3856 1056 9972 4885 12597 4389 4690 7702 9062 9833 1714 3415 4369 8930 441 4066 5680 287 917 3006 12646 804 8510 5847 7269 7720 82 12131 12394 2079 8261 3681 7912 7555 9540 1289 7560 1821 12183 12687 5675 10508 1808 9210 10946 560 1912 2974 8628 7520 11630 2731 7755 5705 9935 11485 1239 3539 7015 7659 6932 7982 1335 9274 2082 2311 4363 11203 8359 9171 11223 765 2187 1468 5300 4423 11759 2204 3434 2752 3087 8199 3092 4142 5424 9071 6598 12092 71 2008 452 1445 609 1027 8818 11263 155 2332 1260 5616 12553 9886 12348 6106 11482 8216 8684 4574 11913 2560 8833 3282 5995 2936 10609 3374 11983 183 4100 7372 9590 8909 10259 640 12161 129 8753 683 7425 3954 5001 5256 949 1339 4544 10498 2835 8592 4164 12736 515 5800 5604 5648 2424 5526 8984 3071 6610 549 2095 10369 8182 10864 1894 8416 4528 6323 6704 4324 11712 975 3698 9129 2948 4757 8981 9446 10037 5056 5718 582 10761 562 8701 9753 10590 5330 9778 978 5608 7782 10029 3919 5547 4149 12656 1438 6156 9733 114 5354 11284 6632 6758 981 3103 10509 99 3508 4587 11732 11475 12391 5053 5827 1849 3763 11689 4434 10402 11903 2651 8569 3251 11315 2646 3501 3485 10636 2171 2542 12217 3736 3746 9376 4558 6135 1219 7207 6219 7753 10418 12124 9159 10795 5395 9266 12698 1325 8241 10644 9367 9430 711 9969 965 9548 10849 5162 12201 619 3881 802 7338 6255 12125 1118 10168 8056 8817 9457 772 6310 341 2781 8813 1482 4649 3506 12787 
3102 
3115 12836 13496 
3304 13303 13416 
3475 
281 1157 331 4094 502 5047 866 12336 65 1970 1218 3148 3380 4334 11154 4323 4681 6024 3063 8564 1957 5698 12772 1918 3410 1446 6419 709 1793 11483 12667 1467 11010 4392 8663 995 2808 9970 2083 7005 3835 9366 6956 7954 11822 3775 10910 1432 4002 1135 7433 8207 12488 11083 11110 11216 3802 8549 3145 3911 4347 4796 12025 5850 6237 4155 6964 3144 4607 9466 9981 3862 10461 1120 2986 13244 1720 8375 3250 11192 3772 8754 6188 9668 792 2918 5577 13455 1145 3182 3114 11971 4019 10769 3588 9262 5851 7842 9316 12145 13400 271 11751 5656 6723 9593 12690 4928 11297 9008 10087 10881 11545 7170 10772 5908 11555 2283 12561 2320 4608 2487 6119 10423 2888 8563 1724 11104 2163 2992 940 3228 6780 6196 6834 3159 11772 6423 11316 5124 7867 3248 5690 5843 6301 8501 210 9697 4406 5271 13088 5505 11829 2696 4807 8259 10957 2556 8809 9582 2392 5372 5373 6820 4829 8554 12616 1619 7481 8106 58 7742 2028 4705 313 10051 1664 11755 158 1301 4802 6046 853 11011 6129 6368 2817 8471 11640 775 13312 13353 3923 4823 3823 8000 13290 1507 4853 7383 9838 676 11108 1701 12180 2408 11756 1815 10767 1580 8685 2374 10401 12633 2373 9024 4045 8853 4508 11819 4952 7006 9696 12205 3573 12363 1236 6201 91 10867 12393 4215 7321 7831 849 6257 8176 2712 6000 6582 5010 11987 9310 10285 12456 7781 8651 5829 12937 12991 3428 12390 13326 4283 10962 4549 6504 1077 3012 11624 10612 10920 1385 10749 13056 3758 5909 5202 12755 8346 9810 8637 9388 4416 13289 3958 8728 4123 5970 12611 2022 5015 12061 
3784 
2914 3861 
3912 13532 
2276 6557 11556 12648 1782 10337 1195 6110 9530 7572 9647 11760 1965 3908 2755 4840 56 2002 2240 8217 11448 4062 5960 9022 12361 8957 9545 3729 12749 4785 11458 2777 8838 3677 10782 4246 11054 3607 12068 4235 4635 5499 5751 3111 7980 12108 1046 8726 9559 4232 5392 5722 8230 6148 10200 2102 11974 3470 10002 12789 1247 8894 1499 7829 3529 10816 2403 10286 3992 6365 3043 10159 10157 12206 12619 2395 7632 10666 3023 6697 2581 6187 5988 6318 4799 6666 3406 3423 8489 10745 6931 7376 11738 4866 11096 9368 10915 10463 12606 2778 6824 5142 10116 576 1143 4425 5719 2285 7293 5958 12406 248 7977 2136 11137 5331 8790 3640 11884 3137 11531 9965 10034 3708 10078 5192 6469 2792 10610 3451 7616 2411 8540 10638 10972 3089 10839 2928 7289 2215 6045 9214 11446 3171 11236 2330 5856 3455 6139 5295 10802 7312 11489 2652 12574 5155 9609 9027 10183 10504 5513 10316 6917 7847 10386 6527 7674 11173 3934 11844 984 2105 2721 1692 4633 2377 9363 8972 11345 11735 1626 9849 5868 7524 8526 3091 8180 9497 10999 5022 10032 1597 9764 10431 6116 8117 4810 10406 10809 3751 4672 4600 5378 5732 7627 8697 1809 4825 5535 12395 9162 12623 11075 11741 1924 6652 2791 8905 55 11215 9976 10925 308 8301 342 870 3064 8648 310 326 5565 12434 63 8983 650 1708 172 6099 3523 9238 4524 10481 11156 2295 5217 2269 2903 7768 116 5752 8083 10349 1920 9746 5386 6810 7016 8016 612 3189 1332 11748 12330 109 924 197 9090 11463 4824 4927 3765 8841 402 9666 10344 12224 6321 9745 7329 10938 4639 10796 11274 2216 12063 4617 5249 12814 4342 9928 2654 4973 10082 11885 570 8091 3974 4515 3391 6831 11115 9245 10270 1777 11620 3124 10879 2019 12034 9515 10844 4399 5352 11029 2927 3740 6453 8260 8731 5792 7889 11646 3054 4229 10671 5148 5522 6012 9707 9721 11176 2582 2785 1235 6030 6505 6010 10988 2440 10225 12128 1936 4402 5068 7877 11275 1899 6076 6359 9431 10727 2789 8039 3201 3341 1318 6894 4572 7669 7697 10207 673 3097 1640 10675 2011 11449 3176 3840 4414 4955 445 6034 9306 11806 1311 4093 3663 7777 4238 5382 909 2367 9678 11563 5712 8652 6126 9102 2437 7472 224 587 3394 6752 7573 12247 2681 9400 2323 6112 1122 6945 3256 5595 7146 7756 11560 7172 7529 5266 8473 11100 799 8681 10707 9642 11280 5695 12754 7025 7790 2418 4897 3078 10836 5596 7458 6083 12468 261 9187 10939 11347 5278 10158 3825 9734 10215 7199 9879 11716 11623 12326 2987 4127 5132 12719 8397 11690 3594 10196 6160 12340 2868 11277 8089 10145 5004 8779 6032 8031 5017 8429 9285 8495 11127 2464 11271 446 10846 5325 11525 12550 2369 2610 8014 9923 438 1799 3109 12234 8122 11109 12626 8875 12811 739 1013 1356 1408 3112 11077 3293 9413 9402 12222 4058 12364 
4184 
4404 
4628 
4781 7945 
4967 
5079 12883 13009 
5203 13034 
5467 12824 12829 10819 12851 
5599 8252 10409 
5872 13146 13490 12758 13463 
5873 
2661 11706 5427 6221 8445 12650 3814 6835 8362 1123 6887 4593 6374 10343 11388 2641 5635 6817 8010 3712 10475 8004 11552 3752 5310 1386 6094 11053 13159 3535 9556 2144 7758 4789 11551 6545 7759 3366 5024 9502 6409 10001 4120 9068 10877 12056 3279 12685 4512 12112 4571 10859 31 9999 1352 6027 12130 13150 465 13329 1426 2797 1238 5021 8741 4982 5104 13492 2890 11660 5724 9235 8183 12397 159 8349 11519 478 9828 737 5091 7584 10069 1164 4459 3287 5945 6601 1044 11015 5374 5857 9216 5893 10223 4386 12680 2345 5878 2818 8320 706 5623 2847 3188 1797 8758 1847 9655 3582 12252 12576 2436 7437 6855 8862 8776 10738 3718 11762 3419 7414 8494 2344 10142 2744 4801 11537 990 7670 7969 8591 362 5498 2159 12287 4243 11061 4025 4646 7656 2981 5602 8049 10317 2355 8225 636 9796 12465 286 9228 343 1612 3383 4811 6615 2266 4466 7420 8527 5940 12121 5227 10025 10350 11206 11726 2591 12715 4468 12327 2862 11105 1354 9910 2906 4305 4161 5721 2027 5589 2680 3323 7451 8437 12148 257 879 2849 3066 11784 4156 6889 3826 5760 4061 6764 4872 10760 4594 11423 4979 10717 1030 9164 9456 3357 3703 4550 6297 12054 5225 10007 729 7805 11193 5953 11389 786 1211 2299 7780 8944 274 2956 7145 407 12194 6807 8426 10291 1340 9069 2400 10657 3465 10189 4379 12500 3877 4902 2911 8030 7086 7722 2143 8458 12385 597 5434 1435 4780 9189 10603 182 6793 4918 9494 4509 8393 11667 4320 9624 1637 6150 8570 783 4768 8267 10229 1048 1342 1088 3329 977 10074 2993 5881 4344 9878 2150 5628 4723 5061 11486 12212 4867 5390 7407 5014 12058 677 5759 4213 8094 11098 3 1791 10128 616 856 7699 6393 12664 7890 12387 2260 9356 633 11955 3581 9186 5534 12657 117 8534 4516 5763 7660 9451 10834 11662 4546 9010 827 9406 6128 9577 10109 1336 9669 3634 10304 10978 1469 6412 7872 10440 12344 1074 11040 1910 10013 10471 10135 11022 1608 6340 2567 8032 5910 8169 11610 6401 10973 6153 10672 1578 4122 10744 11374 2270 2845 4562 8480 3082 8627 2155 8003 791 3770 11910 12033 
94 2327 10894 11057 4655 10477 11493 1220 8488 3514 8870 4004 9359 8327 11599 604 12051 4821 11723 5346 7324 831 9812 10045 725 12008 2694 2771 3599 7610 5615 7468 7839 572 9528 10637 3716 4510 6629 1040 5777 2973 4316 5791 1411 3552 732 2774 10165 7057 10709 11926 5612 8270 6490 10527 2335 11269 3371 6081 3081 6743 3080 7884 398 3244 6386 6725 3439 4040 4939 9957 499 1346 2149 2186 4212 5594 11837 574 6574 10131 10539 4566 10400 7035 8655 3679 9701 6345 9424 10814 11675 1503 11314 12960 565 3461 5360 2249 8854 4732 9546 10015 4963 9698 13251 2428 6508 4791 7100 4430 4903 1055 9750 904 9735 135 476 591 5286 12652 1422 3602 3949 8021 8874 1209 10433 10456 558 10399 12562 1530 7559 5261 11133 555 5465 12891 3655 8078 11007 11534 4134 5126 3289 3876 9533 2426 3162 17 8689 329 4683 6714 1131 5052 3503 13040 4237 9862 9163 10126 51 371 4298 8969 12567 1852 7177 12712 1579 9782 1099 5182 2596 7029 1535 3738 4661 3928 5922 10956 12227 7327 10858 8209 12093 5313 5347 6517 7525 4905 10911 1785 5927 4133 4674 1182 11164 2843 9954 2394 4251 10297 12571 9253 12136 10137 11431 3525 7504 2482 9814 8335 11261 1121 4852 1998 10660 3988 11976 1439 10060 358 9580 7495 11520 5569 11445 1102 12655 3721 4634 7505 9714 12300 12478 4290 6436 13132 6467 8281 3821 8666 5903 7928 318 13134 2118 9160 5948 8602 12296 9974 12041 4747 11997 1308 4030 7131 8808 9324 6147 10634 12133 8341 9478 9209 9984 4604 9937 1147 1277 2812 11823 11920 908 8116 3768 5579 6997 2497 8017 2472 6513 3620 12849 6570 13563 1944 2719 13325 10374 12372 
254 2899 8680 1930 11661 1870 4714 8811 5479 6033 2926 10329 12292 4503 4712 8679 1061 12086 12725 6268 9835 12250 1643 8533 9831 2861 12367 6567 7658 9213 9691 217 12446 6880 11030 1300 4895 2273 5029 7898 8323 11076 1524 6483 2029 8008 8276 394 5435 6676 3057 10097 3126 9242 1583 8715 1901 11893 397 1732 5671 7941 985 7784 5980 6858 8457 9167 10076 2129 8766 1668 10506 12764 2674 6823 600 8125 7071 9793 5146 7076 7304 8843 2775 8764 3011 3965 5344 5739 9565 5779 9489 6913 11783 1242 9522 9578 10397 484 6131 1297 1790 2910 8799 11344 10290 11925 1636 2063 3971 5678 746 4993 6778 1222 3615 4669 8979 4573 12082 285 2538 5043 289 3587 2069 5684 8800 11504 881 1896 1323 10289 6523 7087 5060 7496 2009 5023 8085 8418 1775 11915 2219 11009 2534 4707 4797 10417 6009 7761 8690 5186 7891 9453 11628 85 4442 2698 7442 6278 10490 11576 5178 6943 3889 10458 8665 12601 6096 11153 6881 11139 5337 11639 7618 9410 8900 10940 2773 9985 2456 2897 11688 7431 11573 103 3021 9804 5141 10924 3849 4525 5826 4361 9433 4439 11174 4051 7599 8965 12460 2933 5054 5832 6518 1596 5416 5603 6832 7613 3404 8342 9637 2549 11402 3783 10455 11422 3386 5321 
1828 7077 4784 8708 9606 2717 10492 3409 4335 11472 3991 7904 12142 813 1871 4188 6231 4384 9293 1168 8757 4577 12534 5275 9492 7598 7998 553 2432 5240 6784 6990 11928 6739 9110 11875 11985 4703 9442 6556 10793 5676 10450 9427 10294 3093 10805 1765 3281 3791 6141 7757 4195 9915 1415 11188 6762 7311 169 7266 9329 961 6540 1641 1682 4350 10597 92 9374 1037 7257 1018 8884 7163 11177 1792 5891 3168 4432 12242 7503 12835 13245 1137 4099 3375 4473 5730 8245 12346 3337 7026 6657 6828 11949 12104 1234 4098 2210 5212 6086 9070 2262 9709 2134 5262 2040 7770 8673 7993 8940 3150 7860 8842 12767 9202 9392 2372 10863 5514 5849 8959 11969 3809 9463 11386 9995 10391 1926 7478 7373 13446 11171 11230 4778 10119 12792 11132 11970 13030 1421 7461 1474 9032 7871 8074 4016 6263 141 8698 9277 3619 10218 1064 2519 7709 8629 12396 112 9136 8438 8748 421 1141 2829 1948 8237 959 2003 2921 3487 6195 10383 588 8137 4835 8186 3376 8604 5065 11845 5886 6186 4812 7260 5472 9731 1038 3143 8802 12521 6344 10652 12853 1181 5461 4412 6011 9805 6227 11427 3921 13129 13147 6472 13111 13274 4622 9239 13448 426 3527 4567 9073 13343 9536 11385 1483 8762 12069 1814 12615 4734 6594 5003 6069 4287 7972 8856 10421 10985 733 2261 2447 7133 689 5959 10449 1845 11058 10070 11408 140 6568 3269 9712 13063 4702 12943 5553 6510 2236 11191 980 6626 7091 7429 3709 7585 3268 6975 9057 10339 2722 13021 4914 10713 4295 11226 927 1176 9412 3495 5907 816 7422 1465 11302 5946 11799 1337 2528 9422 2570 10635 1763 3601 5653 9177 5030 11309 290 7008 7666 8512 1933 10476 2834 11404 763 7500 2645 11890 5429 6314 4886 8621 121 11323 4992 6101 4325 10299 6526 10815 4699 7227 1556 11503 12760 3512 7523 7605 10044 7256 12566 2572 11532 13042 5765 10670 6408 10573 4456 8428 12669 2318 2412 10243 11184 12753 1986 9663 2649 6651 8978 9080 6013 8290 10856 11351 80 4410 4819 6198 6711 7577 9081 5287 8053 9401 2382 6783 5428 9197 11107 7487 11831 468 9564 1087 2199 4833 12692 4839 7956 2255 11796 
6145 13087 13284 
2020 10817 1527 6430 9143 5314 12493 2684 4254 4758 11528 2229 8804 3562 3811 10203 11672 1023 6779 2958 7456 4193 11670 2053 11880 805 5687 2195 12526 4584 10462 4526 10300 2018 10742 5170 12742 6059 11826 4427 6183 8828 2165 4113 3745 7120 7619 7477 9902 3520 4960 5746 685 4426 2685 9188 9246 2739 5491 12272 4547 5798 7721 5128 6708 1927 3774 5135 2088 6223 8970 10238 2872 8706 11946 1070 6616 898 8866 5624 10570 2670 3435 4836 5580 6052 1829 10949 3047 4371 12163 5546 8561 277 498 6016 671 7675 7821 10541 688 5334 4563 9046 1751 2393 12614 1843 6394 4403 6461 417 6911 3316 8879 97 3469 4205 3947 4838 10838 11310 6950 7114 5095 11371 4057 11776 9094 10371 714 3120 1635 2859 3387 8355 8742 9283 2179 9826 3352 6132 2013 4314 9767 10112 9330 10947 90 1042 1084 5770 5786 11698 10594 10710 3460 7291 12662 127 4876 4177 11042 3028 7155 955 10903 602 9215 4947 9361 1553 5894 4226 11062 702 2842 12174 3661 7836 12417 12795 6973 9347 1601 4105 4270 9345 913 7914 6733 7010 7716 2894 4756 9480 3572 8453 9811 11453 1928 8248 4841 4925 6426 11234 6897 7537 6071 9295 1159 3727 12516 1773 1953 7135 2730 2743 6702 3239 4736 2996 11141 1249 5796 7685 11676 4666 9500 1282 5504 5672 4284 5930 2371 7830 7848 10140 829 1599 2348 8721 2779 5668 3813 4556 288 6425 2337 4788 4326 8632 1756 4602 3018 10261 13521 2726 12833 5531 7553 7277 7678 873 1943 9468 11 5955 7864 1034 4101 3267 3369 9800 5490 5863 4390 5536 528 2306 12005 12557 2152 11257 2397 6756 10888 13166 13189 2349 8205 12728 1681 6068 1710 12775 5 5025 7754 66 4230 10314 698 9727 6841 10620 1036 4793 4502 9547 3101 4771 6248 11923 156 3803 2388 10107 4856 6912 1882 3524 12548 6754 10545 4731 5247 7844 9096 10653 10755 4068 5006 4194 9562 1462 7213 3836 7739 5866 9486 7182 8268 4209 10222 13161 12273 12856 14 9393 2564 4034 2966 8820 6222 9257 12703 6360 7432 11207 736 12741 12752 2389 5279 3364 9190 3749 6681 4987 10626 12998 6322 10311 11120 5406 8219 7967 8490 7772 10377 3643 5315 4743 8460 6960 9256 6468 7734 2263 6305 11862 4447 5411 2607 12090 
6267 13512 13550 
6333 
6411 13263 13362 
2378 6741 1378 10124 215 11406 2446 3850 5985 2073 7056 5400 7566 9693 3611 11621 7281 12221 1295 8956 11256 605 11604 13110 4865 8710 5795 8662 1001 11016 9076 10366 932 10474 3652 13383 6349 13439 6502 6642 2957 6969 5408 8374 13228 6562 11495 238 10322 726 1302 3017 3328 6136 6760 1375 5518 4424 6947 3476 6993 9840 11321 1984 10818 270 8228 7119 7640 10897 6002 10812 4656 5229 7818 7878 7925 774 6366 10698 3794 6351 7095 12494 1113 7320 11179 11780 1230 8966 842 3320 6162 8911 5276 13235 5570 7447 6978 8149 10944 3318 8918 2286 6720 9982 811 5236 5509 2494 12407 4704 9334 11720 6298 12595 325 9223 9876 11195 3558 8693 10466 1287 5563 2788 8308 10967 11461 3134 5318 6921 12463 8919 10569 13112 992 10365 12573 1423 8339 8499 12555 1613 7502 2453 8384 11354 3719 5057 11366 3822 7415 4143 4772 2518 13461 7183 8222 8345 9821 12286 3604 8511 4137 6478 670 10083 2387 13002 13198 7205 13058 2167 10390 3660 3847 1631 3381 4000 5813 5691 7783 8143 10358 3026 9232 3127 5158 5915 1940 9491 1379 6745 1833 3305 3557 4422 7130 5403 12279 3382 11147 4964 8596 5133 7935 10907 4998 12896 5506 13395 4118 10754 12838 3905 10779 12837 3702 11308 12138 6348 11006 13434 3497 13246 2725 5140 2863 5667 4221 12958 1313 2225 7083 1762 5064 479 2422 1719 3623 7644 8311 1224 9595 6726 10429 13119 4596 11975 4214 11359 1185 1357 11129 3416 5189 7401 8383 9169 12763 3408 7229 8133 12575 5335 10473 4357 5445 464 12013 1232 12502 8 8100 3799 7103 8370 352 5342 1892 4377 1760 3715 8992 6421 6560 2704 9147 222 4498 2052 10656 644 3003 3388 9111 9899 4910 12663 4449 12666 3050 7430 9331 6209 7526 7608 9873 9464 11327 3944 10918 4536 10532 1128 5965 6658 10171 12517 1266 10403 3270 9432 1766 9237 5460 7109 6608 8522 1914 8002 8521 10629 347 1521 6925 3913 8086 384 1617 6031 9742 12210 5453 12564 1111 3578 5497 9017 453 11882 658 5493 1743 10669 2421 6589 5242 6622 2504 8607 2287 2508 9023 9856 885 2122 12716 5216 6064 6058 12563 3356 4725 6253 8989 11830 6595 8946 3172 10412 3737 6269 7381 4659 6624 8579 12335 381 5405 11172 6290 12257 3509 11360 2865 5848 2913 6896 279 832 4625 9990 211 7937 492 10274 878 5790 1954 3852 1960 6669 5861 9227 6660 8350 256 7063 12642 511 601 7896 9291 3016 8714 9786 6143 11849 180 7902 8795 12425 766 7596 4183 11190 1991 4579 7635 8380 8399 11415 77 379 2170 1938 10454 11035 567 3670 723 1996 5319 8470 9449 3013 4851 12707 3778 5858 10008 4576 12552 943 2197 11119 6514 11853 163 8839 3605 4352 3169 12798 234 8536 2844 5486 4531 12236 477 10741 757 5145 5268 10451 7664 8783 1869 2908 12457 7126 11290 4904 5824 265 10951 11034 2672 3232 3880 7198 10470 12203 6296 9948 9372 12271 1252 9980 1367 7881 2579 8204 4112 10439 420 482 7314 8347 3674 7122 11705 12608 5701 9702 11892 1272 3583 10676 2314 10977 1416 2383 2451 9942 12049 4311 12759 1016 1736 2044 3574 6142 2643 8491 4294 6774 9681 1949 6953 7719 12474 2883 6056 488 5840 8678 6336 11334 3156 8885 4568 10797 1319 11850 2467 11539 3067 9836 9896 3467 4612 8699 9973 340 12509 2506 9313 9450 10181 11596 
6575 12917 13154 
6586 12923 13392 
6604 11729 8814 12957 13027 9561 13089 6687 13407 
6654 12879 13481 
6662 
461 11938 2475 12813 1937 9212 1090 2064 12006 12388 2623 3034 3059 5159 10706 12529 12751 1104 1117 363 4692 8185 1800 5916 2457 6667 7810 11516 2014 4130 592 4965 7653 9610 2502 7715 1526 7999 2158 4465 9601 12408 1066 9917 3151 4076 3226 5228 5115 10628 3311 6146 4075 11770 4722 6963 7094 7194 10751 7190 11027 1076 5748 8609 11526 583 2212 5190 8051 62 7070 7903 983 9404 11412 2416 3444 4641 7125 6866 7296 8316 3686 7448 777 7276 3472 11418 6233 9537 3437 9034 8265 9553 462 1911 311 925 2915 9332 3422 9919 1473 12634 1564 6801 9648 9884 11543 945 9898 11400 2078 9272 5305 11084 227 8618 5943 7992 11856 7385 9168 2252 4920 1846 6387 5458 6700 9418 11048 11905 2087 6706 7467 8538 7108 9021 336 2272 10617 8171 12627 523 3243 4279 4864 6413 6777 9445 10220 3326 7340 9551 11456 253 4773 4631 6040 2884 6952 5195 6405 2566 11664 5204 11480 1425 4787 7250 6633 6970 3591 11773 12314 5870 7396 8619 10072 1861 2445 529 1389 4859 11160 7475 10976 5996 10048 11180 631 1436 7688 8560 12073 6763 7154 3517 9030 10298 4035 11313 5976 12065 4255 11004 5749 6312 8962 10284 4248 8069 6249 12596 345 2638 10547 4834 6175 350 8994 1096 8537 5285 7544 7142 8405 3338 9380 11814 4471 9644 5020 11039 8246 12723 754 2385 657 2806 42 4474 1298 4726 4189 5448 11865 1355 12540 2124 7214 7254 9768 12111 10138 10557 6463 8425 9816 10166 10639 2624 5291 4336 7686 9643 7417 12578 8896 11820 1747 12298 4719 8816 1011 8777 3265 7164 9264 4128 12421 5728 11792 175 6558 6842 9019 9130 11737 6090 7760 10943 2096 9346 22 7024 1192 7905 4275 8541 3283 4831 708 12593 4565 8449 745 4890 2511 7567 8659 10338 948 1086 260 11248 666 1697 3132 4102 11221 3494 8352 3589 7156 7232 8447 3361 4085 1844 3548 5092 8788 779 10599 533 12229 2025 3997 2169 12122 3654 6424 2527 8047 8001 9597 4523 8575 1820 3088 8869 9280 7297 10824 952 9758 10432 1660 12545 40 10739 3246 4762 3857 6935 8101 8973 11977 1735 10167 11656 6036 8717 1401 1874 6846 3842 6285 8953 724 4995 1177 10518 2625 3966 8585 9651 2589 7701 6125 9141 9326 5736 9470 3407 4190 4218 5165 3344 10357 1203 11680 512 1373 6192 7237 8922 6800 8503 6536 9339 2740 6506 8767 11924 
6839 13067 13379 
6857 
7036 12857 13078 
7072 
7096 
6308 13116 7111 12983 3941 12915 12973 
7118 
7292 
4984 11854 10003 10482 10898 3149 9091 4467 6241 2061 8968 1428 5682 43 3901 6039 8998 1343 8330 3586 9035 165 5362 11441 4637 11012 11859 8128 10050 5002 11919 1666 12771 6716 12508 9947 10233 12686 12809 1713 12026 3612 3780 2113 6869 3048 6042 1658 1779 3242 4448 5105 4074 8238 78 8080 3833 10353 2325 8326 1245 4419 5421 7625 12215 4514 5404 11906 5062 7141 2246 7705 4039 4981 2409 11432 2313 7832 7997 8379 859 1825 713 7950 5806 9554 1541 4007 7883 7192 12269 697 7374 6293 6521 3319 4110 3732 6134 7603 111 9724 5606 10519 12426 3142 5766 1757 5439 12285 668 3649 4689 9931 7216 10715 12384 416 3197 3805 12791 3561 4146 4482 7513 5828 8417 9191 12303 8827 10257 6818 9626 2626 2837 8934 10067 11409 3887 5997 1400 8892 10096 1283 1702 2501 5726 9574 10375 720 11291 2184 9204 7926 12165 2094 6420 2905 6847 3676 12579 489 2786 7927 8485 2706 6444 2923 6670 3312 4301 7539 9630 12886 6 5993 13459 4441 12962 1333 8385 9583 10160 6355 11669 4792 11812 5112 13123 368 4263 6117 7787 10063 2938 8197 10251 9390 10630 3164 5920 11703 1795 2763 4504 9907 6260 7489 12784 7279 11376 3957 6578 2181 11654 13310 902 9524 982 2145 6724 9777 4436 7034 8846 9128 9963 10705 4682 5326 12936 7723 8019 5282 9532 7375 9416 6865 10690 4280 7482 5585 8363 9875 9173 11326 2891 9659 10843 1505 10310 12441 3167 3690 1059 5964 654 10204 6184 6215 7152 100 7252 8593 1848 5173 6353 493 11657 12080 967 5835 2441 11746 1585 5659 9636 469 2997 4210 6814 2964 12694 1858 5365 6182 2499 9097 11989 2838 3806 4044 4187 2480 9664 47 7310 1045 4794 3358 10835 10673 12793 9535 11298 2231 7803 3730 4826 11668 12208 9977 11008 2895 7054 4121 7305 5267 7634 7899 3761 5610 4169 12343 3680 3946 4737 7575 4364 10798 9036 11343 12265 
7345 
7387 
7476 13199 13429 
7528 
113 3932 9614 5816 10236 13015 7208 12877 8822 11808 1917 5426 1935 3665 6206 2951 13222 10483 13452 221 2945 1621 7411 3278 8955 1410 10555 458 3041 5093 5808 8902 5555 6541 1321 2058 8170 11648 1605 4274 10192 11791 9996 12681 2485 10588 4082 10757 104 3303 6008 2871 8159 753 12954 346 993 3818 4951 12427 3220 6089 6914 8539 4166 6122 8140 6309 12085 10663 11939 750 9864 3359 12347 3464 5200 964 2430 914 5834 6043 7215 2963 5634 5572 9357 624 11296 10150 13092 1189 5297 5103 11287 2448 9684 5350 8676 4936 9908 12004 1387 4450 9511 8960 12318 6893 9438 5328 9815 12098 3516 6981 2612 10618 8893 11944 177 9971 4138 11466 2960 11897 2683 8254 1171 6559 11295 3234 7958 4160 10486 12293 1748 2851 1903 9472 7404 9358 11162 11542 11855 3798 8964 10382 5685 10932 1831 11155 12860 6459 11148 2798 10281 5447 6077 9892 6337 7533 552 6829 778 5657 4782 12436 7249 11292 2539 8861 12047 12050 6707 12781 6044 7493 2639 2916 10651 4520 4877 8145 11023 11963 13127 2402 6352 2660 5745 3154 4186 6537 8988 8373 9082 4610 8144 5692 8519 268 7248 672 845 7121 2575 4056 7470 4729 9118 11767 6677 11618 818 2892 7752 8550 10677 2257 5530 9098 9953 12356 2364 10789 3264 4980 6240 6791 6455 8500 1257 7059 7137 8476 9490 10054 2384 9657 3390 11479 1274 5367 1448 6370 3893 4203 2375 8151 797 8830 642 6389 12580 923 11965 5470 10120 1555 3038 8162 9717 12539 4309 10152 391 2228 5218 2468 7097 10501 3457 10209 9720 11494 
7651 13076 13276 1647 13100 
7707 13174 13444 
7850 11095 12898 13510 
8096 
8107 12868 13261 
8120 
8206 
8234 13047 13368 
10 4395 12099 283 3252 8920 27 7230 1978 3306 2769 12087 3492 4065 5259 10111 5647 6659 10491 212 8310 3838 6705 8769 1228 3606 7012 8531 10056 10668 2679 8547 10979 1886 3190 7261 8670 11517 4532 11508 7377 9633 12291 7443 7920 9949 7934 10389 7887 9946 3555 9113 5454 10384 916 5389 6627 3637 6650 275 6850 8465 9343 606 11981 7704 8287 9145 12735 3922 12368 3980 12415 3713 8211 1351 7386 12380 6079 12708 200 7976 1004 3008 2133 5086 4087 11202 1078 7966 2062 11242 4972 7099 6254 12530 1067 5299 8899 12037 1945 7857 4167 7703 11594 5011 11952 6235 7797 10016 11380 12312 1606 5605 3412 10654 896 4945 8773 1723 8653 2462 7873 1365 1451 3841 2036 3332 11442 3203 3414 8195 8812 13441 5803 7846 3789 7534 7646 2361 9183 5986 9318 1895 9423 5933 13163 8576 11189 8300 13537 715 4152 8189 2209 7067 15 3977 3024 5844 3963 5804 7852 11130 3930 12230 11454 12477 13038 3871 13327 192 4863 3996 6976 785 7233 3981 4501 6246 3418 6603 306 5731 5301 11645 13054 568 6655 3767 8850 12192 6302 12116 50 1781 1021 8200 4832 8990 684 4892 6006 1525 1989 5543 10549 2100 10785 2074 6173 5018 11136 6860 12382 5631 11644 3068 8065 7358 10875 295 590 9631 9756 4657 9566 3020 4946 3027 12624 3788 10410 3166 6962 8863 1127 9870 1456 5588 4097 11607 3205 10323 13213 4916 13555 1296 5556 8524 3296 7667 8713 830 6088 9683 10115 5890 11433 3473 7160 9675 4724 7235 388 5138 2034 4451 12997 7336 7990 9979 11984 12424 1041 1600 8775 1956 7714 4484 8390 9117 6330 12668 11674 13253 1093 7908 9385 694 12653 2245 4383 3534 6130 10825 12371 7921 10759 8328 11714 11771 12048 2474 7940 9074 11828 4015 6794 6565 7060 4 12358 6812 9776 1509 5269 8815 9527 12588 6998 12481 8358 12875 894 12810 5924 11474 12773 1153 11102 6854 7893 11319 2267 8247 9534 6407 11439 2805 3563 4147 6890 9383 12547 1495 2507 7552 12220 5783 7771 6403 10596 550 3936 6899 236 5220 2084 3898 703 10422 2931 11135 1475 9913 11649 2279 2998 5764 9762 11468 12275 2732 11282 9200 9747 11687 4752 9307 3967 4868 649 762 2633 3537 266 9740 901 3184 3892 8688 3505 7159 4569 5488 10197 11506 9003 9874 4117 10108 1472 10355 130 693 3073 7894 9706 1558 6738 9865 6957 11071 148 692 11429 3022 6470 2352 8551 
95 12721 2192 4869 1124 1397 403 6252 1542 5121 7112 10687 2961 12268 4469 6895 12386 863 2339 8513 9825 134 1548 9311 11999 366 5904 2757 12233 1404 11367 7870 9839 2097 9866 11570 5123 5838 9122 10664 405 5654 6289 3549 7586 10591 6761 9895 1566 5785 2459 3858 11320 11523 841 8496 996 5568 2207 4277 9333 629 2292 1559 2410 10611 7350 10505 12560 5869 7807 9045 2178 5205 9801 6050 10551 9231 10260 4671 6172 6908 6926 8179 9369 660 1772 1898 3550 8317 176 2782 12282 3229 7434 9443 4511 9934 7550 11763 3499 4139 532 10601 7089 11340 87 5289 75 5966 5324 6799 966 10544 105 2613 3378 4125 8351 4909 8481 3872 6488 11068 5125 5978 3725 6214 1655 3300 9108 10774 11101 13104 4763 12819 13398 1392 9859 13106 1278 7323 10786 2234 2867 10134 2701 4497 9759 1060 7802 2328 4554 6630 6674 2593 4329 3795 8009 7188 8229 9348 1471 8807 171 4999 3105 10420 10085 12617 2836 11232 2265 3800 9752 10851 6307 6637 10268 6864 10578 1017 7748 3031 9925 8052 10494 5099 7308 6759 10781 7469 11832 1704 10206 5645 9058 2093 2333 4717 6948 1549 12788 6055 13390 960 2153 2563 5184 1688 2230 13564 7626 12944 3453 13215 1000 3820 10188 12777 317 3488 5223 6910 8163 4667 11065 13141 4090 13114 3500 13336 1729 2802 5512 10880 1463 11289 6493 12506 6689 8423 4088 10874 81 11679 3061 12513 1557 6022 11581 6113 8797 9165 6573 11898 857 9103 11942 6747 8747 1028 1904 2047 2277 8590 3377 9025 2449 5332 380 3575 5345 3426 4539 4486 7287 6871 7826 5689 10500 7412 9120 9208 10340 4809 5768 1767 12237 7795 11788 962 6985 1254 11231 6443 12695 3666 7808 11857 999 11336 7426 9744 1279 12659 584 2889 4700 6731 2703 4050 7259 7449 1098 5729 412 4764 5574 8583 4339 6003 4219 8127 2288 2820 4351 8174 9842 1383 5312 2341 5937 10868 7858 7981 4879 8597 9182 10927 2833 8036 3641 9765 431 4353 5644 8806 12745 252 13479 6631 8368 1712 9290 806 10275 8478 12211 988 2885 2434 3940 8683 9906 2748 6364 5013 12270 5744 8331 4080 4688 5309 9060 314 9224 278 2709 6026 6907 4240 10906 10524 11749 2697 9872 12077 1667 12479 8421 12729 7052 9807 3964 7798 13515 517 10577 12097 6646 11225 11686 2516 7681 899 8546 4207 5355 5077 6671 309 10550 12370 3937 5044 12701 4282 5666 1624 5740 455 2303 2738 3915 6972 10567 5992 9279 83 4687 11527 1126 4341 8727 12043 1857 6457 578 3129 5593 11312 220 10934 3110 3909 8444 12641 1413 2350 3227 12570 
9047 13183 13275 
9121 12181 
9124 
1008 9314 
4021 5179 7013 10783 3353 5560 5911 7107 8077 2621 5879 5074 11998 6098 12307 4310 11631 191 5379 1167 9382 9508 12572 987 11547 9084 10038 1982 9770 3225 8436 4401 5358 4176 6277 690 4613 1969 6380 7399 8291 12288 7779 10147 3440 5185 5008 5926 6161 7041 4231 6531 1417 8734 10122 2072 8566 4978 9824 12602 9962 11126 647 9944 4491 8063 1975 6438 8114 3449 9414 1504 11477 2033 11922 12748 6606 6625 11332 3355 4670 3867 3983 1615 7359 4665 11940 1406 6427 6258 8782 10748 810 3294 408 3569 6838 12381 1079 8208 2442 12672 4591 5361 1616 8158 2585 9505 5366 6281 9095 12000 1832 3463 4848 10118 11151 8150 10770 7611 9153 11900 12231 3659 12533 2588 5521 337 1547 6765 622 9281 9905 9978 3496 8402 8297 9252 951 8784 9338 5110 9481 9867 10385 2925 3896 4483 10231 11440 7251 11567 5067 12412 2473 7134 4457 8493 9222 4816 6767 8441 1225 9888 5380 9099 12132 695 10373 401 2647 3595 7037 107 433 1942 5209 3951 5117 8407 1150 8889 1889 11144 3324 6713 6675 12820 10622 11390 6548 7048 12805 3551 10678 3828 4913 3010 3884 6250 8130 9240 3209 8616 10065 11743 12106 12198 3897 7211 125 6643 3656 11529 773 2615 5880 3844 6892 4976 6243 9881 11611 691 3070 3685 5710 10091 11584 11691 198 4053 4940 9248 10558 10650 4158 4438 1043 1577 10963 1324 5477 316 4256 6007 3362 8719 10006 12604 1349 4252 7313 9417 10018 11086 7225 12219 4258 12675 3710 5143 4148 8580 3330 6165 3532 6476 6544 11727 1366 11804 7587 10870 11821 2824 12697 5581 7984 8439 10840 1771 7597 9174 2254 3274 7633 7915 5975 10857 12225 12581 4949 7102 12496 8173 9276 900 12812 2733 3968 10641 3593 6462 383 3885 6678 7267 3707 9100 11867 8152 11634 12186 9375 12750 303 9885 2881 8584 259 535 6554 4921 5987 2772 11568 5226 10170 727 6928 1193 11329 369 4337 7791 9567 2644 5801 5293 8543 2351 3536 3626 7946 8938 12776 3694 8620 8991 5059 11789 483 3987 1229 9523 1822 11209 8420 8943 789 1533 7331 2419 4124 2137 4262 188 4533 2176 4609 8123 5101 11414 262 9308 3576 8430 10047 1913 11028 3163 11881 1691 3976 1876 2391 12743 7158 7708 2182 11373 2840 10136 3136 8667 12062 4168 10381 5523 9016 9419 10162 503 6672 8066 10282 4340 12402 2995 9053 6528 6641 6977 8455 8020 9652 5888 9474 963 7746 1136 8517 540 3247 8873 9998 9927 12095 8448 12301 276 2121 2555 2716 8058 1305 11379 12140 1433 5931 3948 8951 10024 11638 6065 8115 7139 10053 1328 10575 11217 12040 8092 12209 12632 8785 11278 10507 11754 11362 12235 1726 5883 9676 12783 4730 12806 
9439 
3107 9563 13260 13408 
3044 3056 8099 8266 3370 4953 6236 6124 8942 425 1716 3903 7066 9185 3860 8729 8419 9001 740 7300 1200 4192 4615 6207 3969 11842 494 825 2827 11273 23 4759 5384 10862 7672 8668 12985 2110 2640 6361 721 8410 269 11608 399 6673 1591 4206 9863 643 10981 12466 1490 3865 10459 12045 6018 11201 3678 11187 389 10645 1317 4581 8557 9645 1540 9454 3053 3644 9244 12942 3085 4265 6937 11651 1764 7171 4477 11546 1285 8898 10321 718 2205 12264 2970 5037 12350 5737 12484 6001 10352 1946 8887 6041 6388 973 7175 4500 8860 1744 5244 166 1595 6902 10546 4366 8475 9894 3210 6280 7801 12761 1489 8552 12558 2850 5474 5294 7354 3748 4696 9789 280 11047 427 2067 5233 2208 5586 10790 768 1201 9688 3360 8849 10185 11080 12411 9315 11079 11524 1107 10683 8386 10826 12170 5034 5527 6919 11709 7917 12012 1371 7389 7053 7197 8357 8382 4014 9868 7416 7522 300 1414 6057 7507 1880 2297 10648 10966 12404 2035 11018 12639 5789 11491 2481 9674 2280 3695 1166 1657 4185 8095 5617 8631 6471 9914 1934 7568 10346 1980 7364 8504 10021 2637 3848 9156 8093 10267 255 7196 10912 5090 7788 12042 496 8188 7827 8664 3839 9723 230 3638 11871 5542 9692 5622 7724 8303 3648 9975 2191 11982 305 8190 11085 563 1656 1816 7819 6446 9135 1334 8045 8608 11973 2521 9467 921 2756 3478 4958 11492 1097 2381 1563 2068 5288 7565 7595 5238 8559 4003 6618 7253 216 10807 2198 2324 3970 7153 5973 8344 2984 6696 6808 4668 6576 7344 7838 349 2206 6104 9603 585 9853 4064 10485 618 3343 10722 12636 539 6509 1444 2362 1745 2244 665 4220 2114 12780 1752 2294 2907 3009 387 1248 1921 11515 
9755 10582 13066 
1049 4289 1811 6189 953 6500 1593 7299 7075 12431 2293 11063 7217 7986 3927 10307 11747 12543 3117 4588 1891 11305 4507 9172 7394 10093 3837 7874 1780 10848 4455 10589 10804 2587 9275 7745 10446 8535 12036 294 7843 4545 6477 12261 1374 12730 13543 8097 11488 1276 8464 2929 3276 3526 13356 3125 4740 10583 1062 4173 4733 5902 9391 10659 11033 12158 855 10246 1198 3000 6727 648 1932 1961 225 4728 4480 5078 400 7796 2495 8411 4991 6539 11017 10553 11212 1672 1807 7328 9088 10593 4228 11258 3405 7295 8709 11158 7717 10681 355 6555 12491 2085 6230 4750 8928 170 7271 1717 13547 4312 4452 6533 12949 12951 1133 13500 13561 5038 9797 61 10800 8834 9294 1897 8333 10865 1568 13351 4720 6870 8568 3218 8187 5681 8686 12078 13288 6740 8168 6872 9649 840 8577 3152 5417 5415 5802 9105 4319 11059 2054 11652 2658 2686 3040 7264 8980 9617 3427 8081 12398 4481 9087 9847 3430 10712 4285 7614 5810 10928 3224 12691 10123 10579 6971 10700 4089 8735 2604 9421 2235 7837 11403 564 7530 1638 4446 8034 5089 7875 
9858 13122 13135 
9938 12878 13487 
3331 3468 2211 7583 1544 8244 2433 10810 2783 6397 7629 11304 1233 12430 3450 3935 2302 5887 6422 12249 6108 11467 7975 12635 429 8837 9576 1033 3288 2935 5846 6636 1515 8671 2975 9086 1572 8035 1687 9138 2222 12113 3608 5120 4542 8486 11986 12443 7069 11392 11094 12590 2291 3062 5198 7023 8694 5709 8736 5377 5688 4079 4619 6988 10901 8772 11465 1006 2577 7628 6460 9517 6782 13072 3984 4561 9897 10333 11953 569 9263 6861 9798 1538 12472 3556 3990 7655 13406 6954 10960 12305 6458 12832 13472 3522 12647 2917 8606 3180 6609 243 2965 2041 5525 5576 1307 5049 5917 12278 6826 7922 10493 8033 8218 11032 1477 3240 1680 12515 3621 8255 3199 12866 13415 2479 11764 13133 795 8740 98 9365 6649 9013 5833 7901 9396 10763 13039 5855 9705 944 6286 6339 9300 4069 10908 2189 7961 2483 7509 9352 1552 5961 12631 12800 3222 10526 5252 5441 5511 7563 7985 8750 1819 12182 2994 7691 1576 3632 10694 970 5258 12724 6062 8824 9544 12191 915 3462 9064 6690 12197 1440 10249 9037 11701 11909 6402 9261 4317 9571 6511 6599 10362 5771 5974 1864 7247 5273 7906 33 1650 1479 4751 7064 11733 10572 12378 5118 6326 11166 6709 8142 1902 11685 759 2826 3098 5583 354 747 4489 9051 7149 12353 1290 11592 3215 9653 139 8392 9713 11838 12313 10720 12232 444 5381 2112 11795 3086 6967 11950 4208 6203 312 2636 9830 486 3994 11954 4605 5116 5649 9465 11873 6640 12803 3133 7931 4140 8646 9869 2617 6703 4269 8298 4988 11455 12738 1881 11530 5263 8933 4159 6821 12010 52 10425 382 11717 73 911 10861 6868 8997 10926 4493 8883 9680 10011 7695 11372 12321 6867 10602 1875 6194 8322 1134 10649 679 6217 1054 3668 4052 4505 2247 11899 4907 10027 9526 10202 10210 1571 4299 2930 8876 9411 2454 9161 12011 942 3083 8829 9857 10614 2601 11228 4597 7105 5031 6371 7294 10845 11810 641 1696 5935 11163 11781 877 3238 2042 5717 7793 749 1988 3339 7602 8013 9040 4930 4933 8819 10948 
375 939 1344 12470 5096 12120 5854 10043 13136 396 6180 9598 9621 11817 13070 1497 7786 12677 1622 12143 1907 2952 5853 4405 9848 1258 1730 2024 10075 1665 6292 13095 5136 7729 10538 8307 10398 646 7712 1718 7845 9871 12355 4354 5387 5990 8703 1065 9250 12797 6070 12274 7332 11707 12 12179 13467 546 8354 1163 1705 247 2241 2331 9761 5799 9966 5501 7562 9203 2368 10733 10970 3502 4268 1878 4957 524 8555 918 1972 7179 9234 8530 12188 1958 4373 2172 2950 5193 7315 4658 12497 4969 12154 2632 5642 8508 13131 
10395 13197 13380 
1486 11603 930 12256 500 6635 2761 10708 3438 3477 4462 4629 9259 12297 9964 11337 1947 4527 2319 4153 1364 2520 10478 4490 9799 2183 8724 4201 4343 7330 5503 9660 195 8104 7949 9667 6572 7369 4071 10871 1590 6797 1480 1698 8257 2619 7479 8630 2130 3025 5559 6023 2729 7393 2750 8274 10081 1380 3335 3684 6369 6399 4476 8148 9620 10806 5317 10040 6535 8184 7219 10889 6080 7322 2753 3651 7397 11766 12622 2109 3170 2968 3336 12583 3425 3629 11678 12144 3955 4664 8275 8334 282 418 6499 10576 1263 6924 2793 8315 2399 7334 12038 327 6612 884 9711 12450 744 5957 9044 12584 2592 11169 5172 9194 2370 9249 6563 10587 4582 9287 10794 958 7398 7436 11125 8542 11444 895 11111 4896 10248 11038 213 7606 780 1514 1570 1981 11869 8641 12290 146 2628 4163 6501 2932 5407 2609 11375 6224 6482 12064 12280 11666 11941 2463 8154 1618 7576 928 7866 1269 12057 463 11123 2359 5083 7806 10139 8015 8487 1679 10273 1733 6151 2574 10041 4444 4721 5196 2147 5393 7031 8492 10416 2548 11246 3771 5845 6429 5677 9499 843 10328 2557 3200 3459 864 2969 1183 7022 1786 8398 10370 1390 3236 2360 3559 11589 1310 1990 11152 3213 5369 5601 6118 6803 7274 7679 11391 21 5019 536 6647 10775 2869 10271 3658 10235 938 6311 635 3432 4624 8435 3692 8025 5934 10253 2673 12492 1050 7511 2627 12213 1053 10250 7068 11912 3096 9951 24 821 8974 603 6138 9619 1024 6819 2452 3653 8947 11699 2404 3448 6715 11614 1091 1709 10208 2307 2423 3187 6886 3153 3697 4387 1180 1685 6529 9107 5168 12744 2322 3443 4686 7527 5747 5889 1607 5414 11247 3399 4601 3956 7498 6996 10262 3959 5538 5476 10419 8018 8157 9557 2822 9292 5248 11745 2809 4278 5892 7129 6084 6645 3490 5391 3456 4739 5449 11041 79 5207 508 7326 10497 12214 598 905 2417 7465 11183 2631 4893 10540 625 8982 1662 7301 1951 10010 5925 9219 4355 10732 8798 12119 6465 7203 10515 11262 1075 3734 2976 9991 3342 11786 5923 11328 3458 7519 12070 7189 12559 2289 8578 2071 3263 3735 4934 4266 12283 2855 11260 34 2784 6191 11996 11968 12352 2106 8110 1835 9041 1085 2268 9 3158 10153 1083 3521 7919 11579 12139 851 5098 6152 10154 10872 11333 475 9298 205 11613 10682 11825 1035 5487 5905 12345 12654 7212 9015 2814 8803 3280 8064 3014 11001 3446 11622 3266 6873 435 3790 3060 8613 10039 11451 4677 8610 5703 11633 4494 10784 1645 3299 1915 3436 11352 11585 935 11665 664 7876 7861 8192 4589 9509 4165 12618 1202 8995 4217 12377 5264 5941 2156 2517 9323 10125 12245 1625 6516 3900 7210 2954 5450 137 5028 7084 8299 7765 11887 5552 7952 8749 5753 9247 4638 6390 11220 110 7368 2736 5239 5211 8529 9986 124 7624 3511 11695 1069 5432 7123 10438 5436 7019 537 6004 11697 12129 12661 1516 3636 1850 3029 5481 5900 5466 9196 10661 1776 12528 
267 12660 2223 6884 7038 1255 1827 4716 7775 12625 2346 5932 2999 7749 4710 6920 245 2066 8118 5071 10704 128 1699 3717 3742 5632 12531 1459 7226 8987 11752 2675 5246 11335 1073 9093 3157 8515 790 7938 6123 9912 4770 6772 7228 8284 9127 2946 4488 3870 6357 11128 12733 1331 8388 5469 11836 5761 9604 480 610 10240 4009 4926 9498 4198 8599 1661 5398 4338 6494 989 7728 272 5308 9007 10586 1329 10234 994 10882 1569 7879 11447 12253 10743 12816 3547 12447 4264 5775 4922 10730 1836 2476 291 11421 3116 9303 10887 860 11951 5515 5646 8801 9029 12628 518 6597 595 7117 510 808 681 3706 1496 6564 11962 7521 7996 1072 9317 1842 4372 4236 6940 6294 10665 3216 10993 3886 10869 2689 5582 9955 12982 5967 7427 1560 9014 1562 13304 2188 6464 11571 1812 7643 437 11140 2758 9487 10465 11301 969 11339 4420 9790 2488 11470 2533 7288 6525 6628 2902 9940 11397 9370 10996 12953 35 11559 258 2045 7820 9477 12338 12689 4684 8600 9031 11692 9243 10684 9587 10828 29 1603 547 5399 6730 8079 9265 1273 6416 6906 8605 13311 8904 12934 194 2860 9628 12532 11117 11995 12480 332 6205 3479 4131 6451 9671 10945 12801 12510 13539 1051 4923 5292 10536 3785 13340 4496 5026 2616 9806 4857 5696 7690 8422 8223 9763 3178 11902 2831 11803 11948 13489 1551 11181 2762 2857 6474 12109 9581 11294 2340 12156 2919 3875 6391 5867 10511 10378 11544 847 9722 11967 7604 11647 9134 9880 782 1280 2695 4676 7007 7855 12172 1652 8073 8594 9342 7413 11072 161 8926 7895 9354 6049 10697 11522 6614 8903 2126 5462 7991 710 9012 2478 7339 6149 7814 4010 9599 1594 5614 12059 11338 12240 440 12072 3895 4250 7740 12029 7622 10030 815 7856 7363 9133 3128 7318 8626 7409 10179 11582 12223 1372 2218 393 9056 10452 
10510 12975 13107 
10574 12932 13185 
10768 12971 13378 
10780 
334 11266 2016 6048 632 11742 143 5303 3864 5455 28 9004 10061 3618 6063 7508 10895 9373 12423 1100 12031 495 1160 1695 4458 5243 8005 3301 6392 557 6958 1281 3046 2251 2439 3161 4048 9284 4084 4948 8164 11478 12637 1534 5032 6688 9890 7813 11681 7055 9059 531 4651 328 3272 1326 6876 10496 12765 3424 5082 3672 7886 11841 7750 12501 1750 11031 5451 8166 933 2486 1270 7900 9903 11816 1734 11378 4924 6532 93 8929 1003 6450 4808 4950 4245 5794 7943 9541 11146 12768 2569 6729 10723 7668 8780 11798 3973 5539 11342 12607 3030 5048 5591 7689 7948 10933 164 5793 378 1749 954 10842 519 6315 10837 3810 9151 2098 9997 3223 11426 534 8181 6133 8558 8377 10426 8060 8733 9837 11777 5598 8587 7491 9738 2807 11229 12419 2465 12189 5039 6095 5991 6313 1769 8306 4818 10731 5664 8711 338 4620 6343 2329 10746 4748 9506 738 3543 5041 9818 11240 3141 12705 6066 7243 3291 6466 7916 6693 10023 3498 12400 5433 12320 607 11518 5859 7040 1052 6927 13193 6114 13221 8112 13354 7692 11092 12433 12499 7580 10891 8203 9968 10430 12323 3309 9198 12023 12821 13044 912 10127 9743 9832 7174 8963 12901 575 8985 11883 5475 10866 13053 18 1284 2049 3072 5343 826 13433 6015 8720 10776 3894 7206 2317 2493 8434 8844 1648 10693 8705 8859 8848 8872 9048 12410 241 3584 12281 4540 9632 8262 9531 1089 3275 1862 10306 6748 9351 10696 11677 8916 10585 5422 8971 5187 8976 284 6994 8220 9520 771 4388 10186 6986 10521 1359 12366 4005 5627 8161 3261 6773 1488 12115 449 12017 2334 8682 10393 9891 12620 5438 9650 10035 5139 9646 12342 11091 12435 201 5401 3902 4356 9602 8403 10217 2043 6644 9150 7792 11407 3664 4552 10163 6999 11992 11744 12442 
11014 13338 13518 5619 13417 
11186 
11253 
11496 13299 13313 
11602 13125 13231 
11653 
11722 
626 8509 11358 3689 4881 3834 6437 12769 1103 4860 1376 4846 1424 2142 2554 6949 5274 7356 8835 9184 8700 11663 1031 2401 7001 8567 2505 4673 5541 2108 2880 6029 11936 2819 4506 5340 6456 6480 8565 2089 8167 4875 10674 6259 10799 12164 4653 11671 370 675 5050 548 7892 2532 3231 12599 9749 11279 12103 2985 3202 9441 1110 4553 5812 7676 7460 9072 4400 8243 6798 11583 3617 4783 10820 2414 8283 12190 2978 5725 5224 9766 9101 10278 1288 10531 8233 8789 1651 5181 2893 5529 1694 6074 2278 9893 1794 7558 3851 11711 4396 4942 88 1995 7581 9690 608 4367 8071 9271 12339 3302 5180 12379 12498 2535 12613 3121 9854 10542 11013 11425 4621 7241 7650 9211 10737 5492 5673 1191 3077 5444 2898 12779 7988 12052 204 6898 7816 7589 9846 1172 1434 7186 6158 7143 11774 1395 8433 5706 8851 2301 4492 6226 4026 4086 9268 219 6686 3705 4144 4679 6718 10823 7623 7989 3007 9199 10057 4318 6753 2166 3531 5524 12399 6473 7665 20 6955 11721 4191 11145 7080 10173 11694 12600 2760 10701 390 12308 6691 12536 5780 7306 7971 459 3442 6019 10191 2365 8712 12084 6093 7851 10022 4327 5080 406 5394 5954 12683 596 7349 41 7457 2111 11204 457 12354 3351 7337 10534 5150 12612 6600 10332 8075 12324 1725 4225 11218 1574 2655 5984 11930 11961 4297 7817 8242 1906 7854 800 7713 5609 12429 12462 1173 6879 9525 9085 11877 1106 12802 1703 8028 3221 6856 594 1707 6331 9834 11793 2059 4293 11303 9584 10247 5431 7043 11569 7167 10413 769 1501 4108 8642 2887 7570 3518 5637 12490 1241 12060 4179 8660 9760 1905 2723 4599 6944 8623 3667 7557 8319 3001 6179 214 451 3286 1837 7000 490 6382 7180 12693 3728 10256 4932 6496 7231 10523 1194 10571 8165 8871 10020 4303 7924 4935 5456 330 10855 5081 6851 7769 8011 10488 6634 12785 1470 12228 5773 8752 9309 4968 10213 4889 10736 1502 11401 1565 3733 6475 448 9704 3929 4092 5949 6734 8324 4693 6282 10467 1879 5733 997 12514 1859 9006 886 3313 1149 5151 1363 4126 6177 9327 661 2200 2117 8601 12649 1286 12002 1007 4777 4091 8044 2858 2864 2602 10263 852 9855 11848 3918 11452 3585 10073 6728 9067 7173 13358 888 12083 6398 8040 3982 11561 4227 13412 6053 8440 7812 9193 1929 2896 8908 5272 10239 2151 6580 11557 6037 8913 3452 8309 5164 13278 9658 13285 2460 13372 3882 4012 8024 13000 5290 10326 8718 10121 1420 9514 561 12984 4070 11673 8124 11739 1492 7485 7853 10064 10961 9049 10942 1971 3756 7405 8650 8950 926 12127 
76 1669 7438 2429 3411 4648 611 4368 2971 3566 8280 9225 4244 6304 2101 3354 3616 8888 11168 315 2558 392 1405 5707 6356 10853 2839 11947 1250 10110 2737 13207 2578 4028 11364 4083 13148 2848 6284 8927 6656 9495 4537 4917 10984 5311 5430 5528 5782 6590 13363 3198 12644 7298 9952 3533 12117 2825 5161 10106 4360 8967 9157 12524 13192 861 5742 1140 5075 2942 4636 8012 12977 13558 7741 11370 3491 12162 678 10487 1361 6137 7268 7452 2620 5222 3764 9178 2048 4313 5402 5160 10101 1261 1409 3052 5702 10971 6591 8638 10905 12471 844 3255 6827 2498 11616 669 4513 5841 1536 6021 1546 1739 8409 11617 6075 7073 5620 7731 11574 11794 2801 7960 4046 5495 7400 12674 6909 9507 12963 1993 4997 4042 11960 10387 11979 8497 13151 9850 9922 8725 10554 4804 7683 4288 6710 9904 367 4242 4433 7732 819 1589 5621 5885 6210 9757 4694 10335 11322 2051 3978 1678 3181 12102 5489 11606 1962 8562 4036 5700 7379 6553 7733 9447 10443 5819 10565 11122 6200 8314 8906 12032 395 3759 9476 8574 10803 11157 2256 6287 2406 7764 235 3257 4691 4043 11683 1742 4499 5750 12317 8414 11272 189 10773 10792 7517 7738 1115 1304 8446 11219 356 8479 414 9860 10902 7201 11807 2354 2669 2746 6060 3340 10788 630 10833 9018 11087 2727 4675 11591 6245 9341 11416 4472 6585 1706 12259 242 11801 149 3639 6806 5600 8674 4095 7484 2665 8235 6329 13477 756 9054 2796 10071 2012 5033 10787 1457 2856 9823 11778 12137 1306 7466 3106 5660 11055 6073 12598 501 1350 1774 11601 2553 7684 12365 1186 12549 3989 6092 10084 12807 3671 5994 10581 1391 2274 7849 1162 10161 513 11185 2912 11840 12766 7090 7462 12177 13522 4956 13019 3993 5375 7645 13556 5640 6845 5370 6859 8406 11251 12150 13108 13182 8825 13004 4276 4715 6989 12414 10301 13322 5265 10884 3942 9623 296 7262 12185 7657 9732 6378 9158 2148 7049 974 3528 4304 6091 817 12149 10414 12439 2356 5587 743 12696 3917 13003 764 12727 2594 6303 3874 12981 9739 9817 3196 10280 11205 101 12019 2227 6265 7033 7957 186 4332 9920 11178 
11879 
11921 
11934 
12044 
12299 
12351 13043 13130 
12375 
2300 6154 6185 7039 9779 6982 8778 9336 1014 9269 9485 12523 3483 8378 4849 10099 7092 10529 10489 12458 373 2310 10279 991 3099 7309 11288 1659 6878 4370 4870 5651 9781 6256 12199 6492 11026 6653 8759 9462 1690 8528 3258 10088 4060 8505 2795 8845 4630 7868 7014 9482 4822 11931 6327 8087 12126 7127 7366 8770 11501 5323 5875 8305 9312 796 9179 4678 8716 3754 9483 514 1010 2747 4259 4766 1877 3398 6300 9754 9512 12503 6109 8356 9299 10909 11243 3815 4760 6239 9736 7725 12015 12141 6781 9166 8401 8954 7181 11363 1015 11211 4359 9152 11067 6900 12357 454 2991 5388 1293 12166 6166 9882 846 10026 11443 1967 9529 3883 12178 10702 11575 3065 6266 6385 12175 9889 10513 11834 12544 2023 4911 3786 8548 10892 11612 1215 2092 2770 3235 8292 12360 12416 3683 7700 4170 6167 9555 979 2870 6054 6885 8369 16 7762 2226 4626 9444 10980 2461 3904 5147 5767 542 8442 5442 7979 7151 7280 5307 7661 7499 11349 12483 178 9887 10201 1449 4845 3592 3782 4415 5663 11037 4394 5969 7028 11118 5839 8224 10090 6552 9612 9883 120 11874 8329 12448 6596 9930 5788 12260 4741 6619 6102 9201 11587 12021 11002 12740 168 6542 897 6592 1506 7671 1630 3797 231 4437 5304 11285 6721 12702 2540 8141 4844 8343 10852 11500 11509 11636 3804 5094 8412 1338 7348 233 359 4775 7419 8042 8917 2220 9398 9452 7811 11833 10269 10935 12670 6384 11410 2711 5831 7098 9026 5756 11785 617 10890 1068 1155 12428 
12542 12861 13513 
12554 13099 13480 
12568 12965 7863 13277 13508 
13 4827 4647 6959 1976 7582 11103 3624 5699 7751 4321 12053 4182 4882 4989 12438 10356 10878 6904 10913 12629 887 11462 858 2728 3507 11728 628 11045 1979 7128 8336 2470 6684 10265 12535 2523 7531 7245 10094 1268 9549 2525 3211 522 8059 173 9784 3590 12577 2715 2751 2659 7275 8658 1623 5901 7612 10177 9591 12710 2366 9415 2622 7360 8702 1598 10552 4570 5156 4961 9301 2431 8739 9710 157 6621 386 751 12392 2934 11790 4393 12118 8514 11097 1208 6790 7488 12714 6341 6796 11590 12621 11564 12071 1267 9055 3075 8925 3570 6522 3160 6816 8443 2682 9795 2425 3878 2901 6995 4096 6520 10132 652 2707 1265 11588 12603 6020 11824 4962 8129 297 850 1184 8751 6441 7652 4873 7648 10695 6692 9475 7423 8949 11330 12306 4522 5697 10953 4706 12538 8794 8924 10623 10559 12796 8878 10686 833 12704 319 9521 4145 8738 4862 6561 1081 10766 1826 4994 7620 10266 2765 9425 11413 4535 11049 12329 4104 5359 5842 9543 1952 4211 4603 3688 7392 2690 7959 1513 6883 9579 11134 837 3094 2239 4937 7444 1537 1740 1240 7869 9205 2666 6974 3866 6922 4901 5385 2312 8847 559 4590 307 10000 57 10146 3036 6216 11250 4954 7454 324 9943 5575 7319 11025 7556 9670 1923 4300 7138 10230 10886 12204 348 3131 4713 8787 5956 6085 10502 5626 8932 5897 9217 6679 11872 11318 11565 3363 5410 10092 4650 9328 10964 1108 2852 1377 6228 2571 10049 1012 12512 838 3175 4564 12114 2347 7046 8294 12711 2490 11417 6038 8723 4843 12459 7951 12258 3807 11399 54 9921 2379 2828 4407 5353 3317 10114 9206 11658 1677 9689 1353 7402 9420 2469 5051 25 3845 5864 11070 862 6966 7512 11170 719 4912 11889 12176 4408 11815 12146 3193 11713 1152 12651 
12794 
12822 
11510 12823 13503 
12826 
12828 
12830 
12831 
6212 12834 12910 409 13181 
7490 12839 13195 
12842 
12843 
12844 
12845 
12846 
12847 
12848 
12850 
12852 
12855 
12859 
12863 
12864 
12869 
12870 
2630 12865 12556 12871 13226 
12872 
12873 
12874 
12876 
12880 
12881 
5063 12882 13293 
12885 
12888 
12889 
12892 
12894 
12895 
12897 
1264 12899 13516 
12900 
12902 
12904 
12905 
12906 
12907 
3565 12909 12979 
12911 
12912 
12913 
12914 
12918 
12919 
12920 
12921 
12922 
12924 
12925 
12926 
12927 
12929 
374 12931 12978 
7642 12933 13507 
12935 
12938 
12939 
12940 
12941 
12945 
12946 
12947 
5977 12948 13426 
12950 
12952 
12956 
12959 
12961 
12964 
12967 
12972 
12974 
12976 
12980 
12986 
12988 
12989 
12990 
12992 
12993 
12994 
12996 
13001 
13005 
13006 
13007 
13010 
13011 
13012 
13016 
13017 
13025 
13026 
13029 
13033 
13035 
13036 
4077 12827 11459 13037 13321 
13041 
13045 
13046 
13049 
5277 13052 13220 
4239 13055 13335 
13059 
13060 
13061 
13062 
13064 
1974 13065 13223 
13068 
13069 
2177 13071 13168 
13073 
13074 
13075 
6916 13077 13519 
13079 
13080 
521 13081 6097 13187 
13082 
13084 
13085 
13090 
13094 
13096 
13098 
13102 
13103 
8615 13105 13238 
13109 
13113 
13117 
13120 
13121 
13124 
13128 
13137 
13138 
2876 13140 13249 
13142 
13144 
13145 
13149 
13152 
13153 
13155 
13156 
13157 
13158 
13160 
13162 
13165 
13167 
13169 
12135 12966 13028 8136 13171 
13172 
13173 
13175 
13176 
13177 
13178 
13184 
13188 
13190 
2443 13191 13401 
13194 
13200 
13202 
13203 
13204 
13205 
13208 
13209 
13214 
6410 13216 
13217 
13224 
13229 
13233 
13234 
13237 
13240 
13241 
13243 
13247 
13248 
13250 
13252 
5483 13254 13319 
13255 
13256 
13257 
3766 13258 13470 
13259 
13262 
13268 
13269 
13271 
13272 
13273 
13279 
13280 
13282 
13292 
13295 
13296 
13297 
13298 
13300 
13302 
13305 
13306 
13307 
13308 
13309 
13315 
13316 
13317 
13318 
13320 
13323 
13328 
13330 
13331 
13332 
7673 13334 13523 
13339 
13341 
13342 
13346 
13348 
13349 
13350 
13355 
13359 
13360 
4150 13409 3757 13352 1 807 12969 9700 13541 179 13115 8633 13365 
13366 
13367 
13370 
13371 
13373 
10968 13514 10958 13375 9002 13502 
11888 13377 13551 
13381 
13382 
13384 
13385 
13386 
13387 
13388 
13391 
13396 
13397 
10327 13403 13554 439 13431 
13404 
13405 
13410 
13411 
13418 
13419 
13422 
7773 13414 705 13393 13424 
13425 
13427 
13428 
13432 
13435 
13436 
13437 
13438 
13440 
13442 
13445 
13447 
13449 
10055 13450 
13451 
13456 
13457 
13458 
13460 
13462 
13464 
13465 
13466 
13468 
13469 
876 13097 6786 13471 13501 
2590 11143 5952 13270 13345 3816 13022 7166 12858 11659 11684 12916 13529 11933 13083 9137 13475 
13476 
13478 
13482 
13483 
13484 
13485 
13486 
13488 
13491 
13493 
13494 
13495 
13498 
13499 
13504 
13505 
13509 
13517 
13524 
13525 
13527 
13528 
13531 
13533 
13536 
13538 
13540 
13542 
13544 
13545 
13548 
13549 
13553 
13557 
13559 
13560 
13562 
