0 
29 
85 
131 12854 13210 
178 8329 7171 11874 120 12448 1200 2461 5442 7979 4192 11842 740 2907 3904 7280 5307 7661 11002 11037 5969 9887 5788 6596 6239 9930 3370 6236 4845 6552 1716 6124 3257 8099 9860 9883 9612 10201 11085 12341 5938 6551 2198 3970 7819 11973 2324 8901 5758 12018 6216 7973 1816 8045 305 11349 1921 7224 5238 7595 11515 665 3903 7300 2879 9185 617 11410 1518 6261 3883 6384 10890 11834 3065 12178 3206 11980 5500 6046 6583 7824 6335 6815 8190 9889 11254 11587 10319 11369 10930 12030 5368 11545 10758 12193 3862 10461 4741 7347 6301 8253 7028 7151 7499 12483 542 1334 3135 4802 10689 58 1724 5843 8501 5527 11833 1068 1155 1564 7098 12634 359 7419 9452 233 5756 9026 1099 2875 5182 5347 7029 387 4615 539 1248 1444 2280 2294 8442 3009 3695 1752 6207 9135 12780 2771 7253 10842 8559 12636 1656 8608 7917 9603 12012 6385 12260 3782 7725 12015 563 12428 6102 9201 12021 10513 11118 51 6446 3910 8864 954 4298 10000 10722 102 11595 158 4607 831 4004 9466 9981 725 12008 1791 8723 2490 11417 838 5066 1012 4843 12459 6038 9008 2690 7959 7428 12169 57 10146 559 9328 3175 4590 3036 12512 307 6576 6696 7344 4611 5793 164 7838 2316 11317 8463 10005 11533 6883 11134 618 2984 6104 3032 4241 2900 6852 9570 4064 7153 7204 10485 5598 8587 6755 7491 8377 9738 10426 1749 11325 921 2756 9467 1210 4174 4803 4668 6808 1081 5171 7138 10266 4650 7620 319 837 11943 1826 4994 2425 3878 4535 4145 10766 5359 6664 5842 9543 1439 10060 1740 11049 12329 2682 10212 2765 11413 4211 9359 1240 9205 8488 11493 5410 5897 9921 10230 10886 1164 2347 10953 4522 5697 2239 3094 4603 11599 5385 11921 1537 7869 8527 4937 10092 1108 7420 1952 7444 604 12567 2114 2596 371 7392 8969 10858 4862 9521 5791 6517 7468 6561 11057 1220 8327 8738 3599 11769 4104 9220 3688 10911 1513 4905 7839 5313 9579 3514 7324 10137 12051 10894 11431 
183 4164 3374 5526 11983 683 8753 2936 3856 4100 10985 588 7118 13343 3921 13129 13147 4567 9073 8137 8186 6472 13111 13274 4622 9239 13448 1821 3527 4835 6594 10421 959 6195 5003 8359 4363 11203 11223 1430 9586 9434 12334 4734 9590 7372 9124 9972 1056 12597 36 12009 2357 6306 10059 12437 641 4140 942 9869 12044 1406 1875 6427 7359 11717 382 7931 2645 5827 981 3133 6258 10748 1849 11475 8782 10509 8829 12011 9161 10210 816 12738 1556 12760 4992 11503 3512 7523 12566 6192 9360 6404 7256 927 1203 7605 7500 11890 1881 11530 5999 7510 4159 6862 10815 8933 12010 763 5263 4269 8298 12321 6101 11689 52 5995 10425 2560 2617 640 6011 12183 1505 3167 1615 12441 5282 11940 440 3103 5964 1059 3895 7482 12029 4665 9266 2964 2997 5439 12285 7375 9416 3690 9526 2033 11922 1079 8208 11332 12748 4491 9944 11477 4280 5162 10843 3983 5395 647 9532 711 12201 3331 10649 12430 911 1479 6868 1572 3468 3677 4246 11054 2442 12672 2601 2995 6838 2930 11228 11531 6977 9053 9652 6528 6641 8020 7524 7583 11173 2211 8876 5868 7616 8526 9965 10034 3451 9411 4597 10614 4299 9857 10610 4493 9680 11810 7105 8997 10011 8883 10926 80 1176 733 2382 5907 6783 9401 3809 9463 11386 1845 2447 1465 7133 9422 11309 46 3598 11781 583 2212 8962 10284 11004 11313 679 7294 1544 4505 4035 4052 1571 3083 1054 2454 1696 5935 5647 6659 2302 10810 2433 8244 8069 8537 3450 3935 5887 3668 12635 2994 3086 11226 970 3632 7691 9263 6344 10652 3143 9261 1038 8802 11932 4561 12853 1181 10635 7260 11302 2921 5065 11845 2570 3601 3487 8438 8748 4988 5258 5946 11799 6227 11427 3495 4295 312 7422 9412 569 6861 2236 4914 10713 4702 6626 12943 2722 13021 7091 10960 11191 6954 7429 10584 3709 8503 3268 6800 6640 12803 3389 3635 980 7942 9320 593 6967 11950 4208 4605 5031 5116 5649 6203 10845 6371 6507 4719 8816 12298 5165 7297 6506 8767 283 3252 9339 5176 6431 140 6568 2412 10243 6711 7585 5287 6975 9057 10339 2740 7104 3484 11066 2636 3994 9830 9465 11873 4559 6406 4944 8760 7718 10568 4709 10318 6458 12832 4983 13472 689 5959 1763 11408 5030 5653 10070 11058 3269 9712 13063 1576 6062 5502 5507 7961 5688 12232 9138 10694 444 2189 2112 5846 2483 11954 486 2544 2783 9352 944 11795 1033 1687 9576 3556 10333 11953 3984 8142 9571 526 8823 10986 3522 12647 6270 11886 6694 12313 7907 10566 8855 12305 1538 6782 3215 6460 5381 11592 9653 11838 2917 6609 3180 7655 8824 9798 9897 12472 3990 13406 1650 7064 383 5511 8750 8455 12800 759 3098 5583 5974 6326 12378 1134 6194 4751 8322 33 10572 3376 8604 5472 9731 4812 6709 6703 11323 11455 6867 10602 10402 11372 1819 3222 12182 5886 6186 7972 12521 73 10861 5118 7906 11166 1902 11685 2194 12284 5757 11598 6744 7518 4154 5412 6155 9504 7763 11428 11878 243 354 2826 6402 12197 6988 10901 13072 3784 5709 8736 4489 9051 11094 11392 2832 7002 9154 2290 5213 915 9064 9396 1116 10017 1169 3462 6690 244 6197 426 11385 620 4348 11870 5256 9536 10232 13091 13530 3914 11222 747 7149 2041 6511 9544 7563 7985 5252 5441 5771 11867 2222 9100 1894 1975 6323 4781 7244 549 10369 2835 6704 4287 8856 9037 11909 6193 6599 12191 10249 10362 11701 5001 7425 1440 3954 8416 8592 10498 4317 5273 11733 12631 1515 5961 1552 1864 7247 8671 10720 
250 
374 12931 12978 
394 
404 13413 
503 
518 
580 11469 2678 11174 2882 7162 4842 11550 7403 8793 10643 11597 865 2031 1138 3322 5517 9164 4345 8105 11972 4996 5670 925 9332 1064 2915 4130 7999 1474 2519 4861 11815 311 7709 7163 8468 8884 1018 8821 11170 7106 9386 4408 12146 573 1292 7113 5097 10647 3646 5676 7246 8882 862 9639 6367 6966 1633 6888 4344 11577 1026 1653 2663 4727 8502 491 5283 4784 6208 6685 9771 1429 1543 1370 1377 3346 976 10598 3337 6035 7974 3365 7045 6980 9350 7694 9785 7395 11268 92 1137 12375 7822 12028 30 428 472 12328 3245 9573 592 8939 4887 11106 5781 9501 4358 11161 5251 11802 4059 9610 7044 10721 6373 7190 509 11239 3931 8215 2038 9803 12679 4001 8185 10341 2600 11958 1399 8264 5520 9670 4465 8910 1529 4738 5327 324 2078 7454 7556 9943 12246 1104 1728 7185 1117 10464 363 4692 4722 5115 11770 9034 11418 7276 10976 3437 6233 9553 4291 7157 7194 8141 11027 2711 5831 983 5190 7094 7070 11163 1152 10224 5253 11070 2338 11250 2502 9601 1526 7715 2158 12408 4954 9384 5748 9537 945 7811 1473 11084 9898 11400 553 11188 1415 11985 9442 10450 1828 5240 7077 1358 7512 2717 10492 6784 9606 4384 8762 1933 11875 2829 10476 8512 10946 11970 13030 1483 12069 11132 12615 112 5461 290 7008 9136 10383 2134 5262 6607 8132 13008 7770 8673 2210 4432 7373 3168 4778 10119 13446 1602 3571 6657 11949 7026 12104 961 5891 6828 5716 10436 4585 11863 6169 8391 560 7560 1912 2974 8628 7520 11630 6526 11404 7015 7659 2834 7666 6614 9935 3093 10805 1926 8757 4098 7478 9293 12792 1141 1814 1948 8237 9210 11393 421 3791 10604 12815 1641 4703 1682 6556 10793 2372 3991 1808 3409 11472 1168 9177 5514 5849 11171 11230 1337 2528 10044 5428 5429 4335 12142 6314 7637 4886 8621 4188 4577 6990 11107 12534 2135 6190 226 3760 9672 4016 9277 141 7617 1983 2128 1243 3059 6698 12332 7448 10218 6263 9917 1066 12751 7501 8074 8629 12396 1303 1368 7009 5046 5871 2416 3151 1421 3444 3619 1792 4099 3298 12346 1037 1234 8708 11928 4473 5730 7871 9032 11177 6086 9070 3422 5275 7598 3375 7461 4076 9709 7993 10391 5212 10863 12767 9202 9392 1871 8842 813 7998 7257 9374 4410 6231 4819 9197 2262 9995 11969 7503 12835 13245 7860 8940 3150 12242 4762 8265 11773 12314 40 3246 10739 6667 10706 8588 8609 5159 12309 12475 12799 3966 8171 7417 7475 5291 9643 6633 6970 10048 11180 12627 1227 4103 12302 13236 5228 8661 7850 11095 12898 13510 3226 8698 6251 7062 11775 1076 2649 6651 7810 11578 336 8953 2962 10617 11526 1820 3088 4218 8111 62 3407 2014 8316 3472 5996 1911 4965 9404 6866 8051 11412 1087 2199 9663 1800 11516 2457 5916 4464 9558 3686 12529 4641 6198 512 11680 7237 8922 468 4190 7956 3344 10357 6013 9081 6408 12692 1373 7125 4839 7296 2255 9564 462 9492 7653 9919 2261 7487 8053 5553 6510 11184 8959 12753 10449 11831 2006 5765 11351 2572 11532 13042 8290 10856 10573 10670 
465 12130 13329 1352 6027 610 10536 9628 12112 12532 3785 5292 13340 3279 4512 12685 4571 10859 6906 8605 1273 13311 2860 9604 11117 11995 3116 9265 8079 11421 2143 8458 4710 7749 6772 7038 10052 7228 8388 595 6884 2188 2758 267 4770 10013 5399 7722 547 6730 12733 510 6564 11571 1496 10887 11951 910 10240 7521 7996 8987 11752 364 6428 1699 3739 245 1360 11121 5186 8459 4418 11538 11731 12720 5618 5942 4281 10830 1510 10354 3843 5641 2646 4374 10704 12253 5071 8118 2321 5932 6123 6920 8394 12660 128 10730 3742 9007 12531 2675 4205 5246 11335 5967 12587 681 808 3886 1051 4923 480 1562 13304 1560 9014 3178 5582 11962 9581 11294 6464 7690 10607 11948 1187 12445 2580 5100 11140 11918 4941 10408 3906 5540 8202 7307 9364 7682 11471 272 3717 5308 10234 5646 12059 5614 12240 989 9303 860 6391 3875 8801 8599 9498 291 5515 1331 6597 7117 437 11301 333 7427 4131 7643 8515 9912 7938 9487 11836 5469 9127 997 12514 1812 5971 3420 3673 3479 6205 4968 10736 790 9006 9093 9327 1565 9309 10213 12228 2223 6451 332 8752 10945 9671 10465 6416 12801 1470 8904 12934 12510 13539 1464 10537 4987 9190 6960 10626 12998 2689 8422 4857 5696 11181 11902 10996 11559 8263 11803 12109 2831 7144 13520 1582 7727 11224 4286 13489 1420 3929 5949 10121 3585 4092 7769 10488 1703 5081 8028 6634 7812 8011 12785 1707 12052 1837 12802 5984 6856 3221 6331 8913 2221 9827 9958 8686 8834 3882 9514 6475 8024 13000 3918 10073 7173 13358 4327 4966 852 11452 4012 4070 5290 11673 330 10326 4126 12084 1363 6177 7000 7816 3442 5706 7988 4396 11848 204 7851 6282 8324 6898 8851 5733 7589 9846 10467 4942 9101 12379 88 9690 594 3518 4293 11774 2946 4889 2999 4488 4716 1172 9834 12127 7186 10022 1255 8950 1492 2066 1194 7143 1395 8433 6158 9584 5394 8789 1859 7853 2055 7485 11521 1637 2858 2914 7775 8570 4935 6357 7924 2365 5080 406 5954 3121 8712 12683 8871 11013 11425 10020 10571 6093 10855 626 3870 7086 5673 11358 12625 2142 2554 3689 4881 3834 7356 886 4303 3313 7405 1073 11128 3157 8284 1827 5779 8509 926 8650 2723 12769 5558 6437 4599 9760 2193 3217 1241 9049 12060 2953 4179 8660 6944 7284 3756 8165 10064 10942 10961 7911 8212 8302 8319 
922 
152 9936 4073 5874 4454 10394 5284 8067 32 1494 11235 2131 2693 3004 10860 162 11381 5939 11436 752 9945 3691 4428 639 8050 1002 11214 4223 7176 2402 4186 9082 6677 9953 8519 11618 5349 8461 10066 6449 7880 2196 6795 2575 4729 2046 5409 615 9600 7752 10677 7121 8373 8695 12356 4440 5876 818 2892 12046 1295 10658 4199 6541 7404 11256 1567 5982 4404 11331 1841 5348 2668 5797 10922 5555 11894 4056 7353 8232 9616 731 3753 301 2107 9775 1478 7541 8153 8249 9851 5471 9939 419 11908 544 7357 793 2821 89 801 6442 6804 4754 11208 4160 5685 6559 8145 113 10236 5816 7208 12877 9614 10757 13015 221 1621 2058 2945 3650 7470 12226 3932 10932 2539 8254 6459 8861 5808 8170 5093 6077 11648 11897 1321 10789 2364 2960 6455 6352 10190 2660 5745 5530 9098 3665 6206 268 7248 672 845 8550 9358 1410 10555 5470 9302 9490 12539 1831 8822 2257 11148 11155 12860 153 2492 3396 5072 9362 2514 11642 4411 12151 2271 3154 10595 12374 1022 8523 6240 6791 6682 13443 1917 1935 2951 13222 13452 5426 8500 3264 4980 10054 10483 11808 3888 3924 4136 8656 12908 2988 10219 
1153 
1160 
1197 13018 13242 
1215 
1233 7509 
1264 12899 13516 
1286 
1361 4036 6137 5700 10905 3432 11416 6591 10971 5430 12766 5311 6656 1250 4028 5819 12674 2578 11122 11364 1409 1962 4694 9447 2406 11322 611 4648 10565 10773 10792 2669 2848 3052 5528 5782 13363 6284 8927 6590 10110 1261 9495 2737 13207 4537 4917 6909 12963 8562 10984 235 2640 2110 2256 844 4513 6210 4691 6553 7201 9757 10335 5841 11186 1514 5957 5885 9044 744 11678 1291 11840 2912 4360 3533 12117 1449 4394 5384 8574 9476 2620 5222 7268 7452 3764 9178 367 4433 7298 9952 1993 10387 819 5621 1589 7732 1536 10443 8967 11979 3198 12644 4997 12524 9157 13192 392 1405 8435 1678 10853 4841 5317 4925 6535 10346 7738 11947 1391 5994 4083 7849 13148 395 6200 513 11185 2274 8906 3759 11617 8314 12032 6021 7733 8409 5620 7731 11574 11794 1140 5075 3671 10581 1162 6845 10161 1774 11601 6092 12549 960 9058 7844 9096 5955 10107 10545 2153 4717 2230 10206 11898 12513 4390 10947 9330 10112 3369 10653 5184 5645 2429 3411 2971 3566 7379 8747 9103 1784 6747 857 7716 2839 7517 12317 7764 11453 1549 2093 8280 9225 76 1669 4947 7438 9345 6948 12788 1704 2388 11942 4756 9480 6754 10755 2333 4046 9507 7182 8268 6055 13390 1462 2966 2389 9257 6222 9486 14 9393 13161 3524 9361 3836 7213 7739 736 7345 4024 12741 4209 6322 3267 11120 7721 9777 9800 156 3803 2349 10311 4731 5247 4068 4194 9562 5531 10222 12273 12856 
1504 
1594 
1647 13100 7651 13076 13276 
1671 
1683 13287 13526 
827 6340 1608 6401 9186 9406 9669 3581 12657 995 2808 9010 9970 1815 10957 7005 8032 6780 8534 91 9722 7728 10109 12628 5015 8549 12061 3802 4796 10867 47 7310 368 9390 10233 5365 11326 12793 1603 3145 7787 1690 6117 4420 9790 1858 6182 2231 3730 11668 12208 2409 7997 7950 9554 1541 5806 7883 10973 11432 2126 10684 10828 2895 12343 5534 9243 11967 2499 4436 9664 5267 5585 7054 11008 5462 11339 7803 11989 713 8505 3911 8528 2218 4250 9977 3761 5610 710 7991 847 11544 815 10030 1372 7622 5867 10511 1336 9029 3128 7318 1218 5047 743 12696 10612 10920 2408 9024 12180 8207 10910 11624 3775 11110 1077 12488 1135 1432 2083 4002 4334 1918 8770 9366 4007 10672 9061 10447 187 10854 4081 9774 2522 12565 2920 3481 6809 10304 10978 11988 12709 2275 3037 3762 9043 4874 7903 920 3824 5336 6929 6963 5452 11348 161 8926 9056 12072 273 874 2313 5241 7303 9296 8571 12265 3680 7575 3946 4169 2247 8646 10310 4364 10798 11343 8937 10974 7227 10697 11522 6821 7855 3827 11484 1652 8073 9342 6049 8594 10452 11647 4737 12172 7413 11072 7895 9354 393 11338 4010 9599 7409 11582 12223 712 6901 1452 8070 1964 8626 9335 11704 4826 9036 10342 10646 4699 6588 9077 10725 1280 3736 4676 7007 4652 7604 6433 9134 10479 12333 2238 11420 6768 8786 3642 12187 2749 4460 4470 7987 8477 10228 4883 5208 7004 7601 7238 9139 2154 5230 8113 9792 471 8213 10325 12255 2432 6395 4325 10299 11765 
1923 
1974 13065 13223 
1986 
2003 7278 
2040 
1563 2068 
2233 
2282 13201 
2443 13191 13401 
337 7313 10275 2434 8938 11789 4080 12219 1547 6799 9905 5324 6765 5125 5966 3725 6214 4855 5978 11691 5110 9481 10385 4053 11584 66 6593 6165 9634 1882 8742 2013 3572 1928 8248 5504 7537 6071 6897 8453 8620 2894 7010 9811 2306 8580 3101 8895 2477 6936 174 2877 2939 3519 5809 9258 1309 11736 11907 3352 3694 5581 10840 3710 9417 1349 4252 6356 7914 4314 6733 8439 12005 2179 9826 3387 6132 10018 11086 714 4148 8355 10006 12604 4258 5338 5639 9987 12675 2341 12213 3626 7511 5059 9906 2615 11611 691 3070 4976 5710 6892 6712 10091 2869 6311 3616 6245 11168 3692 5934 8025 913 9767 10253 75 3536 6544 7946 2724 12776 1050 2292 2613 2627 4909 10794 11340 3597 9089 2970 9176 12350 12362 7794 11846 742 2386 5012 1304 1523 3685 6426 6471 7685 11234 1798 5880 8991 10058 5316 8451 316 8719 3951 4256 4135 5108 8251 5154 5477 1830 11750 8431 12817 9286 9615 7710 12171 2005 3254 427 2067 8475 2996 10140 7830 7848 5672 8729 1282 9283 2859 4771 6662 1249 11141 3860 9001 
3031 
3115 12836 13496 
3342 
3565 12909 12979 
3609 
3766 13258 13470 
4239 13055 13335 
4300 
4311 
4398 8387 7473 8353 
286 3109 4811 5225 12121 1048 1342 7046 2266 3329 5227 10025 438 12234 2471 5760 2591 5714 706 5945 1997 5109 2818 10227 11090 11535 1803 11768 1612 4466 3287 6601 833 8794 8878 10686 6341 6796 6922 12704 3131 6679 348 10007 1075 2998 4572 6465 3341 7203 6076 6359 1899 7519 1640 10675 3201 7025 2789 8039 211 673 7937 10274 8681 10707 3097 5901 10727 234 3075 757 8536 5268 6522 1900 7664 1632 5486 2622 11330 5156 9431 4570 7387 9591 12306 3013 12707 4531 12236 477 10741 492 1960 3880 9990 2908 5626 7198 10470 10451 11290 799 1936 3383 6615 4402 6126 5790 9642 11280 12754 2185 6297 3078 5695 6764 9228 12054 9456 10836 1356 1408 7255 8122 11109 1318 6894 3624 7751 1799 9102 2367 5712 11275 4575 4767 3112 12395 2369 3230 4882 5068 4238 5382 8652 3663 7472 2437 9413 1267 1869 9055 2418 6816 2901 8925 10878 6995 9425 4321 4647 3160 8443 3925 3961 1299 8783 5145 11346 3570 11722 887 6904 12629 9795 10913 2610 9923 5264 5941 2517 12245 6810 7210 7368 12618 1013 12364 5699 12222 1154 8787 3943 8289 10699 12203 4397 7391 6296 6843 5459 5963 1275 7285 11021 11064 6473 6602 7877 8634 4414 8367 10691 10931 2804 11077 4184 8932 5956 6085 8294 4718 6228 2852 4550 4564 10049 5711 12114 473 2687 1030 11957 4897 5596 12457 9106 9319 3545 4041 6316 9267 3546 10309 8381 9000 3564 8771 1369 8072 636 9796 8858 10987 2345 12444 7240 8483 4711 8669 858 11138 919 9748 343 5940 2728 12438 4989 7582 1689 4182 12053 7669 7697 10207 7148 8026 1976 11103 3507 3986 10356 157 11564 12071 
2127 2368 9203 12154 2734 5007 9229 5642 8454 8636 2632 9848 7562 10970 642 3659 12580 8150 9153 12602 433 923 1324 4940 10650 1889 1942 5209 9248 750 9864 107 5117 8041 1163 8891 1065 11079 768 9315 1201 9688 9871 12355 3595 6007 6548 10558 12533 9867 10235 10678 2963 6043 5634 11479 464 1232 4978 5445 797 1766 3884 10403 914 964 3893 9824 3799 7103 11830 12502 12575 4864 8887 4279 8619 10072 11524 1946 6090 12411 166 4366 6902 9894 1595 6291 5088 10014 10923 10546 10955 12761 1744 2619 3025 4500 8860 10041 10943 5244 7801 8552 12558 10733 10752 10185 10790 8100 11172 6044 7493 9821 12 7786 13467 5448 11865 1355 8560 22 12073 4268 11707 1878 3502 247 1497 2241 396 8703 5990 10683 2952 4957 7024 4520 12781 6707 9169 524 8555 754 2124 4659 6070 2385 6624 8246 12723 42 8717 8 3172 5405 6595 8946 4189 8541 10412 543 8383 4877 13127 2916 10651 11963 529 1622 12143 12677 2445 5853 1907 4405 1861 6413 4936 12763 5335 8370 10473 2331 9761 5572 9357 10150 5799 9250 5854 12120 13070 13136 5096 5501 9598 6180 11817 6269 11360 2913 6896 7332 12179 7381 12274 1171 2683 11295 177 7249 3234 9438 5350 12299 624 3416 5834 7401 7229 11296 778 7215 6893 7958 3408 12013 6253 8002 1914 8521 2122 8607 12564 6463 8425 8465 10629 885 3356 4725 9816 1185 8989 10639 1274 9657 1448 6370 3360 7175 1192 7905 8151 8830 2375 4203 3390 8849 2384 11965 918 11656 6846 10199 1958 4373 7179 1972 8530 9234 2599 4222 7701 9470 10167 1735 10954 13086 8508 13131 4969 12188 4658 12497 280 3953 5586 11080 12797 375 939 4354 10043 5387 12470 3933 10313 1770 11424 1605 9971 4166 13092 3464 6122 7845 9966 4138 11023 5189 11466 2511 7108 7992 8449 708 12593 4275 5367 1298 4726 9768 12540 
4671 
4689 
4779 
5043 
5079 12883 13009 
657 2806 126 1888 1177 2624 4834 10562 12022 10138 10557 8659 10338 1973 13423 3863 11003 1992 6749 9496 11167 13164 8062 13394 7351 7910 1968 11820 2213 9677 8428 8657 9651 10518 1747 11653 8896 12578 5413 12335 3699 10100 11082 2576 13024 1322 7184 11929 5736 6295 724 4995 6125 9141 9326 2 1330 212 3555 350 8994 10 834 811 8769 2584 8175 4395 9656 6705 8310 10133 11514 1113 2769 3306 7320 345 6175 10547 11179 3320 6720 5236 5509 2494 8918 1228 3606 11508 5563 8966 4532 8287 842 6622 1230 9876 6298 12595 12716 3318 11780 6162 8911 7214 12111 5242 8149 1287 3838 7934 10389 9113 9946 2081 5276 12407 1611 3185 1114 6766 8424 10517 2286 10466 8308 10967 3166 3788 7447 10410 7921 9982 8328 11714 1419 1838 656 2318 4985 1916 9260 4474 10850 4456 4833 11796 7577 11553 11924 12319 12669 2865 5848 8236 7346 8840 3627 9911 10469 12778 4382 9236 892 8996 12099 3347 8332 8737 9020 13211 745 6040 4565 4890 2087 6706 8352 3338 7567 4628 9380 168 6542 777 5305 11785 3311 6146 10751 2025 2169 2884 6952 3804 5094 3654 5195 1630 8788 6763 10628 8575 10824 4075 8869 7154 9280 7686 8001 9597 12122 4336 11814 1090 3132 12388 1096 4523 5020 5285 1844 11221 1697 4102 8447 7156 7232 2527 8047 3997 5092 6424 523 3373 8941 9445 6777 10220 1436 4859 11160 631 8585 1874 3842 1401 6036 1389 7340 7396 9551 11456 2625 4631 4967 253 3326 7688 2272 11664 2566 3591 6405 4787 5204 175 7348 8412 2096 4773 5870 7760 6558 6842 952 11480 1489 9019 1425 12545 10935 11737 
181 8144 836 9118 3118 8102 1094 8589 10175 4108 7457 5237 11379 41 276 596 4431 5131 5625 1025 12485 4745 11811 1039 7003 4938 12589 8993 9192 1581 6923 1620 1654 10187 202 4805 1207 1501 1103 1674 4860 5106 11966 8484 8573 3351 4627 1796 5741 1586 12152 5919 7231 10256 10523 12612 1528 10841 11046 6638 11767 1573 3577 6620 9802 9282 9437 5431 10413 7167 12354 769 10247 11569 4362 4443 5000 8285 2030 6769 9751 3831 4735 8057 3002 7242 11498 8054 11099 5972 10303 434 6273 8239 3568 8177 4475 5446 9679 1684 10080 12105 2767 10564 4296 5174 10042 160 6491 8642 12094 11625 11757 4846 5725 6949 7043 459 1376 2505 5541 2760 10701 390 5235 12308 6019 6496 6691 10191 12536 4932 12091 1856 11783 2308 8155 5739 11030 7711 7761 3625 9230 10417 8732 12464 9005 10379 4495 7809 8581 10437 1905 6913 2698 11504 12601 6278 8623 1583 5274 7442 10503 8715 11076 985 11639 2029 8900 9835 2298 8193 9994 11730 4442 5260 7431 11573 3889 8360 10458 1491 9729 2069 2972 6943 7496 8296 1524 8008 6299 10490 6676 11576 1151 5780 6849 321 1009 5127 7272 
5114 
5203 13034 7863 13508 12568 12965 13277 
1485 4685 10533 2175 2509 8936 10563 470 11142 145 9471 11241 6497 11536 13118 735 1629 3480 637 5153 4769 6648 8792 3259 3682 4894 10086 9066 12452 2203 6271 12315 2530 11586 5329 12359 1165 13314 6439 7949 7631 8138 1519 3138 4378 6485 848 12511 8432 11199 13369 10117 11457 1484 1673 11914 442 12325 12643 12999 8456 12476 9399 11632 9218 9728 5944 10827 6218 11114 1476 12638 541 6908 10252 12930 12955 1398 10174 5928 11847 814 8179 11210 5947 10734 4830 11213 2138 4765 6811 10631 3454 10811 3693 4202 7263 7995 824 903 3956 7547 530 6933 704 7497 10764 520 3260 7663 8611 12088 3959 4614 9993 3314 6996 4640 12020 5397 10952 7436 10587 10627 12420 122 5201 5784 6220 3029 9592 4253 7084 5450 8299 11069 2735 4409 6390 9791 4380 11220 13 7189 173 12577 8014 9402 24 8974 11699 2452 3653 12345 10515 11262 3778 9619 6886 8059 3096 8739 9951 3458 12070 3734 5923 6715 10358 8470 11247 2197 9449 215 5414 2378 9840 11853 6514 7056 5813 8143 3153 10250 603 11912 1709 7068 1053 10208 943 3670 3381 11119 821 3697 3187 10010 1180 1685 9107 2822 10540 3399 5248 4163 9292 11745 34 2784 7498 10262 1091 2307 10732 5892 7129 4355 5449 11041 5538 7017 2809 5476 10419 5503 9660 2183 4490 4601 6572 7369 3456 4278 2631 4739 6078 12311 625 8982 1639 4893 1662 7301 1951 8613 4000 9232 5691 7783 6138 10154 11786 6152 7919 4677 11633 5905 10784 9015 11451 4494 12654 1938 4576 256 6660 4961 7360 2523 3211 7953 4873 5298 2366 9415 1598 10552 9301 9710 1623 4827 7612 5723 9809 2001 2551 8321 79 2404 5207 5925 6061 8798 12119 1607 3448 12688 2431 8702 3490 5391 6084 11614 2322 7648 3443 4686 4851 5319 7652 5747 5889 7494 7527 7865 12263 1362 5281 6645 8018 8157 10783 1457 1839 12977 2217 6383 6503 9460 3084 7325 1806 5473 10724 8104 12756 7115 11276 1979 8749 2141 4776 2954 8724 3560 8029 299 7128 8336 11782 12276 3900 6516 11887 5028 7765 2427 2794 4817 8119 8452 4217 12377 8947 12559 522 9784 10347 10525 7316 12722 1202 2156 110 5552 5753 7952 9247 11045 11728 2525 9549 3590 6959 628 8995 1175 8999 10680 5376 6836 8361 10265 11790 7488 11462 12714 1268 12535 
1426 8010 4982 5310 5104 13492 3752 6094 2117 8004 10877 12056 13150 4120 9068 3712 5427 9235 6257 6820 8741 11660 849 5021 2797 3535 5010 11762 11987 1238 8183 6000 8259 8176 9310 1236 3573 2374 10767 12025 12363 12393 1701 4283 10401 7321 7831 8000 8685 2661 4508 4853 9838 3923 4045 6582 8853 3823 13290 6221 8445 31 9999 4009 4926 12650 7006 11108 2144 3366 3082 9502 12500 194 4593 6835 8362 10263 2641 6374 10475 11552 8349 12633 4546 5724 676 7383 1580 11706 4952 11819 1507 12205 2712 5829 12937 7781 8651 12991 3428 4823 12390 13326 775 13312 13353 39 6889 11726 3095 10068 11626 2312 4459 4901 12711 1797 8847 2847 3188 5623 8758 8924 10559 12538 3 1088 2956 407 12194 2355 4850 2922 7435 3938 8791 3718 6817 4789 7759 11551 3419 5024 4706 6974 5346 11723 2666 7584 6490 7437 9812 5878 8320 1867 5953 1211 5091 8862 4386 12680 1847 8944 9655 10069 478 9828 1044 5374 11015 3866 10223 5893 12621 633 2890 182 6793 677 8426 2849 11193 786 990 2299 12576 729 7805 737 11389 2270 8627 2344 2744 12456 5372 7780 11955 2845 7872 7670 7969 4562 8480 7414 8494 2567 6956 7954 3835 11083 454 485 3173 4643 5817 12684 7742 9555 10881 5388 12166 117 5763 2458 3634 4213 12016 1508 6153 2854 8135 5910 8169 2392 6237 10772 11610 5850 12387 12664 5908 12561 1919 3039 3237 10914 9473 10359 3582 10128 856 7699 271 3144 11751 10087 10535 4928 7110 10613 2283 11297 12690 274 5759 6262 2571 8267 10229 783 5390 7145 7407 9063 1156 8467 8643 2536 10556 4768 6566 1161 9009 5014 9337 4867 11374 2991 6166 4155 6964 2028 11772 2992 8754 3772 6619 3159 6723 2817 6368 8471 4705 7170 2163 8106 3380 9882 940 8554 3228 4807 11756 4829 11154 2696 9582 6393 8094 616 10440 5373 6129 11098 11555 159 12344 11519 12397 3250 9593 9668 11192 8120 11316 4019 10769 6423 6834 2373 2556 2918 11755 1301 10045 11640 12252 5656 12616 7842 8809 4801 8591 853 9262 5851 11971 
1644 5006 7588 2595 9588 2396 12782 2780 6785 1522 8907 9852 13474 447 3859 883 9033 12995 722 1520 5485 10929 1950 12726 5862 7962 3504 5058 12173 3613 4376 10195 10718 3667 7388 869 3939 6830 10778 2766 8108 4018 6028 7011 9381 4884 10791 10642 12467 2614 5818 6346 2983 5306 4820 5364 3191 12039 3147 7918 8068 10330 4037 8744 9611 1447 3192 4828 5480 2790 2944 10198 1824 4786 2546 8282 4959 8544 10729 3035 12238 13374 3433 6840 2800 4385 4273 5016 7834 11868 320 4047 6414 7730 9448 11024 8450 9605 11779 1604 7693 422 12067 12682 5683 9654 854 10885 2077 3628 6452 10308 1217 6874 2787 10028 3001 6179 12504 2173 8525 3819 5658 7078 9042 7785 9435 5948 8666 9788 4307 8312 1588 8482 2037 9109 3579 6941 5754 8295 4555 11357 4791 11445 12562 9180 12718 1146 7191 10605 2010 2405 7815 12665 699 7382 8506 1851 10302 2671 11619 1149 5151 7767 13294 1434 4011 7302 2887 7557 2059 7570 11303 229 436 1818 6328 12184 5027 6717 1971 6851 8124 9193 11739 682 2190 4774 3899 5194 8023 10969 9251 10991 8006 11901 13264 6938 7202 10182 1804 7406 6229 7955 8498 8572 11264 11635 6683 11797 206 10283 5423 12495 12592 972 1787 2718 8082 10296 5638 6332 410 9843 5636 10982 10242 11864 49 2348 1101 3474 2162 6425 2559 12155 1125 2021 7574 1599 8810 1746 4067 2657 4055 6396 5823 8915 3308 6876 9988 829 12001 1204 11839 9546 10095 9698 13251 5903 7928 11997 4290 13132 318 4963 13134 3821 6467 8281 5532 5548 4224 7101 7835 154 4598 5562 5936 9321 3672 5537 7750 12501 4003 9822 216 6618 3478 11492 3779 9455 143 5303 1769 3424 328 6379 4114 8240 5755 10062 3119 10272 7055 7492 10994 4651 8306 10221 11841 3315 3393 5478 12594 5557 11165 372 531 1326 3272 7341 12243 3796 8126 2381 3727 5055 6701 5039 10731 53 3284 7706 621 9377 12808 1450 5149 3515 5787 10164 931 9439 64 10293 2552 5255 6264 9699 3879 6274 2237 2692 5738 12774 8595 10149 3600 8396 1731 8890 12537 3445 7187 239 7546 12140 5865 8413 7636 8857 1212 12451 44 9708 6639 7687 11959 2098 12110 2603 5679 2104 7532 11945 8586 12541 9997 10061 1909 9322 2949 12700 6133 8733 378 8558 4115 9845 11020 1129 11365 1823 2799 868 6276 9092 11787 2438 2853 6524 9038 10392 11200 822 1887 4583 5157 2253 5896 11497 1695 11915 2980 11507 1575 7450 1119 4116 5221 497 2115 9233 10345 3310 8654 5571 8156 6009 8781 12075 577 7081 10606 7813 10288 12031 5425 11681 108 123 4306 9059 2016 6048 1281 12189 
5467 12824 12829 10819 12851 
5483 13254 13319 
129 3071 7168 12736 8707 10750 6822 10102 2605 11311 3945 10156 4302 8161 4005 6610 5627 8774 12003 1427 1999 3349 8395 7930 8304 3830 9596 2132 8761 3741 9772 4438 8493 10963 1008 6751 9314 1854 6776 5422 9503 8886 11089 2529 5351 9516 5611 8914 10033 9351 10900 1686 5597 9569 2208 9737 12218 3540 6882 8221 9273 7074 7944 10621 3174 6051 9572 10445 10688 10765 506 1893 8867 9730 10543 7823 10169 986 4618 4929 3808 11405 3973 4315 5539 3261 7292 6773 9719 1610 12366 7317 7792 812 9011 5048 11342 7453 12607 12768 1987 3122 9479 7265 11036 1755 10585 6121 7258 7945 5187 8916 4322 8376 5516 8109 8279 9877 5183 11368 4557 10831 755 4107 10655 11112 1080 8462 1862 10089 9395 12079 1734 12486 3829 11580 1466 2032 10031 10538 2202 9325 13420 5567 9844 1344 9621 646 9933 1718 2024 10075 1258 5136 7729 546 1730 7712 8354 8952 11233 1705 8140 11843 9755 10582 13066 1665 6292 13095 761 8338 3019 7554 1868 8407 3724 8649 5233 11047 284 2909 6994 1741 8976 2424 8971 2653 5363 771 1089 3275 10521 3030 7948 8220 9520 10306 6255 8984 12125 5800 12787 1388 6454 1359 3610 5807 8675 1052 9989 3092 3309 5433 12096 5859 8203 912 7692 12400 7174 8199 9832 10127 8963 9589 12901 7040 8112 13354 6927 9743 13193 
5657 
494 4608 2888 5663 643 4477 1764 11546 3085 4265 3044 6937 3248 7672 825 4759 2827 11273 8668 12985 23 6361 389 4043 4226 11683 189 12794 5147 5767 5124 7867 1742 4499 5750 6287 8410 5690 9697 5271 13088 3056 11018 11807 7568 8266 2035 6018 8419 12639 4953 8504 8942 3053 3644 9244 12466 12942 1540 10645 1591 9863 1490 10459 12045 2214 8466 10312 288 5668 1223 4521 1071 3334 4178 11548 8219 12153 9254 10295 2296 2510 7270 13324 3678 11187 3865 6434 11201 3969 9645 4581 11651 1159 5406 2842 4502 12174 12516 6973 9347 12795 702 11062 3661 12417 2726 12833 4602 7836 6844 7553 788 11700 3018 10261 13521 1756 9454 721 7400 7960 2801 5495 4375 9389 7222 8256 12703 12717 13357 2337 4788 4034 7432 9116 11637 6360 11207 7967 8490 3777 8820 4023 9112 9547 12134 
99 3867 3355 10795 4670 7695 11903 2340 7363 9806 9367 11732 10418 10586 3508 5354 9430 9159 9733 619 6156 978 3745 772 8241 7338 8859 10590 5330 9753 6758 10168 1325 10644 7879 9376 4427 11284 114 12656 2171 12217 1569 10882 2542 11447 746 7891 4669 9453 11628 2009 3698 1775 9129 2219 8085 2948 9446 4149 8981 3919 5023 5655 10037 2099 8288 1966 11852 975 6932 7982 12394 3485 4558 3501 6135 6219 7753 4587 12391 3746 5053 6632 11315 1438 12698 515 3282 1482 4649 7538 10258 2082 10259 2651 3251 5648 8909 12161 3539 8569 1239 1335 8833 3763 4434 5604 207 1118 5547 441 8056 8817 4066 4369 7421 10609 1534 9890 2251 3161 4757 9083 5032 8418 3006 12646 1222 7555 6742 8598 1714 10685 804 6991 8516 917 7269 8510 3415 5847 8261 3873 7720 10289 3506 8826 7042 10696 11677 802 3881 9457 8705 8848 949 4544 1339 2781 6310 7 12410 5578 9048 82 3681 2311 9274 9171 12131 121 1289 12687 4412 6069 9805 5680 7912 8930 9062 3615 12082 4573 7087 9915 11482 11913 6106 8979 602 9215 7135 10377 1601 2607 1553 4270 1953 5796 5894 118 5280 3460 12662 7291 8721 1461 11708 4578 7161 2762 2857 6474 1829 12163 3047 4371 417 4403 3316 5983 8879 9046 6461 8561 6911 8460 3364 4743 8223 9256 2564 10711 4563 5026 5632 12156 5546 10949 6417 10640 8692 12241 1036 1635 4793 4105 12548 127 4876 6841 4960 7155 528 3120 698 3520 9727 10620 5746 10314 1042 3028 4057 9094 898 8866 2616 6183 8828 2165 7477 10849 7619 9902 5 3239 2730 2743 1773 2779 4084 5770 12637 2371 6466 11478 7772 10710 4326 8632 1084 2393 4518 10735 69 7051 7384 3813 4556 4736 4948 6487 90 11776 5786 11698 10594 11042 5243 9469 1751 8005 1710 12775 6248 6680 5025 7754 8164 11923 4547 5798 2263 6468 11397 11862 3643 5315 6305 7734 5411 8205 4447 4856 6912 7864 11 12728 4177 12090 955 10903 5279 6681 3749 12752 582 9778 3947 7147 5056 8701 1100 2561 3301 4458 5718 5095 10761 5334 10371 688 5608 11371 7120 10029 2989 9607 11310 1778 10838 97 562 8865 10636 12124 1459 4838 7226 3469 4496 1329 4264 5775 7207 10743 12816 994 1219 
5836 
5866 
5929 
6065 
6145 13087 13284 
469 668 4907 9040 10027 11899 859 4044 1757 3142 10202 3833 10353 1666 3358 12771 3612 9947 3780 10715 3238 10489 6557 12648 9269 9485 10337 11556 5976 8013 5766 7602 749 10948 1988 8379 1825 9931 796 8716 2870 5875 11509 8305 11931 2540 3797 9312 10852 4111 11636 8343 12126 1675 11822 7192 11216 3339 12269 12384 12458 4822 10702 10714 11575 3258 4060 4630 7868 5002 9732 7014 9482 7433 10088 1014 5677 10599 3361 4085 11500 779 3754 5522 9779 7092 9499 2042 8087 4844 6327 877 6312 4930 5717 7832 4933 8819 3517 3548 5749 6217 7793 2276 12065 9030 10298 9212 12813 1245 3649 7216 4419 5421 2475 3708 5192 4255 9545 2356 2553 3917 6419 13003 5375 12177 13522 1157 6024 6167 12772 709 1957 4392 12149 7684 12365 281 1446 7481 8564 65 3148 502 3063 331 4094 4323 4681 313 1664 10051 1970 6196 866 3410 1293 4170 111 9724 1283 2878 2184 12434 2309 10519 377 5606 2380 2501 3099 209 12426 650 2927 1708 5565 6134 6453 664 5296 424 935 63 5217 2466 9409 4031 5481 6492 9794 1186 10084 4304 6091 7033 7049 10414 12414 101 974 8845 1467 3528 8663 2148 7072 2227 6378 2594 2706 6303 12727 13477 3874 10280 12981 817 12439 5587 6265 2022 4549 12019 3196 9739 186 7957 7539 9920 296 7262 9158 12185 4123 5970 11205 12611 4229 10671 7039 9707 9721 4399 11029 11665 12199 78 7603 4074 8238 6982 8778 3732 4110 6256 6878 1659 6185 533 4766 9336 12523 3993 5370 7645 4332 13556 501 1350 5640 8406 6859 7090 4956 7462 13019 8825 13004 11251 12150 13108 4715 12807 4276 6989 10301 13322 1148 5033 2856 5629 2310 10787 6653 10004 11026 991 5651 11288 4370 4870 9781 124 5211 7624 2736 8529 10225 373 10279 9462 9986 11352 11585 756 9054 2942 13558 861 5742 11370 1263 4259 3511 11695 1570 9754 2747 12229 8674 9823 11055 11778 12137 1739 7741 5161 10106 3989 6109 6075 8356 537 10071 6004 9196 2825 7073 3483 7309 1306 8759 9299 7466 8012 2796 4636 5600 2012 12129 1793 12336 2092 5323 2795 11501 2300 6154 3106 3942 4849 1010 4678 8378 10099 10529 11010 11483 12667 10909 11243 697 5660 764 10884 2113 10050 5265 7657 9623 6293 6521 7926 12165 3319 7374 149 3639 6825 2665 7484 8235 12598 242 4095 6073 11801 6329 6806 
409 13181 6212 12834 12910 
6267 13512 13550 
6280 
2586 7424 2688 10703 2264 11249 6114 8366 13221 826 10891 246 5713 9650 10441 11798 534 8181 2634 3633 3810 6315 5451 9151 201 3902 10217 7668 10837 519 2043 12489 632 9891 1750 2569 4808 6729 2465 11031 3223 5082 11426 12620 8780 9255 11777 6447 10184 12699 5438 10723 334 12435 4950 5591 6644 10186 889 1648 9602 7474 8325 872 4551 3664 10163 11407 4552 11378 93 264 6450 8929 12442 1190 11744 607 8096 11091 9150 9541 7943 11146 6999 11992 9968 10430 12323 7580 8720 10693 6015 10776 1105 2513 7545 12342 9646 11092 11518 9349 11956 10292 11851 7273 9132 5144 5708 11382 3498 9198 5475 12023 12821 13044 5139 8985 11253 12499 4906 5137 5113 9673 575 11883 12433 10866 13053 1963 12640 700 8722 1097 5288 2486 7900 933 9500 4943 7243 240 3839 5401 8348 2807 11245 4388 5041 6661 6833 3853 6375 8711 10023 11229 12419 241 4540 3541 3869 9632 2329 10746 4666 6066 4818 6095 5991 6313 4445 9121 338 4620 5664 6343 11513 4245 5794 6688 11742 3291 6693 7916 6394 12181 1843 9531 12614 557 6958 9284 738 3543 3141 4748 495 3046 12765 6392 10496 6950 7114 7782 8262 3584 12281 4048 12705 2439 7689 10241 1453 2813 8872 6748 6986 9818 10933 9506 11240 1657 8095 4185 8631 1980 9914 10021 8093 10267 1880 11816 2297 2637 425 3848 4284 5930 6702 9156 11676 300 1414 4216 11044 8898 10129 3421 5005 2924 11113 11876 1853 4200 4072 9142 12678 4180 5333 516 6247 728 4049 12519 13218 4078 7085 7621 7079 10372 941 8090 2810 8556 957 9241 820 4063 3243 4753 4644 5193 2342 4695 5811 8672 3972 6445 2841 10428 8318 12762 1545 3015 6530 5592 7744 3033 4606 4837 7799 150 6082 3855 6238 4356 9538 556 2667 12987 551 7680 3489 13267 106 4141 4119 11994 9080 12200 2075 2589 6891 9304 3179 13430 3273 13232 4880 13186 8272 13402 2076 2090 7315 7649 298 8194 3345 5778 3722 3960 906 6737 2172 6285 12610 2950 4530 2608 8978 10821 1865 2191 4308 7549 10105 12316 5622 7724 5981 6283 7913 6140 8403 1371 3890 2815 4541 7389 9297 8258 10998 4697 6805 5686 9853 11813 6204 12157 9065 10178 496 12432 8507 10912 4755 9641 7053 8303 5090 7788 255 7196 9723 7827 8664 9903 1270 8166 6919 11871 5542 9692 8357 8382 10648 12042 4924 6532 467 11350 430 1863 8188 132 2139 1003 5584 349 5973 9648 2220 9398 9884 11543 4014 10352 6041 6388 7197 7522 1660 8973 8101 10432 9758 11977 586 10893 4054 6935 8852 11702 3857 12160 7250 10269 12670 6801 7416 585 2206 5034 230 3343 6509 11709 2244 7565 1745 2362 4220 7364 2521 4958 3648 9975 3638 11982 
6398 
6410 13216 
269 7177 11608 399 10956 1346 2186 1852 12712 5341 10216 1535 6673 7066 10981 3165 4206 1317 8557 3738 4661 3928 5922 7525 12227 784 7445 10592 5830 12304 2583 2973 2947 5564 1040 3513 2694 10807 4316 11993 5669 10424 6178 12266 6317 11464 11682 6107 6577 7030 7471 476 12652 135 591 3461 10131 1805 5214 5443 1579 9782 1256 2428 4548 5286 6508 3655 8078 10512 12331 12739 558 4430 732 5777 7564 4903 7100 572 3716 3792 4510 6629 2774 10165 627 11715 7743 11000 7825 12403 3186 8134 6025 9221 9932 850 9682 1184 1205 6790 7531 10094 1801 7245 1994 5914 10904 2545 8103 2715 6750 11175 11588 1213 5877 3525 7504 3400 6111 10847 12655 2326 5569 9580 10637 1102 7495 8335 358 9324 792 12145 2335 2986 11269 5577 13455 1145 3182 10285 11537 9316 13400 950 8341 1277 4747 9974 1147 9478 9937 1381 7505 3721 4030 12300 12478 6147 12133 3726 9552 6244 13364 9984 10634 2497 11823 297 10177 6441 6692 1998 8949 11824 2751 12710 1208 11097 2659 6684 8658 5419 7275 6520 10132 652 2707 7423 4096 10623 3289 12571 2934 8514 4821 12796 4134 9533 4393 12118 1265 6020 4962 8129 1121 10660 329 6714 5052 10126 1131 2426 4025 5857 9216 6855 9163 3503 4646 13040 2436 8776 10142 10738 555 4604 12891 1055 9209 11133 1422 8021 9750 904 4732 11534 9735 10015 11007 7559 10399 1530 5465 8602 12296 1785 7035 2843 11164 3552 9814 4674 8808 1308 6234 7131 9714 2394 4251 4133 5261 8874 94 2327 1411 5615 7610 9528 2482 11261 6699 9954 12603 3876 5927 1182 10297 4655 10477 908 6997 8017 2812 10374 4683 9862 4237 8116 1944 5579 3768 9941 423 2719 3567 6549 7032 12473 2470 12147 2242 12790 2597 11920 5884 7283 7535 10244 3271 5169 8098 12372 13325 1120 13244 3080 7096 3244 6188 2149 6725 499 4212 4566 8655 3162 5126 3081 6081 3371 7057 3679 10527 9253 12136 9701 9957 3602 3949 5360 6386 10433 10456 3620 12849 398 11675 1720 5594 8375 2249 8854 10619 565 6345 6574 11011 8209 10539 12093 574 8870 7327 11837 10709 11926 3114 3588 5612 1209 9424 210 10814 11314 1503 12960 17 8689 3439 4040 2472 6513 7884 10400 6743 8270 4939 6570 13563 
6586 12923 13392 
6916 13077 13519 
7075 
3941 12915 12973 6308 13116 7111 12983 
7458 
308 3064 870 5732 310 342 6230 11156 1112 8983 326 3901 416 1428 3197 3765 8841 3805 7705 43 4824 7986 8648 12036 1332 8260 5404 7329 5792 11646 4039 4981 8731 2582 3740 4600 4672 2785 9515 5378 8697 12330 6116 8117 9090 355 6555 1809 4825 1407 5535 7569 3542 6857 571 11827 8709 12623 8301 9162 11075 11741 5704 7367 4524 9323 2325 8326 6917 11446 4514 11906 6286 9214 6397 7629 8957 7625 10078 7674 10386 2792 12215 4467 6241 3149 7141 9091 6865 11298 12694 6814 9535 4210 6469 3137 9497 10690 2411 8540 10638 10972 1782 4062 6110 7847 1195 5960 2002 3729 7312 9022 9647 12361 4785 9705 2755 3908 11458 6249 6536 12249 4248 12596 3492 11039 27 7544 2064 9644 56 10491 6422 8920 461 1937 6108 12006 3034 9300 2440 3054 11938 5148 6012 6339 9530 11176 7975 11467 5855 11304 2240 10504 2652 11489 7920 10056 10111 5155 9949 4840 7887 5259 11448 5962 8389 10624 5856 8217 2935 6636 7289 8837 9027 10183 2330 3089 7235 11236 5062 12543 7745 11748 9666 10796 6931 7376 3043 7632 570 10270 9245 10593 11017 4927 10159 2395 4991 10666 402 10938 2581 9745 2654 3189 4617 1110 11885 612 7627 4639 5249 9928 12814 10446 11063 1593 7328 9421 4973 10925 8535 10082 55 11215 7299 12431 953 1811 1807 4515 8980 3202 6189 4553 7892 9072 4400 7460 548 10809 3851 11711 6321 12574 10344 12224 2136 11137 5142 10116 3455 6139 1296 3171 12116 248 12406 2216 2987 8779 5958 11274 1777 8397 11690 5295 10802 10463 12606 2778 6824 5513 10316 1597 3934 2293 7217 12619 5089 10431 11747 4482 7052 4733 5902 10898 12158 1672 9088 10157 11403 2587 10307 10659 11033 2245 5004 6899 8547 9762 9740 12063 2976 9991 2279 5703 8610 9913 11468 4058 7768 8429 8031 9285 116 11649 1475 2269 109 924 2464 2903 3898 8495 11127 3936 12368 5325 11271 172 6030 5764 10349 10745 5752 8083 3406 7572 4069 6387 11096 4866 8489 6010 12128 5352 10908 12034 10988 11879 1235 11738 2019 7889 3423 11760 1645 1915 3280 3299 10438 3436 5432 1069 7123 2814 7386 8064 1846 5458 916 4471 11048 12380 1924 5132 3523 11463 3751 9238 2791 8905 197 12719 339 8037 10125 2295 9746 8875 11505 1920 5386 7876 7016 8192 4638 7861 4589 5017 9509 6099 8016 6505 10844 1311 4093 739 12811 3980 5454 4920 6700 6079 12708 7704 12735 1978 7230 4065 12087 2638 8405 9145 2252 5943 7142 9021 9418 11905 266 2679 8211 7377 9633 1351 12275 6650 12415 3713 9368 1965 9609 2623 10915 
7476 13199 13429 
7642 12933 13507 
7673 13334 13523 
7707 13174 13444 
7726 
7886 
7968 
8107 12868 13261 
8408 
8615 13105 13238 
8690 
2407 5166 4029 6005 2484 2526 3285 8286 1628 5508 460 6546 5468 6623 2164 12734 5852 7548 7929 8958 12713 10434 11696 1188 4435 6157 2125 3130 4234 7923 9353 891 1873 11081 7766 11917 12770 13057 10522 13179 5371 8400 4580 11299 2705 8617 5219 12337 5951 8214 538 4529 7286 7778 119 5989 8293 10211 144 10435 7169 11572 701 3401 2811 7058 890 4365 6613 4746 5420 6775 7506 2611 10625 2336 10388 4560 9144 10747 781 11499 323 8868 362 12392 5163 10336 6621 9340 2159 12287 2981 5602 7656 11061 199 10317 5498 12465 386 11227 11590 4243 8225 751 8049 1244 7463 60 1802 5674 653 12207 2941 6746 9426 9518 1178 3861 5456 8044 12389 12649 12818 2937 9685 4091 5270 4033 11005 4742 11490 13031 2007 9950 7370 8645 3979 8337 13170 8931 11629 12035 3962 6409 8365 4379 7758 10001 6543 6802 5665 8647 867 8022 6538 13291 304 11593 6545 9556 10917 12586 12928 5549 7828 8201 6100 10616 3177 9270 7193 10144 3051 10444 566 4517 10460 9140 10376 6611 7290 11198 11283 12007 7593 10829 12546 1587 11353 5111 7047 8469 13301 1179 1196 12295 9662 9787 1199 1977 11384 1092 10865 12491 4750 8333 115 8923 2140 2700 3769 6377 12970 1396 11866 1487 11073 1614 5009 11481 1834 3747 4919 7698 96 907 8921 4543 6787 3405 8928 2537 7295 12440 5772 12786 1095 9407 10481 3397 8520 10205 8635 10771 835 2085 3413 190 4538 4013 6695 5257 12732 5254 10151 2512 5825 13511 9574 10375 2168 7486 2742 8640 13051 5726 12454 170 7271 1133 13500 13561 4312 4452 6533 12949 12951 1717 13547 1702 2656 5482 8765 6983 12518 2886 5820 10975 11718 13344 3152 5417 4319 5415 9105 840 5802 3276 3526 4455 9275 10583 10589 1891 4228 4507 9405 7843 11305 4285 10848 4588 9172 294 8577 6477 12261 1897 9294 1925 11990 5681 13288 2054 11652 10681 11158 11258 1995 8168 7581 7888 12294 1794 4545 4810 10406 5191 7717 10472 7558 8088 1271 6740 6872 9649 8187 12078 720 10003 11291 3837 7874 3117 3927 7394 10093 10482 2626 2837 10067 8934 11409 61 11059 3676 12579 5038 10800 
9047 13183 13275 
6739 7904 9110 
9137 13083 13475 11933 12858 7166 11143 11659 11684 12916 13529 2590 3816 13022 5952 13270 13345 
678 4527 1947 12057 5160 10101 1364 9667 1679 10478 2520 3195 9850 195 4804 9922 4288 6710 9904 10487 12471 5402 6926 6440 12254 579 6172 8497 10554 8725 13151 2319 7683 4042 4242 11960 718 773 6243 6399 7219 6023 9881 8542 11444 12352 10081 11968 463 4313 11123 2359 3491 928 1618 7866 8487 10273 2051 8184 10040 10889 327 6612 1380 5083 11606 282 10576 3181 5489 635 3335 4624 21 5019 10775 2351 2673 12492 3844 6369 3828 4913 3551 5559 3978 12102 8414 12038 3629 6499 7334 2399 12162 9711 12584 7576 7806 8015 10248 11125 6320 7322 6080 8446 1115 10321 12264 12622 3656 3897 7211 3010 3209 8616 9240 11743 884 10139 958 2370 2628 9249 2761 5172 2592 11169 536 4896 11038 11111 895 11529 2750 3684 8274 11766 5407 9194 3438 4462 4444 5196 780 8641 6924 11666 11869 2793 3236 3425 11246 12290 12450 11001 11941 3477 6118 6501 435 3790 930 6635 2463 2932 500 1390 5098 11391 10039 11333 9298 11825 3270 6925 7274 9432 1486 6803 5369 6608 205 5601 7385 9168 11856 5389 10682 3213 11152 3913 8522 11337 11603 8086 12198 213 7606 4071 7019 10871 1269 4153 4201 4343 9799 1850 12528 5466 10661 1776 7897 12661 8206 11697 1285 1412 5037 6001 1480 3210 1590 1698 2205 7479 418 5599 6797 8257 3283 4831 9346 12297 3459 12256 227 4721 8618 973 7393 8630 2130 2729 260 1107 948 1086 11248 9259 10826 8386 10065 9264 9964 12106 12170 3265 7164 6151 10416 5728 7528 1733 8252 3955 10806 1266 7679 4629 10708 8130 10409 146 1085 3158 2268 7398 9 10153 2855 11260 5168 9219 6191 11996 3293 11328 1024 1625 6819 4165 7212 3636 6224 1516 5900 11375 12064 1035 2609 137 5487 634 12280 5436 6482 7330 8154 1167 11126 4357 6250 6531 4231 9382 1083 2423 851 6529 1835 2106 2417 5179 9557 11183 12744 1417 7326 508 8110 4387 12214 9041 12139 3521 9237 2574 5393 2147 2548 7031 9130 11792 4128 12421 2850 5474 3748 8042 7354 8917 6057 7507 10966 1166 5617 12404 2968 3815 9152 4476 6900 5294 9620 7181 11363 3651 7397 8148 8275 5737 12484 2753 9789 2481 9674 9868 4775 11067 4359 4696 356 1934 5789 11491 8479 11219 414 10902 11272 1015 11211 4760 12357 669 8334 5839 10026 12740 1619 5505 11104 4406 8563 2320 6119 2226 10090 9444 10980 2487 11829 10423 11157 1183 1786 7022 8398 10370 2360 11589 1990 3060 1310 3200 3014 3446 3266 6873 6627 11622 843 10328 2109 3170 4664 12144 666 3494 3559 5239 7467 8538 1506 7671 3771 6429 864 2969 5845 9179 2557 8777 1011 3589 231 4437 897 6054 6592 8369 16 6885 8401 6721 6781 9166 9736 8954 12141 1338 5304 8492 11285 6266 12175 1981 12583 6300 8315 3336 12702 2498 11616 12360 1546 1877 3398 3786 7762 8292 12416 3592 4415 6827 3255 4626 10803 10862 514 3235 9483 9512 12503 3683 4911 8224 8548 10892 11612 979 2770 2023 7700 5698 9529 846 12544 1967 11443 
9195 
8344 9272 
9295 
671 7675 6016 6215 7152 1927 6223 2891 8363 10238 10742 2739 5491 5624 2088 4113 1070 6616 5128 6708 6184 12742 902 2902 2145 9524 277 10541 498 3435 7821 9763 35 6940 9477 1551 5580 10570 1842 2488 7288 9370 11470 4236 12953 2045 12338 2919 7856 12689 2181 7489 7927 3957 7279 6525 11376 1795 6578 11654 13310 258 2533 10993 7305 7820 982 6260 11692 1072 4372 8600 9031 6628 9587 2670 3774 5170 10462 4836 9969 6052 6149 7740 7814 9133 2478 9012 4121 7634 7339 7899 9173 3706 10665 5761 6294 9955 10869 12982 4684 9388 4215 5909 6201 4198 9696 3216 9317 10378 1943 2018 873 12557 4526 4584 5314 12272 4758 9468 7277 7678 5536 7984 12697 2020 9060 2684 11528 12493 2229 8970 11527 965 3475 8706 2195 12526 2872 8804 9659 9188 9246 1681 5490 3110 5863 578 2152 2397 2563 6756 10888 13166 13189 83 1667 10524 2697 12077 8546 10780 3227 12570 2350 6457 1413 3129 3909 8444 5992 11749 7798 13515 2709 6026 3964 6907 9807 4446 10203 1638 8034 7530 9143 10817 5326 9940 12936 6059 6068 7723 967 5835 6724 7034 6355 12080 4240 4687 10906 493 7252 278 8593 12479 1126 4341 8727 10300 4682 8019 8846 9128 9963 10705 10934 11225 9872 11312 11657 11826 5112 13123 1034 4101 11257 12043 100 5362 165 9875 654 1585 2838 9097 10673 2441 11746 1045 4187 1848 4794 5173 5135 11946 5659 10204 4637 9636 969 12784 2480 9907 2763 4792 2938 3164 4504 8197 4448 5920 10251 11703 1713 3242 3806 10630 8080 12686 12809 8128 11919 5105 6716 12508 2786 10063 4263 12026 6869 9817 7127 7366 1385 10749 13056 3758 10962 4347 8346 3012 4416 13289 5202 8637 6504 9810 8485 12755 3958 8728 11178 1333 10160 11812 8421 8892 9626 10096 6847 7239 6420 9204 1276 1400 2094 3887 2905 9797 6353 12729 3561 5828 7513 11854 6818 8417 4984 5682 5997 8827 9191 12303 4146 10257 2246 10835 12791 6 5993 13459 4441 12962 8385 11669 1658 1779 3048 6042 6670 489 4301 3312 6444 2923 9583 9630 12886 
9594 
888 6037 2450 12083 6580 11793 2151 12429 1642 1941 1670 7776 1173 2896 3452 13372 6734 8440 2047 9525 448 9704 1929 5272 10239 4227 13412 6053 11561 5164 8309 13278 561 12984 2460 8718 9658 13285 1454 9801 841 5205 8496 2207 9333 996 7112 2192 4869 10687 2961 4469 95 1397 6674 962 6895 214 3286 6382 7180 1574 8075 3666 4764 5574 412 963 10024 8242 8951 3948 5931 8115 7139 10053 5899 7662 8836 2103 5998 8040 5609 12462 5805 6939 7713 12487 8172 11430 7978 12268 1098 4481 8583 9120 451 6879 11877 1904 6971 6333 11930 2277 10500 4539 7287 10340 4700 6731 5689 7412 1124 6985 11961 3426 5044 12701 6871 7826 7259 7449 1568 3218 13351 1780 3430 8568 9855 3377 9025 4720 6870 10123 11488 12730 4486 8590 3224 5810 10579 9208 10700 1028 1879 4693 7614 10712 10928 455 4282 4207 5740 2738 8052 10494 2658 6727 3040 10246 4728 12209 1062 4173 3915 6972 10567 2929 6671 8097 8464 13356 309 899 5077 9279 7875 9391 3125 4740 5729 7264 8735 12691 517 12097 2516 7681 10577 11788 3575 5345 2328 4554 3795 8009 380 2339 3102 8513 9085 9825 2449 5332 1767 7795 8908 12237 1374 3937 13543 1857 12370 5355 10550 1049 4289 2985 5812 9441 2495 8411 400 2604 4089 3000 11212 7796 9617 1031 2401 3728 2686 9847 12693 3427 6500 9087 5078 10804 4480 8081 12398 7001 8567 3974 11115 403 863 1542 1548 12721 2593 11999 5121 9311 1206 2091 9052 12737 1404 6252 11367 12233 4277 6174 5519 10148 167 12100 507 798 4795 12383 4417 5484 9909 13546 357 4349 599 3395 13139 6789 13376 220 11832 5644 8806 5666 12641 5744 8331 5013 12270 999 4339 532 8351 11763 105 3378 988 2885 3940 8683 7550 11336 7426 8174 2820 8478 12211 176 3499 12282 2782 10601 2727 4675 3872 4472 4125 8317 2410 6488 9045 2048 8638 11591 9341 10271 1688 13564 3061 4368 1557 7626 12944 6022 6493 5512 10880 11581 1729 11289 12506 7748 9842 9925 11068 3105 11232 171 4511 4809 10268 4999 8807 134 4329 6630 1471 6689 2836 5099 81 10851 3488 5768 6759 7308 6864 10578 8368 9752 6631 9765 3641 10085 314 1017 6364 1383 10868 2833 8036 5312 9224 2748 9290 7858 7981 8597 4879 8797 6573 12745 1712 7469 10927 2101 2558 5937 8888 3354 5707 9165 1463 1655 2354 3340 315 2746 6060 4244 6304 3800 6113 1706 2265 630 5702 4763 10833 1392 3300 6585 10788 12259 1314 10155 660 1772 1898 11087 2304 2757 9018 9369 3229 8229 7188 9348 9443 10420 12617 366 4088 5904 7434 1559 5568 3550 10260 4139 9231 6647 12560 7350 10505 629 4582 6563 10611 598 7465 5869 7807 905 9895 9108 10774 11101 13104 12819 13398 7870 9839 10874 2802 8423 11679 9859 13106 252 6910 5593 13479 6646 8163 11686 3453 13215 1000 3820 431 4353 9182 10188 10781 11065 13141 4090 13114 3500 13336 317 4667 5223 12777 
9934 
9938 12878 13487 
10166 
10277 
10368 
10384 
10395 13197 13380 
10510 12975 13107 
10574 12932 13185 
20 4815 7335 1592 9773 133 6338 257 5524 9199 10737 791 10603 3770 11910 11721 12033 879 5061 4509 4918 11022 4780 8393 9494 12212 1340 9069 3877 4902 2273 8071 2674 5146 1435 5492 12385 6823 9793 2400 2911 4621 6150 7650 7241 10657 2166 9189 4318 10194 8545 10361 12626 208 6225 4320 9624 4492 6955 6753 7665 219 6686 12399 1122 6945 9893 2278 4679 3007 4144 7623 7989 3705 10057 1300 10397 8125 8843 2070 12058 5085 7862 4305 12148 5029 5589 5464 7654 7390 7590 8437 9522 9578 10608 4895 12367 10290 11925 1297 6131 2775 2910 4993 5344 8191 782 8799 9880 2695 3971 5678 1790 2476 1836 4922 9489 11078 2346 3011 9565 11893 3965 7071 6880 7076 8764 12447 1242 1636 2524 1214 11344 484 2063 2315 11758 600 7304 2602 5773 3814 8030 2864 12002 3733 11401 661 2200 3465 8601 10189 1007 4777 1502 6728 9067 2027 3066 11784 3531 4156 4468 12327 2680 3323 4061 4979 10717 4267 5544 353 8975 11927 977 9878 10074 6807 10291 9211 10350 2150 11206 7451 11486 3703 5628 3357 3826 2993 5881 2862 4714 11423 4872 10760 2866 10883 3547 3720 7641 10834 12349 597 10471 1578 10135 3253 4723 7455 10364 4122 12216 1661 5398 6128 9577 6494 11388 3204 8832 1922 7380 7833 10179 7660 9451 4516 11662 2155 5635 6887 8003 1074 7890 1469 6412 10744 11040 1123 10343 1910 5434 11667 2260 4338 9356 2323 6718 10823 11694 12600 3077 4086 5444 9184 1288 9268 9854 10542 1191 8233 2978 9766 10531 8283 10278 663 12190 2759 7592 2874 6479 5968 9718 370 3840 9306 3262 5050 6112 675 7964 1032 3431 2301 10173 4191 5437 6105 11145 6226 7124 1437 7080 9371 10141 
662 4017 2056 7343 3773 7735 7140 8131 8644 13283 184 8955 10152 730 10120 6942 9820 748 6181 2990 6242 2060 2635 12706 7578 8277 613 10453 1531 11554 882 11934 9924 10320 2419 7331 9638 10468 12422 6202 11270 2577 2975 5392 3379 4619 1533 9559 7023 12590 1143 4232 1247 8894 7067 7980 1290 9713 3963 7628 9517 15 3977 11465 1006 5377 3801 5630 5643 6365 8726 432 10965 1226 9459 7459 8881 3277 3631 1908 5357 11237 12401 3290 12418 4708 12251 2455 7088 2803 7218 809 5882 9078 10615 3385 8772 6934 9550 4970 8677 3139 7439 38 9861 5804 12477 6072 13014 13038 1554 1885 4790 5743 11238 4032 6400 2363 3789 4167 8227 7646 8048 1945 7857 3391 6831 5340 8565 6047 10457 4292 7355 2102 11974 2108 2880 11936 651 5950 6381 6480 7306 7971 6170 12764 5107 5231 576 9075 3470 5722 10002 3466 5822 344 6498 758 956 11356 3146 10983 6987 11438 45 655 10113 10404 880 6495 7234 12369 7630 12089 1872 6199 10405 12968 3755 11159 12903 13196 4271 9560 11387 13497 1754 1758 1759 8603 6279 10530 8250 9967 9769 12841 680 3278 19 8622 4623 10305 3868 11615 5356 11131 946 7361 8076 361 3544 4891 2015 2550 3297 11324 1680 3240 12515 3608 12443 3711 5152 3194 3675 142 8007 971 4642 795 3621 9365 7970 8218 5525 5576 4079 6581 7069 2965 8255 10763 11764 13039 3199 12866 13415 934 6325 6537 10990 2754 10009 2676 3417 13454 8755 10516 5692 8988 4610 8084 1646 2000 3249 12746 2057 4132 2281 2702 10407 11043 5197 9635 3920 6875 3530 12630 11761 12520 3614 4974 8532 10245 4680 12322 4162 8831 789 10753 1477 7615 7543 7551 8486 10832 1174 1348 1768 7994 5440 6120 3854 5533 10808 5550 6168 7774 8945 11605 10921 11265 8121 9813 11473 3350 10936 1047 13555 2500 2547 4487 6853 4892 7342 3207 9725 823 10098 527 11395 1813 10726 3384 5418 1668 5232 11725 3846 12482 2959 11753 2982 9394 896 7021 10654 4945 8773 11594 11650 6877 7540 4485 12569 1609 10876 6918 11437 9539 12167 302 7050 11558 3392 10580 1455 4008 554 11502 4977 7885 1312 3292 6946 3104 9115 12522 12525 
10768 13378 
10924 
2532 5181 12103 3302 7676 4783 11583 2819 4506 3124 8091 4653 6456 11671 4117 10108 9003 9874 8679 11506 3073 12164 692 2352 3394 10879 11620 4342 6752 9976 12247 2535 12498 3617 5180 2414 5224 12613 148 11071 322 1558 6957 8167 10674 1424 4875 3622 8766 4346 7784 6483 10506 2089 10799 3022 6029 6259 11429 4569 5488 6268 12250 2129 4503 7159 3231 4673 12599 839 5980 3662 9318 645 770 1788 6470 8551 623 6484 715 7667 12804 2100 8065 3068 12653 7358 10875 3024 10115 2209 4425 4152 5556 4724 8189 684 3429 4832 8200 4971 8713 2267 9534 8524 10785 3534 6130 9706 130 7894 6407 8247 3296 5719 7293 3767 7977 3537 8850 12192 224 2893 587 4127 1694 6074 445 12715 2011 6034 11449 3176 4955 2681 7573 6798 8243 5529 11563 7199 9879 11623 11716 7777 9400 6652 11806 693 10846 1472 10355 2084 2868 11277 8089 12773 446 10145 10196 11525 12550 1643 9749 8533 11663 1651 11279 3057 5435 10097 9831 12292 12725 254 1930 397 1732 3126 9242 3505 9461 6858 11116 12591 2898 8835 12779 4026 12339 608 4367 9734 12326 4712 10197 1063 10329 4161 11661 7898 8323 8700 1354 9910 1061 9271 2926 8680 10820 12086 4451 7336 5631 11136 2034 7990 12997 2074 5138 5018 5844 6088 7714 4484 9726 3005 11088 3558 11562 4806 8693 5510 10997 388 6330 6860 12382 6173 8392 11644 5650 7600 8606 1109 12668 7060 11771 12048 1041 1600 3473 7160 830 9675 8390 9117 11674 13253 3020 4946 8775 12875 26 3930 1021 9683 7852 12230 50 1781 5890 8358 295 590 3027 12624 6998 7940 12481 4657 9566 9631 9756 9979 11984 1956 11130 11433 3871 6006 11454 12424 13327 1127 9870 8670 10668 7012 8531 1509 3418 5965 9200 762 2633 10979 9747 11687 1456 5588 4097 11607 5543 10549 10825 12371 3794 4910 8688 10171 12291 4752 4868 8815 9776 2788 6812 9527 12588 1093 7908 2732 6854 9307 11135 649 6302 7443 694 9385 12220 12530 4147 9383 3563 4972 6254 6890 2805 12547 5086 7893 7976 9695 4383 5924 11474 894 3008 7099 1495 8474 1895 9423 2507 11439 6738 9865 1365 4501 2474 4916 2462 3205 192 3981 568 13054 10323 13213 2361 3841 9183 1451 7873 1525 1989 8990 6246 11828 9074 10896 875 3140 7571 8880 1394 9181 1132 2036 4908 7771 11442 8812 11450 1840 4858 3975 6362 871 4087 6211 7209 3069 5912 385 6067 7789 6519 6915 487 4749 2180 2699 11060 12123 1262 3295 4129 10548 1866 12376 3049 7480 10762 11074 601 9440 1144 2120 9291 232 11541 6159 7932 8380 3003 7939 8195 13441 13537 8300 11189 3332 11306 10172 13225 4249 6863 9146 11643 7266 11740 2065 5652 3553 4020 12609 785 4863 6976 12810 306 2052 4015 5731 774 6658 10698 5269 11461 6794 10759 6565 12358 4 8863 5301 11645 1606 5986 3203 3414 5803 3412 5605 8653 1723 7534 5933 13163 7846 8576 236 11319 3967 11282 3594 12340 703 3735 6032 10422 909 9678 6160 11100 1550 1711 3333 4594 10158 11347 443 5783 7552 10215 10596 4331 6732 5278 9187 6435 7441 200 3256 5595 8473 12037 878 5266 7146 7790 12468 1431 9980 7756 10331 1252 11307 11560 261 6083 3825 10939 6403 7172 7529 11102 1004 11242 7966 11202 1067 5299 2133 8714 8899 6603 7233 2062 6655 1078 3996 
11293 
11496 13299 13313 
11888 13377 13551 
420 482 723 7122 2044 3574 3674 11705 2383 11892 1416 2451 9942 12049 2314 7314 8491 11050 9702 12074 222 3715 6209 9873 1128 10532 1760 4536 7526 12517 2704 10907 4704 8992 8399 10918 12608 4449 12666 1954 5858 77 2170 1379 1833 8795 3305 3557 384 1617 2167 5403 180 7430 6421 12210 6560 12279 4422 9111 6058 12663 3388 9147 3660 10390 1631 12425 4183 11190 6143 11849 3847 12552 3852 8885 1016 4112 7902 2643 6142 5861 6669 9681 10439 7635 11415 279 9227 832 2579 3016 9786 4625 12271 511 7896 8204 9372 4266 12283 2289 4934 7063 12642 766 7596 3050 9331 1991 4579 901 2931 3184 3892 550 5220 5506 13395 4998 12896 644 4498 8596 10656 4964 10754 3382 11147 11308 12138 3905 12837 4118 10779 12838 1316 12582 1367 3812 7881 9948 1693 2243 4151 10046 3113 9627 1498 12658 5774 5815 9104 8198 13023 2531 7464 185 2873 2823 5463 6571 8768 13389 6903 7536 4461 12196 2940 12757 251 12244 7116 11719 325 1743 2421 8919 13112 10569 11720 6064 9223 9334 11195 3702 6962 6351 6366 12494 5133 7095 7935 147 1810 2725 7840 3944 11019 5245 5457 9513 13281 7644 8311 6726 13119 3497 6348 13246 1762 5140 992 1224 3134 2863 12958 4221 10365 352 5064 5667 12573 5318 12463 4377 5342 1313 7083 1736 7178 9464 479 2422 7608 11327 11006 13434 10429 11975 453 3509 658 5497 11882 5216 6031 1892 9742 5493 10669 3578 9017 5570 6978 3737 8579 10944 13235 6589 12257 606 11981 7130 9899 2287 8803 2504 9023 275 7254 9343 5453 12563 3637 11517 3922 7261 6850 9856 2508 5158 3127 5915 1886 3190 2071 3263 8578 475 10872 3026 11613 2639 8964 10486 12293 2448 5297 9684 6760 10818 2612 8960 12318 2957 6969 13439 6136 6502 5175 9076 2004 5408 3798 11855 674 1748 11542 2851 9472 10382 11162 4656 4772 8374 13228 4865 5400 605 8662 12759 567 1996 163 2073 7566 9693 1719 7119 7818 3017 3611 12221 11604 13110 1378 7281 10366 932 6349 10474 1001 11016 2453 7183 8384 381 6290 8222 4596 12555 7878 8339 3719 7502 5057 8676 8345 12286 2225 10897 3623 6002 9595 1357 8133 9908 12004 2387 13002 13198 670 10083 2518 13461 6642 7415 9511 4143 11366 7205 13058 1423 8499 1613 11354 3604 8511 4137 6478 238 9491 11495 1984 11321 1940 11359 1302 6745 3328 7640 270 3822 5229 7925 1387 8228 4214 10812 1111 6921 726 4450 6562 7109 11129 1521 11579 347 5460 
191 9287 5379 6643 198 938 3658 966 5361 10544 2178 10551 3858 8402 5289 8481 87 6050 7089 9508 525 10079 7065 9428 5898 10679 5210 10632 11252 1142 11916 4478 6014 151 7378 5762 10756 8912 10719 3549 9866 2459 11570 9122 10664 11609 2097 6605 2655 12386 2710 9741 2435 10143 2415 6587 11411 4871 7677 415 1789 3108 6792 5918 12195 249 3367 12645 3123 12076 4172 11196 5561 10560 2284 5633 2489 10813 767 2714 3645 9929 37 9686 2017 2846 3100 2515 11460 7446 11434 293 10334 3781 11978 828 4660 6965 413 2629 9622 504 3447 5084 7136 351 3372 405 5838 4654 7882 5123 8231 5215 6342 9716 10716 6115 9403 696 2174 10415 2444 8427 3995 12202 5590 12747 7963 10254 2118 5234 4634 6319 6436 8805 3793 8696 9618 5045 9160 11566 8061 12041 4898 10941 11197 7333 10873 376 3510 929 1532 9829 9841 8313 8756 3982 9387 12310 1969 9084 4613 7586 6380 9050 9126 3353 8077 4021 12307 4310 5074 2768 4931 11800 8948 9207 9288 10480 690 6098 987 4401 11547 11631 5654 6289 6761 5911 7013 7107 7736 7779 7515 10147 7399 8291 1649 10919 8058 8448 2716 4297 7817 7808 12695 9927 12095 6443 8038 10038 10591 457 1725 11218 7337 10992 3058 8518 11557 1860 5035 1906 7854 2259 5637 2496 10822 450 5150 5188 6600 7349 490 10332 2111 6547 10534 11204 12673 2123 8043 4225 9808 11056 12490 800 1106 12324 2121 2343 7132 1403 1433 5069 1305 1460 12288 2390 5662 4421 5734 12301 3832 8873 2555 11638 1019 4272 2925 3896 2977 5302 7411 9916 3440 5926 2430 10770 11494 12436 3457 7097 5218 9996 10588 3038 8162 10209 12050 993 3359 11390 4782 12681 6389 6713 552 5185 2798 10281 6829 11292 951 1566 11231 11320 1136 5366 9252 5785 8297 3496 9338 9095 12000 3516 6337 1375 5328 7533 1903 8893 11944 10618 12098 4424 5518 6947 6993 10322 3476 10497 5103 6981 1189 9815 8566 11287 1555 4309 9505 10501 11440 9720 12231 391 2228 2468 3463 4848 401 2647 9099 12132 5523 9888 1832 10373 4483 10231 695 5521 1616 4591 8158 622 6672 2588 9281 458 3041 7251 11567 1721 12159 4701 5036 4247 6164 11281 6161 7041 6665 9770 8902 10448 84 6848 8210 716 1216 5199 11051 5447 9892 1982 5358 5560 4176 6277 5067 11900 8784 12412 2621 5879 5008 8436 3225 8639 2072 9962 2764 8961 6741 8734 10122 12605 125 7611 11998 12572 
12135 12966 13028 8136 13171 
2467 11539 3067 11850 8146 9836 12505 10008 11035 10454 11596 8839 12509 2506 10181 340 9313 937 12107 4204 6584 3079 9475 10411 9896 11406 2618 11520 3743 3988 4852 1722 5895 1443 9148 9608 3704 6979 4990 6961 11976 2026 10019 2967 7542 8751 10695 2650 11904 1442 4645 2662 9819 7195 9226 734 3155 6984 8196 8372 9397 3241 3926 3750 4463 9278 9783 2446 5776 5985 8956 2745 5735 8614 9575 11991 3850 10124 48 8745 6905 10114 1082 11476 1511 1783 2161 5701 10193 86 11861 3467 4612 5383 6127 9450 2250 8977 1237 3368 4391 9289 6930 12081 2317 2493 4662 8434 6771 8844 2648 7639 9378 998 6363 1231 1284 466 4027 5661 7352 11805 4847 11419 5087 6347 2677 9926 11093 5873 9837 4429 7093 10692 8763 10363 67 4878 2049 3894 5339 7206 25 4713 3845 5864 3363 10502 10964 54 9217 11318 659 13421 1139 12887 1253 12413 3402 10315 8055 13093 8730 9123 7221 11355 1246 8271 9114 9379 11911 12884 7909 13399 794 7402 1353 10367 2353 4813 9625 9420 11895 12204 9640 12055 5769 10226 1158 1955 10959 218 3045 8060 5554 9960 11124 638 3090 6288 2039 2420 2708 6534 7841 9900 10499 12671 13239 1320 4330 6103 4814 11540 2232 3219 6968 1272 5250 12248 3327 8582 7440 10740 4616 9175 13535 8245 8687 11937 1221 8877 335 10427 5040 5322 3074 6668 787 4109 4975 7859 3700 9613 3891 12449 4181 6550 196 6992 581 8897 11259 3998 7408 1315 12024 6489 7027 1341 10360 1251 5073 7150 9992 8743 9568 10633 4592 10728 3471 10995 2116 5814 2201 7362 7220 11600 5979 9493 1402 10396 5860 13337 3183 5545 2413 5122 667 6512 10324 4333 11835 2305 6087 1561 3744 5070 4800 10180 5837 6757 7594 456 9131 2379 11889 3580 4407 2224 2883 2469 5051 11872 12798 265 3169 4352 11034 5720 10951 1319 4888 5494 8699 9973 2844 3714 4900 8160 5102 7082 6376 12066 717 3723 3317 4381 11860 1715 11935 1441 7609 10667 11396 1458 12027 2146 7647 6324 7947 3482 6432 12277 5551 7737 8226 3193 6372 8269 2828 9028 10777 11713 9961 11896 223 3307 9665 12585 365 5727 1727 7800 2568 4157 6171 7514 10899 6515 6579 2664 5177 2713 3817 10528 12262 2606 3916 6358 12461 12168 12551 3072 5343 13433 18 5694 3985 10520 3630 13219 5353 11565 5575 7319 9149 11025 12176 12651 3807 11399 4595 10012 4912 7951 9206 11658 1677 8027 719 9689 12258 5821 6448 1753 7747 11621 1761 11394 505 3907 687 2157 4854 1294 8046 1663 3348 893 2376 2904 3652 4915 5795 8710 5613 13383 3156 3232 4568 7126 379 8350 2672 6774 1384 4294 4904 5824 488 10797 3605 8678 5840 11334 193 6813 8347 10977 803 10676 1949 6953 3583 6336 3701 6056 5573 7418 4519 7719 12267 12474 
12351 13043 13130 
12353 
12480 
228 6350 10104 5607 10255 237 6418 4260 6486 1327 12101 2816 10077 10380 2562 10287 2741 4663 7936 3214 11710 4899 11255 13473 8704 9408 4261 5566 6617 7236 7804 8139 10801 10916 3696 13101 1500 6770 2086 12373 3731 4197 9510 10989 68 686 4479 8273 1512 1539 1855 3787 6275 11435 3538 8278 12527 1817 3321 12840 10264 10662 13143 5167 11286 8364 9458 13126 3233 13206 3208 9071 7591 8553 4142 5076 5424 2187 6598 12092 70 2752 2943 2204 3087 3849 9804 3587 5060 3776 6881 9433 10103 12731 2543 6334 3076 9488 1931 8472 3403 12455 2598 8746 2565 9125 292 9694 589 1884 2776 9542 707 9703 2160 9039 2398 10035 3042 6163 6354 3687 11052 1347 2691 2258 7933 2830 11549 8415 12289 203 1029 3441 1700 4586 136 2955 3952 4413 11182 1058 1634 7516 11150 285 11244 59 10351 4171 4744 4006 9715 9959 11891 263 7983 11511 7282 10937 3055 6735 12676 6415 11149 1005 9484 7638 10237 10600 289 1323 2538 4797 1959 8178 8682 10393 1170 13050 765 1493 1020 1468 11759 2534 4707 7508 11009 7561 10895 3434 12320 4423 12453 449 1488 2334 12017 4257 9373 1737 5300 7061 4453 10130 6063 12423 6523 10176 3618 3864 11266 28 9004 74 1259 10442 5178 9956 5455 12115 11267 11341 9780 11512 71 3021 4574 9886 5141 5832 4525 5826 6518 9329 1345 2720 4350 6213 7365 2933 5054 6141 7311 7757 3281 6762 9427 10294 6540 10597 5913 12507 2079 9540 103 1027 8818 8276 8457 9167 5337 9410 760 1418 947 2358 10950 9436 11627 4389 10484 1517 3950 8340 452 11383 545 936 1445 7702 2008 5130 3493 3603 4885 12409 1393 6232 12014 13212 2642 9983 481 2897 4328 6481 6096 11641 7018 9918 10214 8796 11194 4038 9355 7797 11153 2456 11688 5119 6144 3554 12867 5496 6951 13534 4798 11858 5011 7618 9119 11952 609 4195 5675 7965 10508 3486 6722 12862 1057 3999 776 8612 11734 1596 7696 9985 10940 2773 11139 6235 7703 10016 11380 12312 287 9833 4690 11263 7410 9305 138 11105 11964 2899 2906 5721 1870 8811 3596 4439 4761 9901 217 12446 614 4698 5134 5396 5479 11809 4233 7165 10514 5906 6837 6033 7579 5715 12460 1901 7658 8665 3404 8342 881 1896 3386 4361 11402 968 5416 5684 8800 6832 7613 169 8965 12348 2861 3783 7599 2549 10455 5321 6778 6567 8624 9213 8684 9691 4051 5603 5671 9637 7941 12239 1481 10076 155 1765 5705 11485 2731 7755 11422 2332 8216 1260 8903 5616 12553 
12554 13099 13480 
12556 12871 2630 12865 
12724 
12749 
225 2182 8943 12632 2176 4632 8517 12040 2503 8123 8092 10276 8935 11361 1913 7708 11028 11151 12806 1726 3163 483 3987 9523 4609 8430 540 3247 1254 11857 7158 11373 10282 11523 4168 8066 1343 8330 2061 6039 8968 3586 9035 564 7837 1527 3811 6430 8998 11672 4235 5198 8838 7829 10816 2137 2291 2721 3529 4635 5988 6527 6666 2777 6462 1499 3062 3111 5499 10782 139 3288 5751 9086 429 12108 584 4219 6003 8127 9744 12402 1932 1961 2840 4340 2889 10136 12659 1279 1624 2703 4050 6307 6637 3274 3330 6476 7456 7587 7915 11804 805 3532 2288 5309 2824 4688 2701 3136 7225 4497 8543 1366 11821 5143 5206 12405 1043 5320 6569 10870 11727 806 2303 7802 648 1060 4351 9759 10786 262 9308 8667 10381 10857 12062 12225 10162 11881 2403 8230 2285 3640 11884 5331 10286 4262 11414 3992 12789 188 4533 984 6539 1198 1328 10575 3091 11441 11859 2105 8180 10134 341 9548 741 6176 11487 8063 9414 727 10047 1193 11209 1691 3576 1876 3976 11735 6928 11329 1822 8420 7102 12581 3657 3669 408 6606 6272 6719 4534 8691 2248 4986 4175 8371 810 7791 3294 5801 2254 5975 5888 9567 1626 6318 9849 10999 303 2881 3593 3885 8152 2733 3968 8584 9474 3449 6625 8114 12381 6788 8404 3569 12469 2685 4426 8813 4230 5687 1771 7597 8173 7633 9174 10641 12496 369 2644 5293 6779 1023 10032 4337 11012 685 2053 2958 11670 4193 11880 900 6438 10526 9276 12812 2928 12068 474 3607 8035 2215 10839 3023 6697 4799 6045 6148 6187 11844 8790 10200 2585 4730 6281 6663 9661 9998 11377 11655 7483 10495 6017 7746 4106 11217 1229 4124 11986 1046 2050 5101 5883 5921 8785 11278 9676 10507 11362 11754 2235 2391 1692 9764 1278 7323 2234 2867 3562 4254 4633 9363 2377 5022 10553 12206 855 11345 8972 12743 98 1307 12085 2479 8740 13133 5833 7901 6008 7059 5693 7020 8625 6736 9717 11818 3818 6914 12427 3647 8147 6649 9013 8986 11398 3303 8033 10493 5049 7922 5917 12278 6826 11032 6678 9344 4196 9629 1883 12186 2095 4528 4324 11712 9375 11634 8182 10864 2473 7371 10561 11724 535 3707 6554 7267 7607 259 12113 12783 4542 5120 8694 9885 1676 7223 7200 9687 11693 1738 4951 1890 11300 2080 12235 4274 5200 12347 6675 10622 11144 2871 10192 11791 6089 8307 9079 9585 10348 346 12820 1150 8889 6309 10663 10398 11939 104 753 7137 8476 12047 1257 3220 8539 2485 4082 8159 12954 2119 3212 6767 4158 4457 7134 3362 7037 9978 9016 9419 3324 7048 1577 9222 1985 3325 12805 1225 5042 5129 2772 8441 5380 10118 4816 5226 10170 2491 11568 4949 5987 4921 12750 
12822 
1382 12825 13048 
12826 
12828 
12830 
12831 
7490 12839 13195 
12842 
12843 
12844 
12845 
12846 
12847 
12848 
12850 
12852 
12855 
7036 12857 13078 
12859 
12542 12861 13513 
12863 
12864 
12869 
12870 
12872 
12873 
12874 
12876 
12880 
12881 
5063 12882 13293 
12885 
12888 
12889 
12892 
12894 
12895 
12897 
12900 
12902 
12904 
12905 
12906 
12907 
12911 
12912 
12913 
12914 
6575 12917 13154 
12918 
12919 
12920 
12921 
12922 
12924 
12925 
12926 
12927 
12929 
12935 
12938 
12939 
12940 
12941 
12945 
12946 
12947 
5977 12948 13426 
12950 
12952 
12956 
12959 
12961 
12964 
12967 
12971 
12972 
12974 
12976 
12980 
12986 
12988 
12989 
12990 
12992 
12993 
12994 
12996 
13001 
13005 
13006 
13007 
13010 
13011 
13012 
13016 
13017 
13025 
13026 
13029 
2541 13032 13180 
13033 
13035 
13036 
4077 12827 11459 13037 13321 
13041 
13045 
13046 
8234 13047 13368 
13049 
5277 13052 13220 
13059 
13060 
13061 
13062 
13064 
6839 13067 13379 72 13333 
13068 
13069 
2177 13071 13168 
13073 
13074 
13075 
13079 
13080 
521 13081 
13082 
13084 
13085 
13090 
13094 
13096 
6786 13471 13501 876 13097 
13098 
13102 
13103 
13109 
13113 
13117 
13120 
13121 
9858 13122 13135 
13124 
11602 13125 13231 
13128 
13137 
13138 
2876 13140 13249 
13142 
13144 
13145 
12758 13463 5872 13146 13490 
13149 
13152 
13153 
13155 
13156 
13157 
13158 
1386 11053 13159 
13160 
13162 
13165 
13167 
13169 
13172 
13173 
13175 
13176 
13177 
13178 
13182 
13184 
6654 12879 13481 6097 13187 
13188 
13190 
13194 
13200 
13202 
13203 
13204 
13205 
13208 
13209 
13214 
13217 
13224 
13226 
13229 
13233 
13234 
13237 
13240 
13241 
13243 
13247 
13248 
13250 
13252 
13255 
13256 
13257 
13259 
3107 13260 9563 13408 
13262 
6411 13263 13362 
13268 
13269 
13271 
13272 
13273 
13279 
13280 
13282 
1130 13013 13453 9429 13286 
13292 
13295 
13296 
13297 
13298 
13300 
13302 
3304 13303 13416 
13305 
13306 
13307 
13308 
13309 
13315 
13316 
13317 
13318 
13320 
13323 
13328 
13330 
13331 
13332 
13339 
13341 
13342 
13346 
13348 
13349 
13350 
179 8633 13115 9700 13541 1 12969 807 13365 4150 13409 3757 13352 
13355 
13359 
13360 
1627 12890 1939 13347 360 12893 9155 13266 2979 13361 
13366 
13367 
13370 
13371 
13373 
13381 
13382 
13384 
13385 
13386 
13387 
13388 
13391 
13396 
13397 
13404 
13405 
6604 11729 8814 12957 13027 9561 13089 6687 13407 
13410 
13411 
11014 13338 13518 5619 13417 
13418 
13419 
13422 
7773 13393 705 13414 13424 
13425 
13427 
13428 
10327 13403 13554 439 13431 
13432 
13435 
13436 
13437 
13438 
13440 
13442 
13445 
13447 
13449 
10055 13450 
13451 
13456 
13457 
13458 
13460 
13462 
13464 
13465 
13466 
13468 
13469 
13476 
13478 
13482 
13483 
13484 
13485 
13486 
13488 
13491 
13493 
13494 
13495 
13498 
13499 
11510 12823 13503 9002 13502 10958 13375 10968 13514 
13504 
13505 
2573 4022 13227 9519 13020 13230 1584 9170 13265 10036 13506 411 13552 
13509 
13517 
13524 
13525 
13527 
13528 
13531 
3912 13532 
13533 
13536 
13538 
13540 
13542 
13544 
13545 
13548 
13549 
13553 
13557 
13559 
13560 
13562 
