0 
75 5966 198 10544 966 1616 6214 7946 12776 938 12307 12572 125 2627 2885 7511 7089 11789 2351 11340 12213 1043 2724 3536 11691 3685 8025 5710 5880 4053 4976 691 10091 6892 11611 391 10348 12347 4940 9153 12533 107 5477 5154 8719 1324 6007 3551 11584 9248 10650 6713 10558 993 4274 3359 6043 10192 9720 12681 642 10770 2430 2963 4782 12436 2621 4231 8436 5067 5926 8150 7020 7922 6914 8539 2539 9996 3041 3457 10555 5218 8902 11494 7249 10209 12050 401 2468 12231 1555 2228 4309 10120 1832 10501 730 9916 11440 2925 6663 11567 458 7097 4483 12412 11900 11998 2434 3725 9508 3496 4591 6281 6985 11320 12695 10231 11631 552 7041 7533 5008 7251 964 9824 3440 3659 6250 9962 778 3416 5657 7215 8616 9240 2072 5185 8566 9815 10618 12602 508 7326 1417 12605 2423 4387 2417 5168 5179 8110 2106 9219 191 9382 4701 5207 2307 6061 3187 10732 3010 3209 3893 6529 12139 9 11996 987 4401 5911 690 4613 5560 6277 1982 2764 5358 5925 12119 87 7465 3353 11547 6098 7013 10783 7107 8402 8018 8798 598 7498 4021 11183 9557 12744 3818 4951 12427 3038 9302 6122 10398 1150 6675 12132 695 4855 3595 6548 9481 10373 9016 9905 2588 10162 5521 9281 3362 5978 7037 9978 1577 5929 3951 4256 3897 5879 11126 5074 5379 10235 1167 3656 6531 5110 10385 5361 7611 6643 8077 8784 9338 4913 7211 9867 10678 5380 12235 2647 10170 1225 12805 5042 9099 11390 19 748 6242 10245 10305 5197 7578 1410 8955 2798 5328 10281 1321 2058 2960 11648 2364 11897 3278 8277 4623 6791 7050 361 11324 10054 12539 3297 10190 2945 5745 8622 3665 6352 4891 5693 5470 9717 7137 9490 11300 11818 680 6736 9638 9676 10507 8532 11278 543 8383 6559 10651 11023 177 6893 1605 13092 2916 9438 2485 11791 7059 8162 10588 2683 11295 6337 8861 3932 8254 1257 12954 3303 10493 753 8159 2871 10663 346 12047 3220 5049 12820 104 6826 4980 6240 6455 8500 5426 7208 12877 5816 10236 1171 9971 4082 6008 8476 10757 2951 13222 13452 10483 11808 3264 4136 1917 8822 10789 8656 10219 3868 10595 2271 3544 11615 11131 12374 6946 10530 12908 946 6279 1312 3292 3924 7361 2402 4186 1935 3154 2660 6206 8373 2768 11800 12159 5131 9616 3372 4247 7779 6380 10147 1607 7494 3225 8734 8961 10124 11991 9207 9600 5348 10922 1841 11051 84 5447 932 10658 2668 5797 5876 1216 8639 9770 2612 12098 6829 11292 1375 11287 6459 6981 674 1903 11148 8210 10382 4160 5685 10486 12293 113 8893 3234 11944 9614 10932 13015 1831 2257 12860 3516 11155 1748 11256 2851 2957 11162 11542 672 845 7121 818 7752 9953 6677 7248 7404 9358 8519 11618 8550 10677 8695 12356 716 11894 5530 9098 6077 6161 7353 4199 6541 268 9892 3650 4056 8170 5093 5808 1528 8232 2575 4729 6638 7470 11046 5199 6665 1721 5036 4176 9050 5555 10448 7885 9967 8250 10113 6199 10405 12968 9560 11387 9769 12841 13497 687 2157 2892 12046 4404 11331 5795 10474 13383 2073 2446 8614 8956 9575 1295 8662 6349 13439 
131 12854 13210 
179 13115 8633 13365 1 12969 807 9700 13541 
577 10606 2115 7081 108 5755 11787 123 11512 5303 6048 931 8595 621 7638 2104 11945 28 10149 2098 2713 7541 10528 3241 9132 10394 2634 5113 5837 589 9665 3796 10221 3424 7055 8586 10994 632 12189 143 9891 3810 8377 11777 12620 7668 10837 10061 12541 5537 12700 9997 11426 2875 10807 9822 11841 972 10592 9004 11266 246 5144 9650 10441 3119 7886 8306 3672 9321 11492 12501 164 6883 11134 4003 11325 378 5793 921 8558 3478 7595 9975 6618 10424 11464 2521 9467 2756 7491 5598 10426 8587 9738 5622 11982 12636 3648 11871 3599 7468 4862 9220 4510 5564 11993 6629 7564 2846 3284 10164 3445 5865 7187 2492 3042 9349 5455 12115 2693 3687 153 5072 4854 9131 9362 1494 2131 5679 5713 10600 6354 11052 32 11235 11382 12110 534 10723 5438 9541 11091 1105 3633 11798 2513 7474 9255 2776 9542 5139 12342 519 6015 8181 1231 6447 8780 12489 4662 10692 9926 10520 4006 6757 8985 12499 9673 10292 11956 10776 11883 5137 11093 4906 11851 12585 2949 9322 6133 8733 9570 12699 7532 11020 2603 5284 11436 5255 5557 5936 2552 5738 64 7687 12774 154 5562 5532 8060 4598 11769 
441 
226 12332 6698 12751 717 7501 1474 11268 7045 8027 1677 9689 2128 6324 10012 11713 11177 11658 9206 11815 12396 1068 8401 6261 10513 11239 12030 11834 12544 617 1675 10890 3824 6384 11027 4001 5336 6929 16 2770 11575 3065 12178 1518 12684 2522 3883 12126 4822 6312 6956 10702 10218 12529 3760 4130 5327 1117 6233 311 1526 5748 12408 30 592 7653 1303 5190 5781 9501 1368 10721 62 7070 583 5115 4722 5452 6963 983 7094 1820 4190 7686 8816 9280 713 1988 3339 2808 6401 9482 11216 7883 8505 4044 7950 995 3802 12208 7991 9012 2895 10973 1541 6340 1608 3581 10978 4874 8213 471 1452 187 10342 4007 7192 10304 9061 10447 5251 9043 4081 10672 3642 4887 3762 4460 6784 7009 7637 2154 9792 719 4595 925 1529 4408 7999 4465 4692 9332 2502 7715 8910 363 1104 2338 1983 4912 9149 1152 10224 1633 1919 9601 11070 1429 5670 5711 862 7106 5066 12114 428 8215 472 3931 509 8185 11250 3039 6216 7190 9774 3206 10319 4843 7973 5758 12512 7454 8901 2158 5253 5500 7699 7428 11369 1728 12018 6815 7157 10464 12328 4291 11400 1334 2294 8045 6551 8864 6335 11085 11587 12428 11254 12483 271 6046 2283 10087 3144 4802 7824 1816 10858 6446 7392 3910 7819 1155 8369 9889 846 2023 979 6885 6721 7762 2870 6054 8716 1508 2854 12664 10772 10881 11610 3173 10930 5817 6153 4643 11545 10910 11110 7005 8169 7433 10088 4155 6964 10612 2567 8032 3437 11770 3472 4075 9404 1473 5305 6373 7276 11785 10751 10976 4738 10739 6970 8265 2014 9553 4954 7194 9034 11418 9537 11084 6633 12314 10432 10935 12545 4213 9063 4928 9473 7110 10613 3037 7903 8939 9803 10341 3237 6566 12193 12561 2536 8643 1156 8135 2600 11958 2038 11822 7185 11980 10758 12565 12679 273 12265 2313 7832 7575 11343 4930 8379 5717 7793 8343 4844 4933 11163 11348 920 12269 2409 11432 1026 10049 1543 1653 1161 7004 2920 8467 9009 7390 8502 5208 7987 12187 2185 4761 1370 2663 4842 3346 8105 783 4344 9878 1012 10535 4768 10359 10229 12194 
636 
656 
876 13097 6786 13471 13501 
919 
991 
1124 
2628 4739 5248 2784 8015 895 4896 958 2370 3399 12352 1050 5937 2558 6245 4675 11416 6488 9045 3314 4640 5869 6050 10505 6563 7436 12020 951 2410 4909 10551 1898 3872 1559 9341 841 10260 34 146 8542 11444 21 4310 7807 9287 536 629 10248 11125 10794 11038 11168 4288 7268 7452 928 7866 12057 11186 12038 2399 3764 2620 5222 1269 7606 4153 12280 5957 12644 5621 9044 10106 1536 4242 10487 9054 9904 2359 9711 2592 11169 6499 10139 930 3446 6635 3629 10081 6612 11606 8334 11678 9178 12584 884 2463 7576 3425 4664 7334 6924 11246 1618 12450 780 3491 12162 12471 2319 3052 4071 10101 463 4313 5402 8638 6585 7350 1361 5700 6137 10905 630 4042 4527 5702 10971 2669 6591 7732 4343 8487 9799 4601 9249 4582 6647 7806 11123 10587 12560 756 8967 3198 5161 4804 10554 678 1947 7683 1291 4360 7298 9952 10387 12524 9157 11840 13192 2012 8012 4636 10071 861 5742 11370 2942 13558 1364 5503 10871 12661 195 1165 7949 6218 13314 6439 8138 3195 6440 8497 9850 11979 8725 12254 13151 4997 11960 824 903 6710 9922 12129 579 6172 6908 2520 9667 
1404 
1405 
1489 2850 7397 
600 4922 128 2758 1836 11344 1510 8118 10704 6428 10354 10730 11752 1790 6135 2476 10037 4374 11731 3947 11447 1331 5071 12816 1565 3313 2946 9327 4716 6177 7938 790 7643 1363 1859 4126 9006 12514 364 8987 11918 8394 9487 12660 5469 8388 5641 11121 1492 6123 245 9912 267 8515 1241 7228 3157 8284 5932 6920 320 7730 8282 3420 5971 1812 3673 4385 11868 10213 13539 9309 12228 1297 10052 2346 9565 2999 9489 5673 9793 6150 8458 7749 8764 12385 12625 3011 11358 626 8871 4710 6437 12769 1827 2321 9760 12060 594 2887 1172 1971 3756 2059 8509 7143 12127 926 8165 10571 3628 6179 11521 3217 9049 1149 3667 7557 4070 5290 886 5151 4627 5862 2496 8302 10791 3918 10073 4092 4777 8324 406 2365 5080 3121 6093 12683 448 1028 3452 5164 13278 13285 2460 8718 9704 9658 13372 3929 5949 11561 11673 11739 5272 6734 6634 6851 6282 7769 10488 852 1995 11452 1255 2066 10855 4303 7924 5444 11013 1502 12084 8011 10022 10326 1703 8028 12785 10020 11425 561 1420 12984 4012 5027 10121 6728 8712 8024 11401 7173 9067 13358 3585 3882 6475 9514 13000 436 6717 1818 13294 997 7388 7485 10961 6414 7853 2055 10330 10778 1360 2800 12504 3001 3147 4786 2546 9654 6830 10942 7405 8650 8950 8744 9611 883 6328 12995 7767 12184 1904 2047 5984 9525 2277 10500 6898 6971 8590 6856 7231 7000 7816 2123 11793 1725 4108 12802 3518 12354 2760 6158 3442 11569 1707 5431 11218 11303 330 7988 6331 8913 3221 4293 12052 3152 5810 4480 10583 3427 10700 5733 10712 5417 6870 1879 4720 9855 4693 9846 5081 10928 8851 11774 10467 11848 4285 4289 8081 4846 7589 2505 6019 214 2686 7043 7180 12379 12498 2401 5541 12693 953 7558 1780 10848 2937 9371 6100 10141 5270 6226 7080 10173 1437 8201 7665 9718 4191 6105 20 7335 1191 9766 1288 8283 4144 10531 4086 9184 3689 4881 5954 12600 5394 9854 2674 3077 5456 10542 7775 11694 6955 10823 6718 8233 4621 7071 2301 9199 2143 6823 10737 5524 5589 7241 10657 4320 8570 608 4367 7898 11663 2898 8700 8715 2591 6889 3066 10760 3531 11784 2027 12327 7199 9879 1061 3705 5029 10820 219 6753 2273 7650 4492 7989 7623 9893 10057 11423 791 6409 3770 11910 4780 11022 39 407 5878 257 11726 2166 3095 1867 4815 9267 9189 10603 4902 11721 729 8627 706 8426 879 11626 2535 5725 4673 10701 5706 7851 204 4396 7581 8168 7186 8789 1395 3834 9584 1651 9268 2142 5224 2978 8433 3575 5609 1767 12237 1929 10239 2328 9825 2449 5332 7795 1173 2896 5345 8908 3102 8513 380 7978 2103 6939 5998 6398 5805 12462 6879 8440 11877 12487 507 8836 1642 10632 1206 2091 12737 3982 7302 869 3939 12310 1670 6580 9387 2151 6037 11557 12490 4884 8068 7962 12726 10929 11252 888 7812 4227 6053 8309 2259 10064 2450 8124 9193 13412 229 12083 863 12721 95 176 2782 6252 9052 3031 4511 4999 6674 7188 10420 7259 8583 7287 7826 532 10601 4339 12282 1397 9085 9934 5689 7412 9120 3793 5485 8805 3859 12067 722 5948 447 6436 8756 9033 376 8040 8696 8313 9618 3504 4376 1950 6014 9160 9435 11566 2037 9788 10165 11357 11445 
9170 10036 1584 13265 9519 13020 13230 411 13552 2573 13227 4022 13506 
1637 
1683 13287 13526 
1800 
1974 13065 13223 
2099 
2256 11364 
2281 
2541 13032 13180 
2579 9291 
4279 6090 6842 8887 6558 7760 529 6413 260 1107 5870 7396 10072 9259 11248 952 8619 1436 7340 1425 9445 9229 10752 1770 5007 10185 10313 12797 9203 10733 1861 11524 4500 8860 2208 5233 280 6902 12355 5501 8530 1497 9761 11817 2445 11079 4405 6180 1595 10790 3953 6291 430 9737 2619 7479 7801 5244 10041 12558 1401 11656 1907 5853 396 2952 4268 22 8703 918 2172 6285 524 4659 7179 12497 1972 9234 8555 10167 2241 12188 6070 12143 7701 9470 6295 8246 1389 4995 8717 9141 12723 1622 9848 2632 4969 7562 10970 12154 4557 5586 3019 5567 646 9966 1065 11080 433 923 12580 1201 11047 7554 8891 9864 768 9871 1448 8849 11965 4957 8151 9250 11479 3960 11994 12610 4078 8672 7315 7649 5642 8636 4644 5811 8454 8508 13131 516 7621 106 8194 8272 9598 10075 1258 2024 12120 13070 939 5854 13136 624 3390 4354 10043 5634 9357 5799 10150 5572 11466 381 453 1735 3737 12179 5405 11172 5367 10166 9816 10473 3509 7024 1192 10683 3172 11707 8 6269 6290 11360 12274 7103 7493 5497 11830 12 13467 247 3502 7786 12677 375 2331 1878 5990 4520 6707 8100 8370 12781 523 2589 2075 2076 4141 11516 3373 6036 1874 6846 8941 8973 3842 10220 2090 3243 2368 10199 1958 4373 4658 6125 9326 1986 8978 4530 9080 7810 9304 4880 12200 4456 9677 13394 2255 9564 4833 9663 2950 3273 13232 13402 906 4119 3179 13186 13430 2130 7528 8252 12297 2268 2761 1085 3438 9194 4773 9346 227 4721 12256 5369 12593 8449 9264 1486 9964 7679 12170 3283 4565 2096 6040 10138 418 1590 1733 6797 1380 2750 8275 3651 3955 5728 8257 2574 9019 10352 1698 2205 1480 8274 10806 2615 3684 6399 10065 2673 3658 11529 3844 6369 6243 9881 282 5599 4629 10403 4444 5196 7398 5172 11111 6023 11968 6191 11260 8130 10708 3158 3477 4462 11603 1274 12106 2729 7393 3360 7175 3025 10943 2375 4203 2384 5117 4366 10409 1744 8552 9894 12350 8475 9315 8386 9657 1266 11337 11743 708 3913 6608 948 10826 427 8407 973 3828 1985 5209 8041 9688 2067 9176 
2746 
2779 
2876 13140 13249 
3115 12836 13496 
3304 13416 
1195 5148 7329 11176 11760 2325 7847 3149 9035 12215 3406 9530 6110 9647 1782 3423 5960 7583 3740 5792 7889 3054 6012 342 7745 4514 6917 10386 5404 7141 8841 3561 7625 8326 11748 2246 10972 3197 10257 4146 9191 668 9040 1245 3649 4907 5192 1825 3780 10353 10630 3258 9732 4060 12458 7014 8305 11931 7216 10715 8087 10489 9931 12384 4210 4467 7524 10638 3708 6469 1666 6241 1045 4794 9535 11298 8020 11906 4246 8876 3451 9965 3833 10202 1858 2997 6814 10027 679 4052 2212 3088 8111 6371 10824 1696 8819 1054 3668 8962 10284 6536 8244 4062 9545 5976 8013 1571 3450 9411 2792 8957 11556 877 10298 5749 6217 4035 11313 749 3238 9161 9857 3142 9526 1757 5610 10798 5766 7997 8646 11899 12011 10210 10610 2454 5241 4299 5031 9296 11781 641 10948 5935 8933 46 4140 6862 4325 7855 8073 10725 874 8571 10854 3598 4159 7602 8829 5439 12044 6404 10325 5263 7510 12010 7303 10815 5999 12255 967 10462 2670 7634 9097 2480 5835 1278 4254 2684 2872 4526 5314 3562 7530 8804 10238 8998 9636 8970 11527 11528 2685 6593 1070 3475 4836 8363 9969 5112 10705 2145 4682 5326 12936 5659 11812 11669 12080 165 654 5362 6039 11441 11859 4436 5395 7339 9790 11746 11657 11826 7723 8019 4584 10204 6724 10300 1927 4113 8706 4426 12272 2838 9875 2229 5135 11946 10835 12771 4792 12508 100 1585 3358 47 2441 11703 1333 6042 4448 5105 5920 8197 8385 10160 2938 12791 4504 9583 10063 10251 368 3806 3242 9947 8080 12686 469 12809 815 1594 3435 2478 9133 7740 10030 6215 7899 9664 902 7034 9370 11559 6940 7152 9128 11339 258 7288 7820 11470 2045 10996 4236 8846 12953 982 2533 2488 11692 2126 4420 4121 7305 9031 1072 10867 6260 8600 1842 4372 9587 10828 1343 4446 1848 8330 2061 5173 5828 6353 8417 1638 8593 6026 6907 7052 9091 1597 7513 3145 3612 5015 8346 1603 12026 3957 7279 5993 6578 2181 11654 13310 1795 9963 2763 6355 6525 11376 29 7787 969 9907 7489 12784 489 3164 2786 12755 7927 9817 2923 9630 12886 4441 12962 6 13459 
3324 
1811 5078 3040 4173 4700 8735 10579 4089 8411 11212 5729 7264 7139 12398 7449 10340 6500 9087 9208 3526 4740 5802 8934 8464 10659 13356 5077 12158 4455 6671 11291 12579 1961 3915 9421 10567 4515 8535 2495 7328 10589 11063 548 7892 675 3840 8243 10799 1049 2985 3302 3851 7075 4553 9072 224 11583 7676 11620 3189 10938 7632 9088 12543 10446 11646 3202 6189 4927 7299 3974 11885 4588 8648 5062 12036 570 3124 1110 3391 5812 9928 4810 10804 55 12431 11215 12623 2654 4973 5249 12247 12814 310 326 4039 4981 5421 10078 870 5732 1332 7627 8260 8731 6555 6652 10082 10809 10406 10925 3000 8980 4991 9245 10593 11017 5089 10431 6972 7875 2587 10307 2293 11747 3927 7217 1672 1807 10157 10159 10898 11854 4824 4984 400 855 4728 12209 2182 8066 6003 12659 9252 11231 2889 4764 540 11857 1624 6731 584 1279 4219 1726 2176 4730 7708 1913 8430 5523 11881 3247 11373 262 9308 622 3463 2585 11028 9505 11151 2080 11754 184 5921 1621 2990 221 4421 7132 6942 10152 225 8972 7158 8420 8667 10381 12743 1692 11403 1876 2235 2604 10246 2391 7323 2701 11804 12062 984 6539 2403 6187 1136 12040 1254 6065 4106 8517 10282 11377 9998 11217 1499 5198 2721 10816 1626 11844 3529 4635 2777 6666 11054 1046 2137 4124 5630 1193 8943 10134 2867 11735 2395 8540 10666 3023 12619 3586 3934 3992 5988 2291 11209 2658 6727 4533 10053 1198 12789 483 727 2419 3987 5883 2411 5868 6318 9849 2105 6697 5822 11438 6498 10457 1822 9363 2377 9764 8180 11329 2503 4609 8123 10276 2050 11414 8092 12632 188 4262 10553 12206 4633 11345 6831 10002 3801 11974 4632 6987 11655 8785 12520 5643 8935 12322 12630 2020 2738 9759 1527 2303 7802 8174 806 2820 3136 4497 11821 337 7426 12211 12402 648 1060 2703 2840 4340 9744 10136 4168 8297 5366 6672 988 5785 9095 1932 3811 8543 564 5022 7837 11672 1547 6765 6799 5324 8938 
3682 
306 2052 1128 4536 6658 644 1760 7095 325 12595 1743 9334 10669 10569 11720 2421 13112 658 6978 842 11195 2704 10907 6366 6962 774 4910 10698 2732 3537 9747 6565 9631 12358 8815 12048 2788 9527 7060 10759 1109 8693 3555 3558 8308 9113 10389 694 9385 1093 7908 3794 7012 9946 9949 3838 6720 6351 9982 12494 1287 5563 2286 10967 1114 3166 3702 10410 8424 10466 3788 8328 7921 11714 212 811 2769 10997 11562 11308 13395 3905 12138 12837 762 7443 7920 10668 6850 10056 3190 6650 3606 11517 12275 4868 8531 10979 11687 2245 2633 1228 4532 6298 9876 9223 11508 3637 9856 4015 6603 3418 5965 1127 11461 894 6890 7099 12810 4383 6403 9870 4097 5543 5588 11607 12588 2865 11179 5448 7108 1888 8994 8560 8659 1298 4859 7332 12073 283 12022 6705 10547 3389 6640 4248 12596 4336 6175 4985 6431 892 8760 4382 9911 3609 10469 5650 8175 12099 5176 8996 754 7381 6624 10100 5848 6896 8579 1330 10517 3185 5236 8737 13211 2913 12257 1230 6622 2494 5493 7447 5276 8149 10944 5570 11780 7184 11929 8236 12335 10954 13086 7320 8840 8911 7346 12407 1611 8332 2576 5413 13024 3863 11003 3347 10568 12778 3318 8918 2081 6766 13235 1419 8657 6749 8062 2608 10821 1973 1992 13423 9496 13164 1322 1838 2213 4222 5736 2599 11167 2 7704 1113 3320 6162 8287 4559 8823 9236 3005 11514 350 8769 3627 10133 11981 12663 275 7254 12540 6058 12716 42 2124 2806 4474 12298 1747 11653 2624 4719 7104 9339 2740 4834 9260 11082 3699 10562 724 8428 7351 10850 
99 440 161 3103 1615 5964 7413 11072 4737 12172 73 1875 382 981 3133 9869 8298 12321 1505 3167 3761 3895 6901 10452 11647 9077 11765 1652 11484 647 9532 12072 3508 4010 9173 9416 11008 1059 10843 10586 12698 2218 6182 9367 9806 10418 5365 5462 3690 6865 11326 2499 3730 7375 582 2171 4264 8701 4558 12217 52 11689 1239 1335 6588 9354 7604 11338 4652 10479 4676 8926 7659 7895 2311 7982 6049 6395 4470 7227 10697 4699 8594 1849 6632 6758 7753 8782 3736 7007 6932 7755 994 10234 1329 2063 3746 5053 7879 2646 10636 1569 3501 1636 2910 4993 8981 9376 3539 12391 711 5162 7482 12029 12201 5624 7814 8866 2616 6149 6176 8828 10029 5026 6183 4563 10644 688 7782 1325 3745 4057 7120 8063 8241 9266 5354 9733 4427 7619 4496 9430 11371 3128 8599 3875 12628 5534 5867 11967 847 7996 9243 3946 7622 5515 12240 7318 10511 291 9029 4250 9599 5308 9056 11704 12343 619 978 3867 11284 1438 6219 3485 11732 1504 6427 772 4491 10795 712 12709 1336 3204 8832 9669 11988 9335 9977 2275 3481 6809 10228 2033 3449 9944 965 3983 8526 10690 9414 12748 3137 9497 5585 12694 10673 12793 5267 9659 2891 11332 2231 11668 11989 7054 7803 3827 10646 4187 4826 3680 9036 97 5056 5330 10496 114 562 9778 12656 4149 10259 4757 10168 5718 6392 8859 9753 3584 12281 1406 7359 10748 10509 12441 4280 11477 4665 11940 6821 8883 10011 11531 11717 2964 5282 12285 2247 4364 4597 8997 10614 515 5648 1482 5604 6258 1118 5800 4164 8817 2082 3251 207 5547 3261 6773 3374 12736 3763 9457 4587 4670 183 3282 4287 8753 8856 10985 2651 8569 7538 8056 11315 1453 7292 2439 7948 4453 10130 5794 11240 10176 10241 802 8598 3881 6156 2813 4649 8872 8984 9520 8848 9048 10746 11513 741 9159 3506 11677 8262 8705 7338 10590 7 11487 9632 12410 1440 2835 1894 1975 6323 10369 2909 8592 4434 8833 949 4544 5995 10402 3071 5526 284 6610 7945 1008 7244 10017 6704 6867 7931 10425 7972 11372 5422 8976 7042 8416 8886 11724 10258 12125 11475 11903 33 7695 12182 
3766 13258 13470 
3789 5933 13163 
3848 
4074 
4150 13409 3757 13352 
4167 
4239 13055 13335 
4241 10485 618 7153 1715 10146 6104 11396 3032 3482 2900 7737 4298 9579 9135 11595 1210 4668 4803 6808 7344 5973 12246 5938 10000 11973 4174 5353 5575 7319 8269 11025 3845 11565 12176 57 559 5864 9328 5034 9692 7788 7827 5542 8303 585 2206 7724 1865 3638 7838 8559 6576 10722 2984 6509 12780 305 563 9603 5527 7098 233 7419 5756 6385 7354 9166 349 4014 3748 5617 7522 777 7250 12634 5474 8042 10269 11737 2481 9026 11833 359 7811 8917 5520 11935 7556 9898 8264 9670 496 10912 1863 5088 10014 7197 7416 1564 2198 324 2324 9943 3970 12341 4762 12475 1853 5333 4753 9142 2078 11543 8344 9648 9884 12160 2810 4200 3855 4697 7799 3890 6204 4063 6238 1251 4606 4837 3059 11702 11860 4381 8090 7204 7647 1399 8852 9384 7352 7389 7196 9297 7085 10372 3033 7079 9378 2815 4541 6041 4755 12432 3933 5592 8556 9241 9853 11813 3857 4054 5686 8258 7053 10998 40 945 3246 9272 957 10893 586 4072 12309 2220 12678 6935 8101 6801 9398 941 2924 4180 9672 298 9558 12799 2734 3972 12411 1371 4864 11977 2127 5193 6777 820 12157 1315 6737 5814 6489 6247 11876 2146 3193 5322 7947 12277 1458 12027 3317 7027 5114 10777 5005 11113 1955 6696 4027 6852 466 12551 218 7093 2606 12168 9837 10184 255 2191 4429 6755 4308 8763 11419 6363 8226 6432 11805 4356 6082 8434 6283 7549 10217 5981 7639 10105 12316 3902 10430 998 7609 4847 10363 826 2317 67 8844 1284 2049 2648 5040 4878 9992 3985 4592 5343 5661 18 5339 7206 3894 11259 2264 2667 986 10169 10923 1545 3015 11424 150 12987 2342 6445 2841 10428 4695 12762 6771 8318 7913 9065 6140 9538 6805 10178 7680 7744 556 3489 12079 551 13267 
241 4748 6693 9121 9284 11229 738 3543 1534 6958 1281 3141 495 3046 3223 4818 5082 3291 6095 2807 12419 8711 10023 449 12768 1468 9373 11092 12435 1737 9818 334 6063 6688 11742 1259 7508 1488 12423 4048 9506 2251 5032 4423 12320 4950 6644 8096 11146 5591 9150 11342 240 2569 201 2043 6315 6999 132 771 11580 1734 1963 4552 11407 3161 10163 10186 1750 5451 8166 9151 5401 9723 4924 6450 12442 4245 4808 6729 11031 328 12031 2016 4306 2465 6313 4114 10062 1119 8240 1100 7813 8005 12243 1695 11009 3618 5425 11681 338 5012 4216 5351 9286 4445 4779 2329 3869 8914 127 3028 11698 528 6841 10314 4177 4326 2165 9246 9902 5746 9094 4960 9188 898 7477 1159 1773 2730 2743 2996 6702 11141 4226 4502 12174 1882 4270 5894 5 7754 1036 12775 5025 5672 4793 9283 1042 6680 2477 2877 2859 8895 4771 11736 4540 6394 9727 6248 6950 9531 8164 11923 12181 12637 829 3308 9988 4651 5039 2297 5930 7848 10140 2371 6466 7243 2486 7900 700 4666 6066 11478 5055 7565 1097 2381 9500 1270 1880 11245 7750 10731 9903 11816 1710 3239 4084 5770 10371 11776 69 2021 7051 90 5991 1326 1769 9059 6876 7916 1843 7114 2561 12765 5095 12614 1282 5504 1953 8248 9811 1523 4135 11750 8251 9569 1304 12817 6662 6936 7830 7794 9615 1412 8431 2970 12404 3597 12362 467 933 8722 4620 5664 4943 6833 3070 8451 718 1928 5559 5108 6712 10058 773 3254 5316 6426 8630 12264 761 10765 2005 2529 1686 3724 8338 742 1830 1868 8649 10688 2386 9089 5183 6882 10831 12218 539 1752 2244 1656 3343 2280 9452 8608 12012 230 11709 6919 8664 5090 11350 2637 6057 1745 5788 7917 8631 9914 7364 10267 1166 7507 8357 8382 12042 12761 6661 8348 4388 5041 6343 8221 3853 9273 5584 8188 8507 1003 6532 3839 11378 11846 12640 1946 6001 10648 10955 6280 12484 166 6388 9758 12670 3210 7322 4185 5737 1115 1657 1285 5037 300 1414 10966 8898 10129 
4869 
5254 13511 
5277 13052 13220 
5375 
5483 13254 13319 
566 9106 1592 7370 8647 8791 11593 10829 12928 4517 9950 10460 11353 7593 12546 2922 8225 11198 7290 10917 12586 8337 13170 1587 5111 13179 3979 8022 13291 1178 4033 11005 6538 12389 2941 11064 7463 11629 8931 9270 12035 304 6545 7759 6802 10001 3545 9773 8858 9518 5437 9685 208 6746 5665 8365 9426 1340 10475 1386 5310 6094 9556 182 1435 2849 2641 5635 11388 661 3962 4379 7758 3877 9624 2864 10189 3870 4488 5779 1286 4091 2914 3733 3465 3861 8044 8601 12002 12649 12818 2911 8393 6225 6338 133 6543 2117 2144 12033 12500 6027 12112 465 1352 13329 8004 8605 2200 11053 11552 13159 4593 11117 3279 12532 4512 10859 4926 11995 194 3712 12056 3752 10877 12130 13150 31 2661 4853 11706 4120 9068 5104 13492 547 5773 4968 9093 11128 6906 8752 332 10736 2400 2858 3814 2602 4935 4889 6357 6597 6730 2866 3116 11421 3742 6391 3720 7038 6772 7722 5775 12447 1273 4571 13311 6416 13340 8904 12934 1470 12510 681 808 3785 5292 9498 9628 1073 7086 9127 2223 2860 510 2188 437 11140 11335 1560 11301 12587 3706 12982 4684 10993 9955 10869 6205 9671 1123 8362 12685 10945 12801 4198 9317 989 5761 3886 7521 610 9007 910 10536 860 9604 7728 8079 12480 1661 9303 6451 10263 2155 5399 8030 6374 6887 8003 4509 4770 10013 6835 12733 3479 4131 480 10240 6884 11836 595 9265 7117 10465 4923 5967 7427 1051 9014 1562 13304 616 5908 2847 7969 12576 2817 5759 6262 7670 8944 677 2956 3582 7145 775 13312 13353 5829 12937 12991 3428 12390 13326 1238 5021 1426 4982 8010 9235 2696 10920 8685 10401 849 6257 2712 6582 6000 7781 8651 3923 4045 4823 2408 12180 5427 7383 12633 8349 12650 8000 9838 3823 8853 1580 13290 4215 6201 91 9970 1507 9999 11108 12205 10684 12025 1815 5909 9722 5763 9696 10665 117 6780 676 6221 6294 8445 827 9186 9406 9577 10109 12657 4283 7831 4416 12696 1701 4508 3758 7321 13289 2227 3958 9810 10749 2458 12016 3634 4516 8801 5910 7890 1922 12216 5398 11040 10834 11662 1074 6128 856 8094 11098 2797 12397 3535 4789 3938 5024 3503 7435 11551 5010 11987 9316 10285 9310 12456 5372 11519 2744 10142 11762 3419 7780 4562 7414 2392 6820 8176 8183 159 8741 11660 12344 5373 11555 8534 11154 6393 10914 5850 6237 10957 12387 1578 3253 4122 5014 9451 10135 2070 5085 9522 4918 6793 10744 7660 11667 4723 11486 4727 12058 5390 7407 7833 11374 2260 4338 6494 4009 9356 10343 4546 5724 4952 9010 8259 11756 2374 12363 7006 11819 3250 6423 4829 8554 9593 12690 940 2991 3228 2373 9024 4807 9582 2556 8809 5656 6723 11316 12616 786 7805 3366 9319 11193 1469 4867 2270 5061 9494 2845 2890 7872 633 6412 3718 11955 3082 9069 9502 
5786 
5852 
5881 
1293 3835 2083 7954 454 12166 1967 5323 11443 8292 9444 1793 1918 9366 502 9882 1467 3106 8759 11055 12137 4630 11501 3942 7868 8770 8845 2796 5075 10161 11185 12549 1186 8674 2795 7072 296 8663 1215 3235 4849 5620 7731 11574 12667 513 1140 2912 3671 12032 12365 10581 11601 281 866 4681 6196 6024 8564 3148 4094 4334 6166 4392 12149 6092 8314 1957 11483 331 709 1446 1157 6419 2274 5994 395 8906 1391 9476 2640 12766 501 1774 10084 12807 1350 5370 1162 6845 7462 4276 4715 4332 5640 6989 10414 10301 13322 817 2356 3993 12439 2553 7090 7684 8406 11251 8825 13004 4956 13019 12150 13108 13182 6859 7645 13556 743 1077 3410 101 11083 1135 8207 2022 11624 1236 3775 1432 4002 3012 12393 1218 4549 5587 6265 3917 5047 13003 859 5806 3911 8528 6117 8549 9554 10233 10962 12061 3196 6444 6869 9739 1713 7127 1385 4123 13056 3573 4263 6504 12488 4347 4796 9388 5202 6628 8637 8485 12611 4301 5970 1658 2706 9623 7366 12019 3048 3312 1779 6670 2148 5265 2113 7374 2594 12185 7926 10884 974 6378 12336 7033 7657 3528 7049 6091 12414 3874 9158 7957 10280 6303 7262 6329 12727 13477 7539 9920 11205 12981 8728 11178 186 12177 13522 
1185 1232 4214 12575 5834 7905 8830 11296 797 1766 1835 3270 3521 9237 8086 9041 4275 12198 347 5460 7109 11129 464 914 4357 4978 3884 5445 6947 6993 10322 1521 6925 1914 8002 8522 3660 5691 9899 6745 12564 238 9232 1423 1613 4772 2453 8384 3822 4137 8345 4143 11366 7205 13058 670 8499 2387 13002 13198 6478 11354 12463 4656 7925 270 6642 6969 11855 8374 13228 3719 4450 9511 8964 12013 1189 5103 5518 6848 7281 10122 5297 8960 2518 10083 13461 2004 2448 5408 7502 8339 9472 12318 1378 11853 2378 4424 6741 1631 9491 12425 7122 9693 3017 3611 7566 6514 7056 3381 11119 1053 3847 4576 10008 766 7130 12552 3263 8578 2289 5858 11849 1991 6143 4183 11190 1761 5821 4915 7747 340 1753 5400 215 3850 5735 505 6127 3368 9195 667 5545 10193 1416 11394 4311 12759 5175 9076 5985 11621 4865 8710 605 11016 13110 163 477 4612 12236 7360 7652 86 8491 11334 2314 11050 5383 9450 5701 11861 2170 10181 5840 12049 6336 6774 6142 7902 943 9313 11247 2197 8143 5414 6448 567 2451 723 1996 77 10454 3670 11596 256 11035 4961 9415 1091 5813 3096 7068 5391 7387 1709 10208 1302 7119 1001 1719 3623 3674 3476 4000 3153 3697 10154 9840 10250 10497 1984 11321 5229 10897 3798 6502 726 6562 7415 9684 6136 6760 7640 12502 10818 12221 2967 5084 8702 10695 2026 12107 2322 4686 7527 9775 2745 11281 3443 8948 5889 8470 3448 10358 2404 12214 1362 4355 5747 7865 12688 3067 6984 9896 5319 9449 2467 2844 8839 12509 3305 10812 2225 10390 1617 2167 5403 3557 11359 3328 11495 1313 6421 6921 8919 9742 9017 12210 3578 11882 1111 8228 4596 9595 7083 7608 11705 6002 7878 1940 6253 8425 8541 4189 4831 1086 4726 10629 5242 5509 8946 9768 6463 10412 3356 6589 6595 8989 2122 10639 8465 8521 9168 9343 384 5216 885 3127 3388 9111 3184 4752 5269 6064 9147 4422 5453 12563 4725 6031 6560 12279 606 5158 9023 5915 7919 1224 7818 7644 8311 11604 420 2383 482 7314 2863 5667 2422 3134 3497 8347 9702 5140 13246 5064 6348 6726 10429 13119 11006 13434 3604 8511 4221 11975 12958 992 5318 12555 10365 11327 1892 12573 4377 5342 3382 10779 1833 6209 3574 8795 9942 4704 8992 7935 11147 1762 9464 3715 3944 1379 3050 7430 9873 5335 7229 4138 9169 2639 5350 12299 3408 5057 8145 11963 4936 12763 4877 8676 13127 1357 8133 1387 9908 6044 9821 12004 7183 8222 3799 12286 
200 3256 1495 10596 397 2029 5980 8276 7159 9461 1558 2267 3534 8247 11071 3505 9383 6858 9394 8766 11753 3622 5337 3662 7021 9835 1895 11074 9865 12591 6254 9423 1989 10896 4972 11474 9534 12547 1009 4346 1813 7272 5418 11725 1609 2702 4260 4442 7784 12167 3118 5106 5260 11966 2057 3277 3631 9994 11730 7218 12569 321 8193 2056 7540 9539 12482 1654 11511 5000 5127 5780 8285 12105 3290 6168 2982 6877 3350 11265 2363 4790 3412 5550 8048 662 7140 1554 11238 1606 8653 5803 11189 2065 10016 3049 4020 2361 6246 3841 12530 4147 5783 5986 7552 1517 6951 5060 9488 11641 2456 11688 6481 6486 11153 1885 4328 6144 7797 3553 12312 6235 7703 5119 12867 7018 8796 11194 71 5826 545 3554 7696 10484 1596 6096 9410 9985 3404 10097 934 7343 1646 9635 2754 3920 4428 8144 9118 8084 8988 9082 4017 5743 8131 10876 3773 8644 13283 3568 12401 3146 4443 6273 8993 11554 4132 6875 434 8239 2000 2550 6325 8755 5692 10516 1732 4161 2899 8071 9271 2926 9242 5671 7941 5396 8680 839 12239 11116 12292 1524 5235 394 1581 481 9637 3126 6033 8900 10940 2698 6676 5435 8008 9749 9831 85 11639 985 8342 2773 2897 8457 4945 11594 896 7846 10654 11650 5011 7618 9167 10076 8773 11952 1151 1491 11576 4860 10503 12091 7857 8576 1945 8227 12609 2500 12089 12369 3755 6400 12903 13196 4032 9725 2676 10009 4271 11159 2816 3417 10990 6537 13454 3975 7441 10762 4249 6863 1451 7873 1365 3414 7771 11442 3203 8812 11450 3332 9695 1078 12220 8195 13441 8300 13537 4 4657 6812 6998 12624 568 3981 2462 4501 5301 13054 785 4863 7940 10549 5133 8863 6794 11645 1781 8200 684 6853 4832 8945 5605 9183 50 6006 11433 12424 192 3205 13213 1047 13555 1723 2547 10936 7534 7646 8121 9813 527 7774 11395 10921 11473 295 9675 830 6330 8065 9776 2474 5890 8990 10323 1226 9459 9683 10115 12481 4971 12804 770 1788 3384 3846 10368 6957 8551 3854 7994 11605 2959 6120 9318 11437 322 2805 5533 4916 11828 6130 6484 8713 10785 1525 10808 6976 9074 2100 3068 8524 12371 12653 655 7342 38 6495 45 9861 4977 10404 3930 11454 1021 3024 8677 250 8603 12251 1754 1872 2988 7234 1758 7630 10407 1759 5356 4708 12418 3104 12522 3139 9115 7439 7459 8881 623 3429 1348 3871 823 1174 1768 4487 5232 6918 3207 4892 880 10098 344 1031 5340 6381 11936 956 7971 6496 6691 12536 6849 6923 248 3640 8230 3455 5142 6139 7293 11137 10270 11115 692 6470 3073 7894 3296 10116 1296 3767 7667 7977 8850 12192 390 10191 459 1376 10674 4875 8167 1103 2554 1207 1674 5274 7356 6949 12308 2880 3022 2129 6738 1668 6029 10506 10726 6483 12764 6407 10825 9706 11439 2102 5950 2108 7355 7306 11237 4506 5180 5488 6170 6259 2819 8565 3617 10879 2352 11429 2285 11884 148 4117 2089 12250 11506 12326 254 1354 1424 3231 4503 4569 1643 4679 12599 12725 6268 8679 2893 9874 9003 12164 4026 5529 11716 2011 10108 
6267 13512 13550 
6367 
6370 
6410 13216 
6411 13263 13362 
6435 
6575 12917 13154 
6586 12923 13392 
6604 9561 6687 13089 13407 8814 12957 13027 
6715 
6817 
6916 13077 13519 
6953 
7036 12857 13078 
7310 
160 4735 9377 1450 7357 6769 12151 239 11908 11379 11498 544 5972 1586 6346 7337 11625 3831 12485 6491 11204 3100 11099 12140 1025 5741 11757 11811 285 4296 10080 6299 7167 10042 7761 7911 8212 7706 10379 7242 7933 2030 9751 707 12808 2069 8623 10490 2972 7983 8102 1620 8360 3889 8296 9729 10458 11573 4197 4223 2046 4440 801 3538 5349 89 6795 152 3396 793 2821 3753 301 5874 615 7880 5776 8153 8249 11214 1567 12505 6449 7176 4754 6804 8057 9288 10841 228 6350 237 6418 263 7431 4610 8573 10287 10916 10104 10255 2196 11208 2514 11642 2741 11149 4938 12289 836 5174 8484 6620 10303 1005 1634 11244 6009 8415 10937 1347 2830 11549 6415 9703 4411 10066 1512 1539 5607 181 12101 37 3004 731 5409 6442 6164 10480 1129 8413 3515 5149 5787 2237 9699 12451 7546 10860 4073 9686 1212 11200 2017 8857 4660 10254 11978 419 3926 4454 11381 7136 10019 504 2515 7446 937 5471 9836 2107 8146 9851 162 8890 11460 3704 4463 11434 5895 11904 2714 6979 1142 7636 12537 6965 12673 4654 4871 5633 405 7882 2444 8231 5123 10716 828 9929 2097 3549 5654 7399 2489 10811 6587 7662 4417 12383 5210 7378 7776 10756 7736 12288 2174 6115 9622 5237 9126 9936 520 3260 12088 3454 7663 7726 704 7825 351 10334 413 2629 3447 3781 12747 8427 12202 7065 9403 1454 5838 8611 10813 9741 10679 5215 10415 9122 9866 2415 10664 10143 11609 1305 3832 2121 5662 4931 5734 5625 8058 8448 1460 2390 5302 8873 9661 4431 9282 11767 1573 9802 1019 6017 2343 4272 5446 7483 7411 9820 10495 3249 12746 1531 3577 6181 12226 3286 8075 8242 4481 9847 1094 5919 12612 2555 5069 450 5035 5150 696 8038 10919 2716 5188 6600 7349 490 10332 7457 8642 457 10079 2111 8054 6547 11056 1860 7817 1098 5574 6333 8951 3666 11961 9927 12301 2977 3896 12000 3858 10591 2178 6289 6761 962 4297 6443 2655 7586 1649 1906 2710 7713 800 7854 2961 10687 12268 1574 6895 7808 8127 1969 8291 2459 6605 9084 10038 12095 151 3995 6342 9716 3058 5637 8518 2614 5818 10534 11916 4018 4820 7968 8912 10719 5364 8108 1941 2435 525 5898 9428 11430 12386 1434 4011 9834 1106 4225 9808 451 8172 11930 12324 4653 10575 8091 8567 6456 9441 3728 10256 11671 41 3002 3351 10413 10564 276 596 202 1039 769 1796 4805 4932 1501 12094 1684 10187 2767 9437 7003 12589 1837 6382 4362 5931 10523 8177 9192 1433 8589 1403 10175 3108 5590 7677 10533 10941 293 3645 4898 7495 4555 10847 963 7746 412 8115 6047 9679 11638 758 7796 3948 10024 7001 9617 1328 3470 11356 11361 
6508 8854 1422 5286 3620 8655 12849 4040 6570 13563 3081 4939 6743 2428 4732 9735 10015 904 7559 11133 4791 5927 7035 4133 8874 2472 8021 1055 9209 9750 1209 6345 6386 5360 12652 3602 3949 10433 10456 2394 6997 1944 2812 5579 2497 4674 6513 8116 653 6611 362 2705 11283 5498 9796 12465 9140 10376 2159 8617 2242 12337 5602 7656 12287 12790 908 4237 1131 9862 3371 7057 10069 10738 2426 8689 17 4683 6714 6855 3289 9533 4393 12118 3162 9957 9701 12136 8400 10117 5951 7286 8958 10434 6157 6623 1188 10522 11917 12007 7766 12770 13057 2811 4529 11696 60 12207 1673 4435 11914 12325 12643 12999 751 4243 12392 4386 11015 386 3866 478 9216 9828 1240 10559 1265 4096 12603 4522 8129 8924 2666 7584 323 7032 12571 5893 10623 12621 4134 12796 1847 2344 2355 4025 4646 5052 9163 13040 4850 8494 8862 2934 7275 1208 10132 11097 199 11061 2981 9941 3768 10317 1044 8878 12680 5374 6922 6341 11564 4580 8868 5376 11227 157 11590 9549 11790 4041 10987 1211 5091 5953 11090 1275 8645 4711 7240 3401 7169 2345 11572 6316 8483 6479 7285 7828 8381 11021 1369 8072 737 8758 11389 2918 10769 3114 8270 1145 3439 4801 8776 329 6081 3182 11269 13400 10126 11537 1175 6836 5201 6271 8361 11299 5371 7778 8669 9340 5163 8999 6621 10336 2436 5612 5851 11971 4019 6574 6129 8471 8591 10440 5857 8049 9812 7437 9655 11751 11926 
1548 4554 11999 357 2339 2192 7112 3229 9231 4349 5121 6789 13376 13546 403 1542 996 9333 134 8229 366 7434 9311 11367 12233 999 11763 3105 7550 8478 11523 8351 8683 503 11336 105 11068 6113 12259 4244 6304 1712 6631 10927 3499 3550 4469 1566 2292 5289 4125 8317 2613 8481 1471 12617 2836 3641 1706 9348 3378 9443 1463 1655 5512 10880 11289 2265 4763 1729 2802 11679 3800 12506 3340 10788 1772 11591 315 2727 4472 3300 4088 10085 10774 10833 11101 13104 660 5904 1314 9369 3693 11087 2757 9018 10155 1392 10851 7870 9839 9859 13106 13398 9108 12819 1667 5992 9279 10780 1062 5740 899 5902 8546 1857 12370 2350 3129 12570 1126 6457 11225 2697 10524 12077 12479 83 4687 493 4341 1413 13123 309 10550 9872 11749 4240 10906 6430 9143 10203 278 8034 5490 8444 9391 10817 4482 4733 11033 7252 12729 2593 8009 3453 12777 13215 3820 4329 10874 317 3795 4667 8423 10188 6646 8163 5223 6910 4090 13114 3500 13336 11065 13141 517 12097 81 9752 6630 8807 171 10268 5099 11232 455 4351 4050 6307 1000 4809 6689 6759 8368 3488 10781 431 4353 8331 11832 578 2152 5593 11312 13479 2397 5644 252 8806 220 4282 5666 10578 7308 7469 6364 8052 2288 9842 10494 2516 5355 5768 12641 6864 11686 1568 3377 2929 9275 12691 3224 4486 6871 12701 7614 10123 4207 8097 3937 6637 4539 5044 7681 10577 3426 11788 9025 11488 12730 1374 13543 
1544 4505 2302 3083 4208 5116 6203 942 1556 11810 1576 5649 6868 10572 10861 10694 11733 816 4988 1881 4992 4493 9680 2636 6967 11873 11954 12803 3527 9536 10421 5472 12521 3984 8142 4561 6402 6344 7691 2483 8537 4605 5887 1479 7509 12430 7961 9138 3677 9352 1038 3143 4317 11701 12353 759 6690 9037 9261 8802 12853 7425 11385 5974 10249 5507 8824 3086 11950 3376 4812 5886 5258 11455 911 970 10602 12738 3632 11685 1902 6709 11166 11909 1819 12378 112 5461 10044 3512 5065 11323 1181 10635 12566 1763 5030 5653 9422 1465 7133 640 6227 2560 12161 6101 6703 2994 12724 4567 8604 11845 2236 4914 3495 11302 312 7605 1821 10652 11427 2921 3487 9136 2570 5946 4269 5827 11404 683 6186 9731 9830 12760 4295 10339 7422 11226 5429 7260 11503 11530 1203 11799 4778 7770 1141 8673 8762 10119 13446 1176 5428 733 2382 9412 1337 2528 5907 1808 12069 1926 10383 11132 9177 11171 12615 3168 4098 4432 7860 2210 5849 11230 7373 7478 11970 13030 3809 4188 5212 7993 10391 5514 11309 927 2372 3991 12142 5275 9492 6739 9070 9110 10476 11472 3522 6954 10566 4983 13472 6458 8855 12832 7907 12305 6406 7718 4709 10318 10986 6694 8606 12313 2917 3180 12472 12647 3556 8736 3784 3990 13406 5502 10720 6062 6609 9798 11838 7655 9897 444 1687 9656 980 2189 11886 569 9263 6861 7429 10333 10584 9571 11953 9320 11191 7091 10960 10713 11066 763 7523 4886 8621 4335 7256 11107 2645 9342 11522 11890 5046 5871 8051 6526 10299 512 3407 6192 6507 10845 560 2717 7666 2834 7500 1933 4577 9606 6314 12534 462 7237 3344 4218 8922 1911 4965 6866 7598 9919 3422 8316 4839 11412 80 6231 4819 9202 3268 7294 3709 6783 9401 6800 11680 8503 9360 2433 7297 7577 9081 10357 5165 6506 9465 10810 6408 8290 6013 11796 12669 526 3635 3484 4944 593 3994 5287 9057 6711 6975 7585 8053 2318 10243 2412 11553 6510 11184 11924 12319 426 9073 588 13343 3601 8748 6011 6594 12183 4412 9805 1393 4835 11393 1948 7965 8237 9210 10508 11203 3999 6722 7278 7410 6195 6232 8438 3486 8612 12862 689 5959 11386 8959 10449 2261 7487 11831 3269 13063 9712 11058 10070 11408 140 5553 6568 6626 4702 12943 1845 2447 2722 13021 1373 7956 8767 4410 7904 5159 8588 1076 8609 6667 10706 2962 10048 12627 7296 11180 468 8896 10518 6198 12578 1243 5778 4464 6891 5916 11351 2457 9917 2416 9392 9709 3619 8629 3375 7461 12767 9463 9995 10856 12692 2262 7125 1087 4641 4076 5765 3151 6263 1066 3444 3686 7448 9197 12753 2572 10573 11969 13042 10670 11532 336 1660 2272 2649 11526 2199 6651 1968 9651 11578 
7476 13199 13429 
7490 12839 13195 
7642 12933 13507 
1647 13100 7651 13076 13276 
7673 13334 13523 
7707 13174 13444 
705 13424 7773 13393 13414 
1004 2062 3008 7966 1067 2133 4087 9440 601 5086 1132 4908 7976 11202 2699 11306 4625 9372 12271 1144 8380 871 11242 9513 11541 232 7939 5731 6655 3996 7233 1866 4749 9948 9980 487 7789 1262 4129 1316 3812 12582 6296 6519 6732 7756 3943 7391 1221 3365 6980 1320 7198 7694 1431 10331 7893 7896 1949 6813 5463 6903 3232 7881 1252 9786 9990 10699 147 1810 5457 10046 3003 7932 185 12074 1693 8204 1367 1384 479 2044 2643 4294 9681 3113 9627 4151 6159 6211 251 7116 2180 7209 10172 13225 2725 7178 2873 7464 352 7840 2531 5245 13281 2243 5774 2823 12244 6915 12123 2120 12376 5506 8596 4998 10754 12896 4118 4964 12838 222 4498 10656 11019 1498 8768 6534 7536 8198 11719 12658 13023 
109 2778 11274 130 6302 2216 2987 8397 11690 693 8779 1777 2581 12574 402 4617 5958 10796 7312 12224 197 6931 10344 5513 10316 12063 12606 443 8474 10215 7172 9734 4712 10197 4468 12779 2862 4714 1870 3825 4594 4872 8811 5479 10329 11105 12086 6083 11563 2681 4342 6116 9400 9976 909 2367 7790 1694 12103 445 11449 2278 6798 6945 5325 11525 5712 10196 11109 587 7573 6034 12550 7472 8122 3394 6752 4127 8652 1456 3563 2507 12773 6899 9740 5004 9762 5266 8089 446 6160 10145 236 1153 3898 8495 11271 11282 1472 6854 5924 11102 2084 2868 10355 10846 11277 211 5861 673 1960 1612 8925 1164 12704 5156 5901 6076 9431 492 12642 2418 7458 7635 10274 1016 4112 8399 12608 1736 4449 10532 10918 511 5299 12666 8899 11135 1509 9200 7526 9307 9331 12517 180 11415 550 3936 3201 4266 5220 12340 10422 11127 1799 3594 4402 6032 5068 11275 901 11319 3967 7529 12037 3735 5790 2998 7025 3016 8714 5595 11100 11280 6126 9678 12754 7669 8031 6894 10207 3624 12364 1976 7582 3097 8443 3109 9102 10707 1318 7751 3900 12222 8014 12577 4882 8634 7148 12438 1356 1408 4955 10691 11077 11806 701 3546 1689 4182 9748 2369 5699 858 2728 3160 4321 4647 7697 1013 9285 3112 7210 12811 473 1869 799 3383 343 6816 5596 12457 286 4811 5227 5760 6522 6679 2908 9795 4466 9055 438 11103 5714 12715 3287 5940 4156 10025 1803 10194 5109 9000 12444 1122 6686 6602 10361 833 10223 5945 6796 3329 11768 1997 10227 4318 10068 2299 8480 12252 3188 8320 3564 10309 8026 11535 7255 7877 8545 12234 2471 12626 1954 4570 7063 7203 7126 10741 279 3852 6660 7937 8885 9227 1936 3734 4572 3778 9619 2452 11912 703 878 4579 4934 1075 6465 1640 2789 3341 8681 8039 10675 2931 3892 7596 2976 9991 12283 8547 12368 10171 12291 13 3458 1899 10356 4989 6601 6959 12629 1938 4827 3590 8739 
8107 12868 13261 
8152 
8158 
8245 8877 
1855 7282 1884 7545 3055 12527 6275 9458 11435 8278 8461 9715 11891 456 4333 1561 9939 5087 6087 11835 7273 7594 5167 13206 8364 11286 1327 3691 10077 7735 10380 2233 5836 1500 3731 752 1002 9945 2086 12373 686 8273 10662 4479 6770 10264 10989 639 8050 13143 68 3233 1817 9510 12840 3321 13126 
3713 12330 3523 5764 9368 2440 11938 7376 8489 9666 11096 1235 3751 4229 10908 2791 8905 11738 2019 11463 1920 4165 10844 7765 8192 2785 9238 4600 4672 5378 8697 924 5382 2464 7768 116 8064 12380 4058 8610 9913 11633 11649 2279 3293 6030 11879 2903 5017 8016 1475 2269 10349 11468 8670 10745 172 6099 10438 7386 10988 1351 5752 1886 7261 2287 3922 5703 2504 8211 10384 12415 2814 5454 8083 1310 11613 8607 8803 6152 11579 916 6627 6700 10682 11622 500 1390 1990 3459 6118 9432 3014 3236 435 11825 3060 11152 3559 11589 4069 6505 2360 3200 8538 8777 1786 9483 2437 9413 4093 4589 3663 7777 1924 12395 612 9090 4639 5132 12719 213 12528 2932 12290 514 6300 2736 7624 744 1263 8641 843 2793 3398 9512 796 9179 1010 2747 12229 4678 10909 1514 2825 6004 7073 8206 11697 3989 7741 1739 6075 11010 11794 3636 5900 5211 8529 11665 124 6224 1570 5885 6021 8409 6109 11695 4259 8356 3511 10661 11869 3299 3436 5239 7022 8315 9754 2109 12144 6873 7123 3266 11001 1183 11941 12503 475 11786 3280 5389 5905 11333 1625 9015 4494 11451 5753 11887 2609 8613 8947 12345 1645 1915 5432 1069 5487 7212 10039 137 625 1685 7301 851 11391 1083 7274 603 10010 1951 11699 2855 10153 5098 6501 9298 11745 1180 2822 4163 9107 3790 5407 8154 9292 1035 11375 7330 12064 5449 10540 5892 6886 3456 5476 11041 7129 10872 2508 6138 7783 10784 821 11262 1024 4677 8429 11328 3653 9402 12559 7519 12070 1311 9746 739 4238 6819 9509 12618 6516 7952 12377 7368 8875 110 4638 7876 2071 8688 3026 3342 24 8974 5923 12654 175 11480 11664 8412 11792 4787 9551 6405 8953 2566 3591 168 5094 1338 7671 1630 3804 2025 8788 3997 7156 897 2540 6542 6592 666 864 2557 7467 4890 8618 745 7385 3213 9418 5943 7992 205 11856 5601 6803 1011 4128 1506 3771 11500 3265 8492 5304 7348 231 4437 7181 5393 7164 2147 6151 10416 6266 9130 11363 12175 2968 12702 2548 2969 10328 345 12111 4523 7142 2252 9021 3338 9380 657 2884 9597 12122 12421 253 8001 2087 2169 6706 7567 6952 7688 2625 3326 5204 11456 4967 10338 11160 631 7910 1916 8171 1177 8585 10617 11820 126 2385 7214 2511 10557 1355 11865 3654 5195 3966 4631 5291 5996 7417 9643 7475 11773 377 9462 3483 7309 2300 9269 12523 2092 9499 779 9779 4102 5522 6185 12034 3132 9721 10671 7039 10337 78 7603 6982 8778 9707 4766 11243 533 9299 6073 6154 9823 11801 1659 8378 10099 10529 2042 9485 4689 6557 10714 10852 1014 9030 4111 11636 6327 10628 2276 2475 10599 12065 12648 5875 11509 3754 7092 9336 5677 9312 5092 6763 6429 11285 3797 8141 4085 5845 3361 3589 1697 8398 6010 10370 12128 8069 8405 11814 1096 6249 6108 11004 2527 8575 4628 12388 3311 6146 7154 3517 8869 6424 8047 7232 8352 3494 11048 1844 6387 3548 8447 
8761 
8835 
9002 13503 11510 12823 
9047 13183 13275 
6148 10200 4235 8790 4799 6045 2215 7674 3043 9745 11489 2136 6321 9027 10183 10504 11446 474 8035 2928 11173 2240 8217 2652 10839 4806 5510 6173 6860 590 8358 9566 11771 12668 2584 7600 9726 9020 11088 8390 9117 13253 3027 9756 8775 11674 7160 12382 4946 12875 1041 3020 3675 8007 6072 13014 13038 302 3888 1022 7543 971 6682 13443 1680 3240 7069 5152 6581 554 1455 4008 10753 4162 4680 3194 8523 5917 11032 1477 7551 142 4642 3392 11558 6934 12525 3711 8831 8486 10832 7615 12783 3379 10901 4079 9051 4619 11465 3385 4970 12477 9550 10580 1864 5273 5688 5709 5511 12800 3608 7023 1229 5101 7829 5252 5441 747 7149 5771 12186 3098 10362 5118 5583 7906 7247 11392 11094 12443 12590 354 4489 6782 6988 13072 1965 10463 2679 7934 10915 2755 3908 5295 6824 3171 4425 12116 5155 7235 12406 2330 2935 4724 6636 5962 7358 4152 5556 388 5138 8189 12230 789 7331 11761 2455 11502 1908 5357 2015 9078 651 5882 2298 7088 10615 613 3530 8076 2060 12706 4292 10965 5231 6365 26 12422 5331 10286 576 5722 8726 10320 715 5719 9075 5107 9924 2635 3466 4475 6480 10453 10983 432 809 5440 2803 4485 15 5392 1533 11270 1552 9559 2577 2975 6202 4232 11934 139 429 3288 3089 12108 1247 3607 7289 8837 1143 2209 8894 645 882 8772 3977 10468 9713 11592 1515 5381 3111 7980 1290 7067 5961 9086 6462 8838 12068 5499 8455 3062 10782 6460 11136 2112 8392 11644 1006 5377 7628 1538 7990 9517 3215 8671 9653 1600 3473 2034 12997 4484 5631 7336 4451 9979 2074 5844 6088 10875 3963 7852 5804 11130 1956 7714 11984 13327 5285 11467 9705 11458 5647 12635 486 2783 2544 6270 7942 1090 12006 461 7572 1937 9212 11221 944 1033 2002 6397 5751 12232 6286 12361 3468 9576 2211 3331 6527 1233 3935 7629 9214 4255 5855 11304 12813 6339 10802 56 3729 9022 5018 8389 5856 7887 4395 10624 5846 11795 7975 8920 4785 7544 12249 649 9609 10491 11448 10 3306 834 4840 3252 6659 1978 8966 10111 5259 6422 2638 12735 27 7230 8310 3980 6079 4920 11905 12708 266 9633 2064 3034 3492 4065 12087 2623 5458 7377 9145 4866 12749 1846 4471 5020 9644 9300 11039 
9323 
1690 9390 
9420 
9427 
9504 
506 2032 1665 6292 6051 9572 5096 9621 5387 12470 1344 6530 10445 4929 10277 755 4107 9877 9755 13066 10031 13095 3808 10582 7168 12009 2943 7372 3349 8395 10232 13091 13530 3914 7930 129 4302 3945 8304 1116 10750 1427 6822 7258 8707 9314 2653 5363 4528 10498 8691 9503 1854 4154 2194 3647 6155 9596 2132 3830 3954 8971 1741 9351 1359 13193 5807 8963 12901 6927 9743 5539 10102 2605 11311 2204 7689 2357 2752 9589 10156 7174 8199 9198 12023 12821 13044 750 1163 7845 1889 1942 6389 1705 7401 5136 11939 4166 7958 3464 10622 5189 5200 1309 3541 5611 7944 5597 9516 7074 10621 6748 10696 6986 12705 1610 12366 3275 7453 5048 12607 5433 8675 4315 6991 8161 5627 7317 5847 8510 7591 8516 3973 8553 12453 36 9124 10059 9434 12334 4348 11870 3921 8137 13147 4622 7118 9239 13448 6472 13111 13274 1430 9586 13129 6306 11222 12437 8952 11233 10655 11368 2424 10900 4781 6255 3212 6751 10033 575 10693 1190 7580 1648 9602 3072 10891 13433 607 7943 11744 8366 9968 889 8929 3092 10866 12400 912 3498 12323 1493 11759 765 2334 5076 804 7269 4142 5424 2187 3087 3208 9071 1020 4885 6523 7720 7555 8261 3434 7692 5475 12433 11253 13053 8178 9646 10393 8682 11518 8140 9079 1676 8889 546 9585 5187 9479 6309 7729 8354 6776 10538 1718 3174 9844 9933 1730 7712 11144 11843 1466 8376 7265 11878 1862 4322 1893 7823 1999 5213 7763 9154 3122 5412 6744 8109 7518 11112 2202 5516 10543 11036 9325 13420 1089 8916 3030 7792 9890 10933 4005 9719 6994 9772 8220 10306 6375 10521 812 12096 4551 9011 11992 8203 8325 8403 264 2139 3540 12486 3829 8279 2586 9395 4618 9989 11405 1755 6121 12003 3610 6454 9730 1080 8867 3309 6114 7424 13221 8112 13354 7040 9832 1388 10127 1052 5859 10703 8774 10089 1987 10585 872 2688 8462 9641 11249 93 3664 
9938 12878 13487 
10055 13450 
371 4607 4004 11599 5347 7029 10709 10911 604 4661 3862 9262 274 6368 831 11640 158 6583 1444 6207 387 2114 3009 216 1248 7839 10842 3688 4905 5791 51 5313 1099 2771 6124 1852 2583 2694 3738 6517 1125 6701 1563 6673 3779 4958 9455 2879 7224 3588 6490 11011 7324 8969 10137 12093 3514 8327 11057 12051 665 5182 5238 7253 5288 11515 591 12712 6577 9782 3928 12227 499 1346 1503 11314 12960 135 1785 4430 5615 7610 8870 10894 269 1256 2249 565 9424 4548 11608 476 1579 558 4903 7100 7177 10956 1040 6317 7445 3513 4316 399 3903 8557 10981 3969 11842 10131 10539 5442 7525 5922 7300 1764 5767 7171 8942 11546 398 6725 9981 12567 2149 3461 4566 7884 10400 574 9253 2186 4192 3644 4265 9244 4477 12466 1317 3678 3865 11201 4521 9863 3053 6434 12417 4023 7967 3334 7066 1223 4178 2510 4206 7270 1591 3165 5214 5443 7471 2296 10619 13324 2947 2973 5830 6107 10216 10312 3679 4655 8209 10527 1182 11431 3876 5126 1535 5341 8466 9185 3727 12001 10459 12045 1921 8442 1980 3860 2068 12516 4220 10021 8419 11676 4284 8729 2035 8095 10773 11018 356 8504 4359 8093 4581 4953 6018 425 9001 1490 9156 1716 6236 4845 12639 2406 6071 9295 11683 12794 3135 7661 4741 10689 853 8120 3159 11297 1970 3380 65 8106 58 7499 5843 8501 2163 2992 6619 7028 11118 5368 7170 4705 11772 7347 12021 1724 4406 2487 11829 4323 5505 1619 7481 2028 8754 313 3772 8253 11192 7867 9697 3248 8563 485 5388 7742 9201 3063 6102 542 5307 6301 7979 7280 9466 2320 5839 10026 10090 210 10814 5271 10051 1664 10461 13088 2888 5147 11002 11037 11104 12740 2335 2986 3080 5594 7327 11837 1720 9668 11675 6188 6834 3244 7096 792 11755 7842 12145 1120 8375 13244 5577 13455 1200 4615 740 2596 3695 12448 7151 8329 120 3904 2461 4212 5124 2362 2907 3370 8099 5969 9887 178 6167 2711 5831 11410 8190 11349 12260 7725 9930 9612 11612 5294 12583 6900 9620 3336 7031 9152 4696 10902 7568 8479 4760 6781 11067 3815 9860 1546 2498 1981 5841 6827 844 6553 6552 8266 6596 11874 9674 9868 3592 7201 7733 8548 11616 5789 11491 1249 6897 6471 9789 11044 5317 10253 4841 6535 7685 11234 669 12357 1015 10335 3978 4925 2051 10892 11211 414 11272 11947 4415 8574 4513 5430 4691 5384 3257 3782 6119 10201 11807 4394 5663 10862 9757 10792 235 11157 1934 11219 5934 6320 6080 10321 1798 7219 12622 6311 12492 2753 8446 3170 8148 10576 11766 3335 5489 10775 3692 8184 10040 4476 10889 327 5083 8414 10346 3181 12102 7400 9215 76 611 4036 6284 367 4433 819 10443 6656 7849 1962 9495 2578 5311 4028 5819 1993 2737 6590 10110 1250 13207 721 1742 4499 4537 8410 1261 1589 2848 4917 8927 6210 11322 2110 4083 4694 2726 4046 7960 9507 12963 2333 13390 5495 9225 6909 12674 5528 8280 5782 13363 1449 3056 6287 10565 11122 494 4608 6361 10423 8668 12985 23 825 13148 4759 5690 3085 6937 2827 7672 11273 1549 4602 7553 4947 11062 7836 9347 189 3044 4043 3661 11187 643 9645 11651 1462 5866 2801 6973 4856 6844 9486 389 9454 10645 10261 11700 1540 1756 12942 788 5531 7182 12273 3018 12833 13521 3255 10803 3786 12360 5698 7700 12416 4170 9529 9555 3683 12141 4911 8224 9883 4775 6239 8954 9736 2226 10980 1877 4626 6200 12772 3533 3759 11617 9447 12117 
10247 
10288 
2254 2644 5801 5975 2234 3976 7587 7915 3576 12581 408 1691 1771 5293 3569 12469 4193 4637 11012 8208 11922 1079 3091 3294 9567 4337 7791 8968 10032 1023 6779 11670 369 6928 8813 11880 685 2053 10849 6272 9548 1339 3355 341 6719 4534 8826 6606 6625 8404 6788 12381 2195 12526 2958 3274 6476 3520 3669 4230 5687 3222 6326 1650 8750 383 10526 1134 9053 4324 7985 810 3593 2995 6641 6977 3885 11712 303 2881 9474 8694 9652 2930 10926 6194 6528 10034 1572 10649 900 6438 6310 11089 12787 2781 8114 2442 6838 11228 12672 5888 7616 10999 4751 7064 12631 2601 7105 8322 10310 1169 6197 244 620 2290 5001 12191 549 5256 3462 11932 2479 11764 98 8033 12085 2832 8147 9064 5833 9013 7002 11428 2041 6599 2826 9544 6089 8307 7901 8740 13133 243 5525 3621 8218 2965 8255 7970 12515 795 9365 915 9396 12197 1307 7267 11568 7607 12278 3199 12866 13415 10763 13039 2119 4158 4438 8441 3325 7048 9888 9419 10864 2248 2473 9276 7134 8173 8182 12812 9174 10857 12225 10641 12496 2222 9100 3707 9885 11986 1738 1890 2491 3614 8625 4974 11362 3163 12806 4816 4848 535 4542 5120 4921 6554 9523 10047 5226 10118 259 12113 2095 12284 4196 9629 5757 11598 2733 7102 3968 8584 5987 9375 6193 9344 1883 6511 7563 11634 5576 6649 6678 11867 9687 11398 5129 7223 7200 8986 6767 7371 2772 11693 4949 12750 
10327 13403 13554 
1784 5059 1383 10868 3061 4368 6022 11581 6573 8797 1704 6747 10112 3572 10206 1017 9290 2833 7748 3940 5312 9925 4879 9765 3354 6060 2748 9165 6493 12745 8036 12219 5581 8597 4080 9224 7225 7456 10786 7313 10275 2179 10840 3352 10006 3532 12604 714 9826 3519 8580 4148 6165 4688 5309 2824 3909 9060 805 3330 4758 8439 5536 9330 12005 7858 7981 7984 1349 4252 3626 3694 174 2939 5796 9417 10018 1366 5125 3710 11727 5809 6544 4314 8453 913 8620 8991 3387 11086 698 5578 3657 12675 5143 5338 5639 4175 7633 4986 9634 392 3432 4624 2869 5019 635 10271 2341 3616 8435 8888 5707 9767 2101 3411 9906 66 2306 9987 10620 5206 8371 7710 9258 12405 3741 10561 4457 7597 4258 8493 6569 12171 316 5320 9222 10870 10963 11 1943 3369 4731 5955 12697 14 7739 13161 960 9393 2153 5645 2563 5184 9058 10755 3120 7155 7864 10107 873 9468 2349 3267 7721 1034 9800 11120 3836 7438 857 6948 9096 12788 4068 4209 4034 7213 10222 12856 1688 9182 13564 2230 5744 314 10947 4717 6055 8268 9361 2093 12513 6068 8727 7277 12493 5013 10934 4101 11257 5863 12043 2018 3110 12270 4390 7678 7844 10653 2388 3524 11942 1557 9103 7626 11898 12944 1635 6754 12548 3101 6132 8355 8742 5750 9345 11453 12317 2839 6733 2013 7010 2894 4756 1553 9480 6356 7537 7914 7517 7738 10853 1669 7716 2971 8747 3566 4648 1409 2354 2429 7379 7764 1678 8562 10984 
1530 12296 5465 5658 555 11997 3819 9042 8602 12739 6938 9251 318 4963 13134 1204 10182 3821 6467 8281 9698 13251 1520 8666 4290 13132 1588 10095 5903 9546 11534 12891 5777 7030 4307 8482 10512 12331 3655 11839 1805 8078 854 8312 4067 11864 8915 9109 3613 8023 10242 5194 7202 2173 5058 732 7078 7785 6178 12304 2564 4743 3316 12163 6911 8460 3643 7734 5315 10594 11042 4403 9046 5334 6461 5580 8561 710 1372 7363 6564 11571 2919 12338 3216 10887 1496 7856 11544 11951 393 5614 1219 10570 498 12689 6464 9581 6052 9477 3178 10378 1551 2340 5546 10838 10830 11962 1681 9524 9777 671 4547 9940 6681 12109 7675 11862 277 9763 5798 6016 6468 6184 10541 1829 5491 6474 10949 11181 7821 9256 8223 11471 11902 2088 5128 2739 10903 6305 6616 6708 955 8205 35 4857 6960 5582 8422 2689 7690 11294 5170 6059 12728 6223 10742 12557 3774 12742 2902 5696 11397 2263 12752 1459 1699 4838 4205 12156 7207 10743 2675 5632 518 7226 5246 12531 272 5646 3717 12059 2580 8450 333 1187 5100 10607 11948 12445 2831 4286 13489 3906 7144 13520 1582 8263 7727 11803 9190 12998 736 12741 1644 4024 9588 4987 10626 7307 9364 2595 3364 12241 1575 2944 1824 4828 5480 2790 10198 2762 4371 7682 2857 4281 417 1084 1461 2393 2989 4518 1778 8692 3460 4948 5280 5983 10302 5608 8879 3192 3843 8865 9607 1851 10408 3047 5618 5942 3739 12124 3469 11310 156 3803 4194 7345 8820 9562 2966 5411 3749 6322 2389 5279 2607 8490 4105 7135 4876 12090 5006 6222 13357 3777 11637 12795 9257 11207 7161 10711 11708 4556 12662 7291 10710 4447 5247 10311 602 6912 4788 6360 7432 7772 118 288 4736 8219 10295 12153 702 1071 1601 9116 2842 9547 2337 9112 8632 10377 49 410 4055 784 6396 10283 1746 5823 2162 7574 2657 8810 11682 3315 3393 372 5478 531 8126 5636 6332 4578 6417 10735 5638 10640 5423 12495 1599 2214 5668 2348 6425 6487 9469 5406 7384 3474 8572 1101 9843 497 1751 12592 3272 5243 7341 682 8006 3899 11901 422 12682 1146 7693 4037 4047 6840 9448 2010 2405 4774 6229 7815 10969 2190 7406 8498 9254 7955 10991 2671 8506 3433 8544 9605 4941 10605 1522 7382 1804 11635 1604 12782 1464 11619 3813 8721 8256 11264 6785 8907 12703 12717 7222 7588 13474 699 7191 9852 2780 11779 8202 11224 2559 9389 11548 12155 4375 12665 3035 11024 12238 2396 13264 5016 7834 5540 10537 4273 13374 
10510 12975 13107 
10515 
10545 
10546 
10574 12932 13185 
10729 
10767 
10768 13378 
6756 10888 13166 13189 
10958 13375 13502 10968 13514 
11014 13338 13518 5619 13417 
11043 
7166 11659 12858 11143 11933 11684 12916 13529 9137 13083 13475 3816 13022 13345 2590 5952 13270 
11236 
4077 12827 11459 13037 13321 
11602 13125 13231 
11729 
5221 5896 6452 2853 9038 1447 2253 4116 1887 2077 1194 4599 4179 7284 7570 10822 1671 8581 6874 8319 8660 1217 2193 6524 8732 53 9005 3625 4707 822 4495 9233 10345 4745 10028 8690 10437 10992 12152 1775 5655 5023 7891 9129 3615 5186 6778 8624 1966 12720 2009 4797 7809 10417 868 6276 2799 10392 12467 1823 2438 11165 2692 9092 11365 2983 8043 5306 10642 2787 5157 10308 4583 10718 4959 5683 12173 206 10885 6379 7492 10272 12266 12594 1787 2718 8082 11797 6683 10296 7918 10982 2398 11267 1700 3864 136 4586 5300 8155 8288 5043 8781 5571 7561 3310 8156 10237 12075 2160 2258 5684 9484 9039 9439 10035 7711 12464 74 11341 3873 9780 6943 7516 1901 2861 11661 5416 10924 881 4361 289 2538 2549 8665 6881 7613 11139 12601 5321 8800 4895 6880 5146 5739 8533 1583 11893 2775 11078 2723 6913 1856 2953 5558 11783 11852 1905 3057 2308 6278 6944 11504 1896 7442 2534 8459 8654 10895 557 1160 3301 2980 7450 9230 9446 4418 11497 11538 4458 10761 7147 11507 121 1289 2617 9274 7015 8628 2974 4363 8359 11223 70 9590 4734 9972 12597 8818 9171 11263 2003 9305 9436 3856 10609 4066 8930 4369 7421 959 2936 8186 5003 6069 4100 8909 11983 9062 12687 2008 3021 4690 947 4389 10103 287 917 6334 9540 12131 4573 9433 5178 6832 9956 10289 2079 9833 3587 8472 3776 12731 1323 7087 10442 2219 8418 2948 11915 3006 9083 10685 1714 6742 3415 3919 8085 12646 82 5680 1222 3849 7912 8979 9804 452 1445 936 3603 776 7702 2543 11627 1418 10950 1056 12409 2642 13212 1057 11734 12014 3950 9694 292 9983 2358 4798 11255 11858 5496 13534 6598 12092 1170 2565 13050 4899 9125 13473 7804 11710 2598 8340 760 9594 4038 9355 9918 2691 2955 59 3952 11182 1029 1058 12676 3441 12455 1931 4257 4663 11150 2562 7496 5566 6735 4261 6163 9959 10351 1959 12017 4413 7061 7936 9408 3076 3403 3214 8704 8139 10214 10801 203 8746 3787 6617 4171 4744 3696 7236 13101 
11907 
12015 
530 6933 8179 4765 10764 4671 10734 11210 5160 6926 3956 10478 2048 7547 1679 10273 173 11728 299 2141 1268 12710 6078 7531 8336 10094 1979 5784 628 12535 627 1994 6648 11715 2551 10174 2525 3211 6359 7189 7612 8995 12053 11045 12071 6025 9221 7743 9932 1205 2659 6684 7316 6750 11000 6790 7245 1806 7128 10347 10525 2707 8949 2715 2751 3507 12714 887 3986 7488 9301 10177 8658 8794 11462 634 4201 4893 8982 5028 8724 5552 9247 2954 5473 6482 6572 9660 522 1662 4217 8749 2156 4776 2427 8452 5329 6220 2138 2794 7369 8119 9218 10631 3560 8029 2631 4490 7017 1639 9784 2809 3490 10419 4172 5723 4278 7953 12276 4202 5205 7263 12100 1398 2207 8496 2183 5397 6811 4830 9993 10952 905 3959 10262 5538 12311 6996 8157 5568 9801 4139 11570 9895 10611 10627 12420 2001 9809 4614 11782 7497 8321 2326 3579 5754 2766 6264 6274 6941 8525 2774 3716 3879 10293 5669 8295 8396 10195 5762 6028 3191 7011 12039 2175 2509 5899 3510 5484 9829 167 6174 599 3395 798 4277 4795 9909 13139 767 9381 929 4478 7333 1439 11520 2618 4224 5359 10477 1513 4104 7101 1731 3600 3792 7835 44 6639 2327 3743 3988 10060 442 10827 1476 5944 848 12359 2203 11632 735 1629 4817 9728 12476 5928 11847 1519 3138 11114 4378 10252 12955 6485 12930 541 5947 814 11213 2304 5519 9471 10148 94 1411 358 2482 9580 10637 1381 8936 1485 11197 11411 2284 10873 2545 7505 9552 10634 9478 12133 6147 8341 13364 3400 10904 8103 8335 4030 6234 5261 8808 9814 1102 11261 3525 6020 6699 1277 1308 9180 9324 5569 12300 572 9528 10399 11007 12562 3552 11164 4747 9974 7131 9714 4604 9937 9984 1532 9841 2118 3721 12478 4634 6319 7928 8061 12041 5234 12655 5045 12718 1213 7283 5877 12147 3259 8456 1484 2530 3271 10086 3726 12315 5169 8098 4894 6497 11586 12722 3480 5153 5219 9066 3567 6549 2470 5884 5914 11175 8017 12372 1147 11920 5419 10265 10244 11824 2597 11823 7535 10374 950 6244 4685 7995 145 637 4769 8792 10563 11241 470 11142 11536 13118 423 2719 12452 13325 8514 11588 4251 12473 1801 12403 2366 2523 9710 8059 9951 249 5281 2431 6084 7515 12645 79 11614 5561 7648 11196 12263 6792 10560 415 1789 3367 9682 5918 12195 4873 5298 6645 8751 850 6692 297 1598 1184 3186 4852 7504 6111 8134 6961 10411 2650 7542 7963 3123 11976 4990 12076 
12134 
1912 7008 3681 5705 11422 4195 5130 2695 12394 2731 11630 6614 7520 9915 10805 6141 6762 7757 10294 6213 11875 11985 2829 7311 7560 10946 290 8512 1280 9453 9935 11482 609 4574 103 1027 6106 11485 11913 553 3093 5240 7238 1260 7601 5676 11188 6208 11161 1828 3245 7077 7998 4358 11802 4883 10556 11106 8882 9573 6433 8113 6768 8903 1871 11928 1064 4059 491 9374 5283 9386 1358 6685 10450 8821 11170 217 3646 5721 10397 5097 7246 580 9442 4267 5464 7590 8786 10608 975 10882 3386 12082 3698 4669 1214 2542 746 3971 8799 8937 11628 968 5141 8216 5344 6567 7658 11402 484 8125 1300 5492 9211 10350 8437 8843 12148 597 10883 1910 5434 7304 1242 12553 2524 5616 5678 9691 3965 8191 12253 782 6131 11925 8477 9134 2315 9880 10974 7076 8684 11030 4305 12367 8323 11076 2432 5230 2749 4169 7409 12223 8070 11582 2238 9139 11420 7455 10179 7862 10471 7380 9337 10364 1964 7641 8626 11758 3547 12333 12349 155 2332 1930 9213 6518 10455 2031 7162 4233 8975 11174 7365 8391 11469 138 9910 3323 11964 3596 4439 614 4698 9181 5715 7579 1481 7599 5652 5832 7480 9119 10514 11809 1765 10290 2678 2720 2933 3281 3783 5603 9886 12348 9901 12446 1345 7113 1030 11550 2882 11597 4718 8793 7403 10598 1048 2571 4550 11957 976 1377 4184 4996 9771 2852 6888 5956 6085 6228 4897 8787 8932 11972 12258 7146 9642 11307 11560 8473 11623 3078 6615 10158 12468 348 3131 8289 261 3333 1063 10939 1711 2906 353 10717 2680 4979 11347 5544 11927 2993 5628 7654 9578 3703 4061 9164 3322 4397 5278 5517 1138 3295 6035 865 1550 6067 7026 1394 7165 4858 6362 4331 9187 10074 11577 977 10291 12212 5695 10836 2687 6297 9228 9456 6764 12121 2150 5225 6807 7451 11206 1342 12054 25 7951 9639 9785 10951 2469 11318 12474 5459 7395 11399 638 4461 5963 12203 6843 12267 3571 7822 12196 12757 3150 4099 12104 4585 11949 5891 6828 2940 6103 6571 10548 13389 1602 4861 8884 12028 1415 8708 4703 10793 4784 7512 573 1292 10647 3337 10643 5716 5906 3807 6966 7974 9350 1421 7871 5720 12375 385 8880 875 7571 1840 10436 2036 5912 11060 1641 6169 4350 5054 10597 1814 5675 11383 169 5913 12815 3140 6837 4051 5134 8965 9329 3493 8132 4525 11380 3069 6657 8468 11863 6607 7266 9146 11643 2134 11293 11740 13008 1682 5262 961 12242 7503 12835 13245 421 2040 6540 12460 10604 12507 1168 6990 2915 6086 10863 813 3409 9293 7044 9610 1137 7163 92 7257 1018 8842 2519 7709 12146 1037 6556 1234 8940 1483 8757 3791 4384 10492 12792 
12351 13043 13130 
12429 
12542 12861 13513 
2630 12865 12556 12871 13226 
7869 10878 1797 8847 12538 5385 12711 2818 3357 3826 1267 10686 1108 7046 10007 2901 4706 5410 5697 6995 11722 2266 2347 4459 1623 6904 3 990 5623 725 1791 102 838 3036 1952 12008 12459 2690 3175 12169 7444 10964 12651 1537 8527 4345 10502 4713 11921 4564 6038 4901 8723 2239 4937 5626 10092 1301 6974 7959 9008 10128 2490 11417 1088 2312 7420 8267 8294 319 3878 10212 1220 8738 1299 1998 6664 1443 9148 9475 3961 9608 9278 9783 2765 4211 5346 11723 9359 10045 4590 4603 4145 9205 1121 4962 6520 5842 10953 9425 11493 837 954 6561 9521 2843 9954 4821 10297 2425 4994 9543 10660 8488 11413 1749 4611 11124 11943 307 10266 1158 8463 10226 11895 265 757 3714 5486 9973 1740 5051 379 488 2672 3075 12329 4330 5824 3169 7719 9921 10797 10451 10470 3570 11872 832 10439 1154 3880 11034 3156 6669 6056 8678 3583 11892 1237 3467 3605 4568 5268 11290 7423 8783 234 5145 8536 3013 3925 6441 4851 10552 2622 11346 9591 10727 8350 11330 10913 12306 1081 4300 3094 5171 7138 7620 652 10766 7664 11049 1442 3155 1632 4531 5494 9640 2662 2682 5548 1900 7195 1722 9708 9819 4813 10959 1923 5554 5873 1826 9226 2316 5769 3045 11533 10005 11317 3750 6584 11539 4645 12204 4115 7082 5939 9845 11959 3079 4204 4900 11850 11406 12707 4535 9960 10886 12798 48 7440 196 3090 659 9123 8055 8730 13093 1253 13421 54 5897 9217 3363 4650 1353 2224 4352 4407 4814 193 5815 2039 9104 2420 2708 13239 3074 6992 12671 3327 7841 2828 3580 7418 10676 2161 12248 2413 6968 11355 3183 7514 4616 5250 6930 9289 2232 5573 10740 5694 9493 13219 803 6288 2883 3701 4904 4519 11476 1783 7408 4157 5122 3998 10728 7859 11600 7909 12884 13399 1246 8271 9114 9379 3700 9613 10315 11911 3402 6668 12413 2250 2664 7402 8977 794 4391 9625 12055 10230 10367 2677 3471 7221 5979 10995 3630 8720 10899 1272 10977 3219 9175 13535 5727 12066 3307 7800 734 8067 1478 5070 8196 1909 3916 5102 2353 8160 5708 12262 3817 6376 141 5730 7617 4016 9032 8074 12346 1792 3298 4473 2006 8661 3226 7062 3345 3722 6251 11095 5228 9277 12898 7850 13510 8698 11775 8687 9900 10499 12302 11540 11937 12449 4103 6190 13236 4888 8372 1319 2506 3348 223 365 1294 3744 9397 728 12519 13218 4049 7362 2116 2493 7220 1082 8745 4975 8582 8743 9568 1227 3421 1341 10360 787 6550 4181 12024 2201 4109 335 581 8897 5073 10633 7150 12081 2379 9028 10114 11889 2135 3891 3723 6905 4064 5551 10667 1441 6372 11896 5177 6579 12461 6358 9961 10427 2305 10396 4800 5613 1402 5982 8046 10180 893 2904 3652 10366 2376 3907 1727 5860 6171 6347 1511 6515 2568 8699 6512 10324 1663 13337 
12822 
10819 12851 5467 12824 12829 
1382 12825 13048 
12826 
12828 
12830 
12831 
12842 
12843 
12844 
12845 
12846 
12847 
12848 
12850 
12852 
12855 
12859 
12863 
12864 
12869 
12870 
12872 
12873 
12874 
12876 
12880 
12881 
5063 12882 13293 
5079 12883 13009 
12885 
1139 12887 
12888 
12889 
360 1939 13347 2979 13361 1627 12890 9155 12893 13266 
12892 
12894 
12895 
12897 
1264 12899 13516 
12900 
12902 
12904 
12905 
12906 
12907 
3565 12909 12979 
12911 
12912 
12913 
12914 
12918 
12919 
12920 
12921 
12922 
12924 
12925 
12926 
12927 
12929 
374 12931 12978 
12935 
12938 
12939 
12940 
12941 
12945 
12946 
12947 
5977 12948 13426 
12950 
12952 
12956 
12959 
12961 
12964 
12135 12966 13028 
12967 
12971 
12972 
12974 
12976 
12980 
12986 
12988 
12989 
12990 
12992 
12993 
12994 
12996 
13001 
13005 
13006 
13007 
13010 
13011 
13012 
9429 13286 1130 13013 13453 
13016 
13017 
1197 13018 13242 
13025 
13026 
13029 
122 4380 5468 7115 2217 10724 12638 2735 9399 1202 4409 7084 5450 9791 3084 6383 8104 11276 7325 11199 8432 13369 781 8387 890 10388 190 2336 4398 7473 907 2512 5825 3397 4538 12454 2309 9574 764 6293 2310 6613 697 3099 3319 5660 8235 12598 2501 6521 9724 10375 2380 6878 11288 1457 5033 12977 1839 5629 2665 2856 10787 4095 4304 7466 7484 242 5600 11778 2742 3639 149 6806 5726 7486 2168 8640 13051 664 2295 935 4399 5481 9515 4370 9781 9986 10225 9196 11585 4870 5352 2582 11029 12199 308 2927 1112 8117 8301 8983 96 3837 8635 12426 4825 5217 11505 1095 5296 11156 2878 5606 5651 6134 6256 6453 10519 3064 9162 11075 3405 4543 6230 11741 4919 10771 355 12491 1809 5535 4414 4767 4524 7367 63 650 8921 8928 6825 10004 209 2466 10205 373 10279 2125 5420 7923 4746 6503 9460 10625 460 5508 891 2484 3285 9353 2085 6775 2611 7506 339 7929 3413 9407 1148 4365 424 4031 6492 6653 11026 7897 9794 7861 9409 6390 10481 8037 11220 537 1306 1776 7631 11069 7019 11666 3029 5436 1850 5466 11352 1516 8299 4253 7016 9592 12756 571 2407 1199 6546 144 1614 2526 8286 12713 2164 7548 12734 1802 5674 11866 5009 11073 1873 11081 1487 2700 3130 4234 8214 11457 12511 10747 11499 1628 2886 835 12732 4560 8353 9144 2140 12970 3769 6005 6377 8469 13301 2517 4575 5941 538 7058 2804 8771 3230 8293 5704 10211 119 6857 9923 11138 5264 10680 5386 10125 2610 6810 10435 12245 1032 8367 1407 7569 6112 9306 7592 8709 3262 5968 370 4400 2323 12399 4545 7964 5181 12613 9101 10278 4942 11711 2414 4783 2532 11279 3176 5050 6074 3007 12339 840 6477 3125 9105 1897 5681 13288 6740 12078 3218 13351 8187 8568 2221 8686 2626 9807 10067 11409 2837 5682 2709 3227 8421 1276 7798 3964 13515 922 12294 7843 10681 1007 8834 9827 9958 1925 9294 6787 8408 2537 8333 4029 4750 12440 115 11990 4452 6983 5038 6872 7271 4312 11718 10151 12518 1834 3747 5166 12295 1196 9662 9787 5820 7698 8765 5482 10975 61 1702 3676 9649 5772 11652 1271 2656 4507 12786 2054 11258 1593 3117 9172 1891 12261 294 3430 7874 11059 8577 11305 7295 9405 4228 11158 5257 13344 4013 6695 8520 170 6533 12949 12951 1133 13500 13561 1717 13547 4327 9690 4966 7888 5191 10472 1092 8088 1794 7460 88 12190 6473 11145 663 3051 43 3901 720 9797 3276 4319 10800 5415 10093 5002 10050 11919 4110 8128 1400 2094 2905 6420 9204 6847 7239 1708 3765 7394 10482 1283 12434 2184 10003 3805 4419 5565 7705 7986 111 3887 12165 8827 12303 5997 6716 6818 9626 8892 10096 416 1428 3732 8238 1244 5549 5989 10931 3431 3542 2759 7193 2874 7124 3177 10144 4742 11490 8923 10444 1396 2007 7047 1179 11384 7717 10865 11481 11827 1977 10616 867 13031 
13033 
12568 12965 13277 5203 13034 7863 13508 
13035 
13036 
13041 
13045 
13046 
8234 13047 13368 
13049 
13059 
13060 
13061 
13062 
13064 
13068 
13069 
2177 13071 13168 
13073 
13074 
13075 
13079 
13080 
13082 
13084 
13085 
6145 13087 13284 
13090 
13094 
13096 
13098 
12554 13099 13480 
13102 
13103 
8615 13105 
13109 
13113 
3941 12915 12973 7111 12983 6308 13116 
13117 
13120 
13121 
9858 13122 13135 
13124 
13128 
13137 
13138 
13142 
13144 
13145 
13149 
13152 
13153 
13155 
13156 
13157 
13158 
13160 
13162 
13165 
13167 
13169 
8136 13171 
13172 
13173 
13175 
13176 
13177 
13178 
6212 12834 12910 409 13181 
13184 
6654 12879 13481 521 13081 6097 13187 
13188 
13190 
2443 13191 13401 
13194 
10395 13197 13380 
13200 
2282 13201 
13202 
13203 
13204 
13205 
13208 
13209 
13214 
13217 
13224 
13229 
13233 
13234 
13237 
13238 
13240 
13241 
13243 
13247 
13248 
13250 
13252 
13255 
13256 
13257 
13259 
13262 
13268 
13269 
13271 
13272 
13273 
13279 
13280 
13282 
13292 
13295 
13296 
13297 
13298 
11496 13299 13313 
13300 
13302 
13303 
13305 
13306 
13307 
13308 
13309 
13315 
13316 
13317 
13318 
13320 
13323 
13328 
13330 
13331 
13332 
6839 13067 13379 72 13333 
13339 
13341 
13342 
13346 
13348 
13349 
13350 
13355 
13359 
13360 
13366 
13367 
13370 
13371 
13373 
11888 13377 13551 
13381 
13382 
13384 
13385 
13386 
13387 
13388 
13391 
13396 
13397 
13404 
13405 
3107 13260 9563 13408 
13410 
13411 
404 13413 
13418 
13419 
13422 
13425 
13427 
13428 
439 13431 
13432 
13435 
13436 
13437 
13438 
13440 
13442 
13445 
13447 
13449 
13451 
13456 
13457 
13458 
13460 
13462 
5872 13146 13490 12758 13463 
13464 
13465 
13466 
13468 
13469 
13476 
13478 
13482 
13483 
13484 
13485 
13486 
13488 
13491 
13493 
13494 
13495 
13498 
13499 
13504 
13505 
13509 
13517 
13524 
13525 
13527 
13528 
13531 
3912 13532 
13533 
13536 
13538 
13540 
13542 
13544 
13545 
13548 
13549 
13553 
13557 
13559 
13560 
13562 
