0 
11 10653 1034 4101 714 3120 12005 2013 2179 6132 1943 7678 12557 7277 9468 4758 5536 7984 9826 4390 12697 2842 4226 1601 4270 1249 11141 1553 2894 6071 9295 1773 2996 1953 4502 11683 12794 1159 2779 5406 12174 12516 189 12639 1882 4105 4793 873 4876 12548 2388 3524 4756 6747 7716 11942 3369 7844 10107 10755 6754 10112 5955 10545 788 10261 3018 13521 5531 5866 6844 7553 602 9215 12795 3777 12134 7967 8490 8820 4023 11637 9112 11700 2801 6973 4947 7438 9345 9480 76 1669 1756 4602 9454 5495 7400 9347 11062 3661 7836 702 12417 5750 12317 1742 4499 7764 9811 11453 4648 10565 4028 5819 9225 12674 2333 13390 4046 7960 6055 7182 8268 2737 10110 13207 1250 6909 12963 3836 12788 7213 7739 9361 1549 2093 8280 9507 315 2558 2746 6060 8435 8888 1383 8036 2833 5312 2101 5937 10868 1928 8248 6356 7914 2429 2839 2971 8747 3354 9165 3411 5707 1784 4314 6733 8453 8620 3572 7010 8742 5512 11679 6022 10880 11289 11581 1655 5702 1463 3340 10788 630 3300 9108 11101 10774 13104 366 1392 7870 9839 9859 13106 12819 13398 4675 11087 6585 10833 8638 9341 11591 1706 4763 660 1772 1898 2265 12259 9103 12513 1557 3061 611 4368 857 6948 10206 11898 7626 12944 220 12641 10934 11225 2152 5593 252 13479 578 11312 1413 3129 13123 2350 6457 960 9058 2153 4717 4731 9096 2230 5744 4353 8806 9182 5644 8331 1688 13564 5184 5645 9330 10947 2397 2563 6756 10888 13166 13189 431 12506 1729 3800 4244 6113 3488 10578 6759 7308 7469 11832 3641 6304 8368 9752 10851 6631 9290 4879 9765 2748 7858 7981 8597 1704 8797 1712 12745 6573 10927 
19 2945 2660 5745 5197 6352 3665 8373 2402 9082 12374 2271 3154 4186 3417 10595 7121 12356 6677 7248 113 10236 10932 5816 9614 13015 5426 7208 12877 672 8822 1935 6206 2951 11808 13222 10483 13452 2257 2364 3264 10789 6455 8500 753 2485 4980 6791 7137 6240 8476 4082 10757 1917 8656 4136 10219 2988 12908 142 8007 3711 5152 6581 4642 13014 3385 9550 5804 8772 6072 12477 13038 1312 3292 9967 1872 6199 6946 10530 10405 12968 6279 10404 8250 9769 12841 9560 11387 13497 2960 11648 11897 9490 12539 1321 2058 361 7050 10054 3544 10190 2577 2975 3379 3977 11465 3392 10580 4162 8831 6202 10753 680 4891 6736 3278 8622 1477 3240 3608 7615 10832 3818 4951 1738 1890 2491 5380 11300 12427 5693 8625 5917 12278 5049 6826 7922 104 1022 6008 7020 7543 9717 11818 6914 7059 3038 8162 9996 10588 12047 5120 7607 4542 8486 12783 3163 12806 5226 11568 2080 3614 11362 5883 9676 10507 11754 302 11558 12522 3888 3924 3194 7551 971 3675 6682 13443 8523 11032 4401 8077 4310 11631 12307 987 9084 9338 11547 1305 1460 1649 12288 8448 12301 1573 2390 2121 2343 4421 7132 1969 6380 2977 5625 5734 7411 9916 5302 5662 5123 5838 9866 11570 405 5654 3549 7586 690 4613 6289 7013 10783 8038 8291 8402 10038 10591 5358 5911 7107 7779 10147 6443 9927 3832 8058 3896 8873 12000 12095 730 8955 1621 3041 458 10281 552 6829 11494 12436 3457 10209 5470 9302 7097 10120 2621 3353 5879 7611 11998 5074 11126 5110 10385 10558 8150 11900 12533 1982 5560 5036 6277 9050 1832 4483 2925 7251 11567 5067 5926 4176 12412 5008 8436 8784 10231 6665 10448 6281 11440 4231 9382 6531 11260 3440 5185 12602 10373 12231 9720 10770 6161 7041 8902 2072 6250 9962 3225 9770 198 10544 966 8297 3496 12572 5361 9481 1136 5366 9095 9252 11320 4591 8158 1616 11151 184 6942 4309 10152 10501 1555 2228 12235 2468 3463 9505 6663 9661 9820 10495 2585 4730 11377 11655 433 1942 1889 11144 401 12132 1150 3324 8889 391 5218 3359 11390 3659 9153 642 6389 6713 3897 9867 923 12580 9864 12347 7249 11292 4274 12681 2430 4782 964 5657 1605 9971 177 11295 1748 11542 2851 11162 1410 10555 2798 6337 6077 9892 8893 11944 4160 10382 1831 6459 3516 11148 11155 12860 1903 9472 2612 10618 6893 7215 2539 8254 12050 8861 12098 543 8383 4138 7958 11466 3234 9438 2916 5685 10651 11963 1171 2683 3932 6559 8145 11023 1448 3390 6370 1201 8891 646 1718 9933 1163 7845 9871 5634 11479 2963 6043 4166 6122 13092 750 3464 5200 546 1730 7712 8354 8140 10398 1985 9079 10348 8041 8407 1705 11843 9479 9844 6675 10622 12820 346 10192 1257 8539 2871 10663 11791 8159 12954 
120 
131 12854 13210 
179 13115 8633 9700 13541 807 13365 1 12969 3757 13352 4150 13409 
235 
332 
360 12893 1627 12890 9155 13266 1939 13347 2979 13361 
167 3693 1314 9018 2757 5904 2304 9369 4830 11213 5519 10155 814 8179 10148 12100 357 4349 403 798 5121 599 13139 6789 13376 13546 4277 6174 3454 7726 7263 7995 4769 11847 4378 9471 470 11142 4795 9909 4417 12383 2175 5484 2091 3395 507 1206 12737 2284 10873 2489 5633 9052 10811 11411 2415 6587 10143 10664 11609 1381 10533 1485 2509 4634 6319 11197 950 8341 3721 9974 4030 9478 1277 4747 2545 9221 10904 8936 10563 4685 11241 704 7497 520 4614 3260 6761 7882 6025 7663 8611 12088 5397 10764 1398 10174 735 5928 2551 6648 7825 6811 8321 415 6792 4172 11196 5561 12195 6111 12076 3123 10560 1205 3186 7504 3108 8134 4871 7677 1789 5590 7963 10254 1476 9728 3138 9218 2217 10827 11632 1519 5947 637 6485 12930 541 10252 12955 2427 4817 2794 10631 1629 2203 3480 12315 5877 12473 5884 10244 6549 12147 3259 8456 5153 8792 358 2482 1102 7495 8335 9324 6699 11261 2715 3525 11175 11588 4555 5569 12655 12300 12478 2326 3579 6941 1439 9580 2425 5842 8129 1998 3988 10660 1722 3743 1299 6664 7101 7835 5359 10060 4852 6961 11976 2618 4990 10847 11520 2327 10637 3716 4510 1513 7610 4104 4862 1265 4962 1121 6020 94 4655 6561 1220 8738 9521 2470 6684 6750 5376 11790 2934 5419 4393 8514 1208 7275 2659 8658 10265 11097 6836 8361 10525 12722 627 1994 5914 7505 8103 7245 7316 1801 9682 2001 11715 3400 9932 7743 11000 
404 13413 
411 13552 1584 13265 2573 4022 13227 9170 10036 13506 9519 13020 13230 
3504 12682 3859 12067 4376 12173 3147 4583 7918 3613 5157 10195 10718 5058 7785 9435 3191 12039 5683 10885 6683 10982 12495 1746 5823 1599 2162 3474 4067 7471 4307 7030 1588 8482 9109 10512 12331 8312 11864 5636 10242 6396 10283 49 206 410 6332 12592 1212 2614 10392 11200 12451 2237 2692 3792 6629 11959 4224 6639 4820 5364 10719 2766 6028 8108 8396 64 6264 9699 10293 6274 7687 3600 12537 7636 8857 2438 2853 11787 2799 9092 1129 11365 1950 12726 2983 5306 10642 12467 722 5485 4884 10791 2496 8043 10778 2123 11056 1434 4011 2259 5862 6830 8744 869 3667 3756 7388 10064 5027 7302 4037 9611 8068 10330 525 9428 10079 5210 7065 767 2714 3645 9929 4660 6965 1142 11916 4225 8518 5898 10534 2710 10679 9716 10716 4478 10756 929 1532 9841 4898 5234 7333 10941 151 5762 7378 2444 8427 12747 3995 12202 12673 3793 6014 7776 7962 8912 9808 9618 11252 376 8313 2103 7662 8836 1642 5998 1941 10632 2450 8696 6398 8040 436 3939 10929 883 9033 12995 3982 8756 9387 12310 4959 9654 6840 8282 8544 10729 1824 2546 4786 5423 447 1520 2037 3819 5658 6938 7202 3821 8666 4290 5948 6467 8281 7928 9042 11997 13132 5045 6436 3510 8805 9829 8061 9160 12041 2118 9180 9788 732 7445 7078 8295 784 10592 12304 1787 8525 2718 8915 4018 7968 7011 11357 9381 11566 5754 12718 11445 12562 12739 
912 3434 4142 8199 2752 3087 6991 3261 3973 8056 10258 765 1493 5076 5424 7174 7061 8178 1170 1959 13050 1468 7720 4423 8553 11759 5300 9373 11342 12453 9011 12607 2204 4315 1359 5807 5539 6773 1080 2586 812 5433 1388 6454 8462 10089 8675 9743 9989 7040 8112 13354 1610 7317 1755 1862 10585 5048 7453 12366 9520 9719 3122 8376 2032 7265 1987 4107 4322 2202 5516 11311 1466 9325 13420 8867 9730 3610 8774 10169 12003 7823 11036 2290 5213 3647 4154 11428 5757 6744 4005 7258 1854 5412 7518 6121 10750 2194 7244 1440 11598 12284 7763 11878 1427 1999 3349 8395 8109 8707 8279 12486 5183 9877 761 8338 2132 8761 2529 5351 5929 9772 10033 1741 5187 8916 11368 755 10655 11112 1893 3808 10543 506 3174 264 3829 9395 12079 4557 10445 8952 11233 10688 10765 4618 10703 9572 11405 1665 10031 6051 10582 9755 13066 3212 9596 3325 3830 6155 6776 6678 9344 9629 4196 7371 9504 9687 802 8705 8848 10696 2813 12125 8220 8872 3506 8984 6255 8976 5800 12787 2424 5422 5611 8914 7 5639 11677 4258 5338 9987 12675 5206 9258 1830 9516 11750 11907 12405 3541 3869 10900 6748 9351 7074 10621 771 1089 6986 10933 7948 10306 3540 6375 8221 4388 5041 1116 3914 6822 3071 3954 10017 4302 5627 8161 6610 7945 2909 5526 3275 10521 284 6994 1714 4369 441 515 7538 1430 9434 13129 2357 8304 6306 7930 9586 12437 129 7168 2943 3945 640 8856 8909 2936 4100 3374 11983 36 10059 244 6197 13530 10232 11222 13091 9536 11385 5472 6186 426 3527 6594 10421 8186 12334 9073 11870 683 10985 9589 10156 2605 10102 70 7421 804 6742 7591 8516 1056 9972 7372 9124 4734 9590 183 4164 620 4348 8753 12009 12736 8963 9832 12901 6927 13193 588 13343 4622 13147 3921 8137 6472 13111 13274 7118 9239 13448 1821 11427 4812 7260 6227 12183 1181 10635 5946 6703 7972 4567 5065 8604 11845 3376 9731 3601 8748 1465 2570 11302 795 8740 2479 11764 13133 9396 10763 13039 915 9064 6193 6599 2832 7002 8147 1169 10249 5001 5256 3462 11932 9037 11909 7425 8802 1038 11701 11094 11392 535 2222 1864 5441 259 12113 3987 9523 12443 12590 483 1229 5101 8694 9885 1552 5961 8455 12800 900 11712 3222 7985 6438 10526 4324 7563 303 3707 5252 383 5511 243 2965 354 747 4489 9051 2041 5576 5525 7069 1680 12515 7970 8218 3199 12866 13415 3621 8255 9013 9100 11867 1883 11634 12186 549 5771 3098 5974 6511 7149 759 9544 10362 12191 4921 5987 6554 7267 8182 10864 9375 12750 3220 8307 3303 12085 98 5833 1307 7901 8033 10493 6649 9365 6089 6309 1676 7200 9585 7223 11693 8986 11398 1894 4544 4781 8416 10498 6323 10369 1008 2653 8971 2095 4528 5363 6751 9314 949 1975 11089 1819 12182 10402 11372 6704 6867 2835 8592 4287 12521 
721 
778 914 797 8830 1232 12502 464 1766 5445 6562 7109 11129 3172 7024 10412 4189 8541 4726 8425 9816 10166 658 5493 5242 8149 6595 8946 5189 7401 5834 11296 10473 11830 5497 11882 7229 12575 5350 12763 3416 9169 3408 12013 5403 7130 6560 12279 1083 6152 3153 4387 1617 11359 1940 9491 3127 6253 3660 4000 5813 10250 347 11495 1521 11579 821 3697 1053 11912 6138 8974 5691 7783 10154 5915 12564 2289 7063 8578 3778 4576 3263 11849 1709 10208 1938 4961 7360 7387 10008 11035 1302 6514 11321 1631 3847 3381 11119 6745 10390 3096 9619 2071 10515 603 11262 766 6143 2167 8795 11190 12552 8639 12605 1375 7533 5518 10122 1189 9815 5297 10818 8566 11287 5103 6947 5328 6981 4701 5199 11051 716 5447 5797 9575 137 11375 634 7330 2609 8613 1035 5487 5248 11745 625 8982 1662 7301 4355 7129 10732 5892 8059 1951 3187 10010 6886 11699 1835 10153 1085 3158 9 2268 2855 2106 2423 6529 9107 4163 9292 5098 9298 11825 2793 6924 9754 3425 3446 3014 3236 930 1310 3459 1990 6118 3477 6635 1390 3790 500 5407 9194 146 6501 508 3521 4424 7326 8110 9219 238 1984 5460 10322 3476 6993 2378 9840 6741 8734 215 12688 79 5207 6061 1607 3448 5747 5925 6645 8798 12119 3611 12221 2197 7056 1378 11853 8143 10358 943 3670 10497 12214 4686 5889 5391 6084 5414 8470 11247 5281 8018 12645 1362 7515 249 7648 2307 2404 6715 1091 2431 7068 8702 11614 1721 2764 7494 7865 12263 11337 12198 8386 10065 4629 8130 10708 1274 9657 2384 3828 5209 3884 10403 3209 8086 3913 8522 3893 8616 2375 4203 11743 11965 1266 6191 7211 9240 3010 11996 4357 4978 9824 9237 12139 2557 4721 1733 5196 6803 12256 1486 11603 3213 5601 11152 7274 7679 708 4275 7905 8252 9264 9964 1185 3356 4725 8989 10639 2504 9023 3190 4183 5158 606 9899 384 12210 4422 9111 5216 6031 6608 9432 3270 6925 9041 11391 5369 7385 9168 11856 1914 8521 7919 8607 8002 9232 205 11613 851 10872 885 2122 8465 10629 5453 12563 
993 
1052 
1196 
1197 13018 13242 
1264 12899 13516 
1333 
1417 
1423 
1478 
1635 
1647 13100 
1683 13287 13526 
1945 
2090 
2173 
2177 13071 13168 
2263 
2282 13201 
2369 
2443 13191 13401 
2541 13032 13180 
2630 12865 12556 12871 13226 
2726 12833 
2773 
2876 13140 13249 
2940 
3115 12836 13496 
5806 9554 2231 4420 1690 6117 3730 4826 7883 7950 11432 9036 11343 1541 10973 11668 12208 46 3598 8933 1556 9360 12760 1881 8298 12321 4269 4992 11503 6507 8111 942 4493 11810 4140 12044 4159 10815 11530 11890 5263 12010 518 3717 12059 5614 12240 815 11951 710 2218 1372 10030 1469 10744 11040 1910 9451 3634 4516 11662 4122 12216 7660 9356 1922 7380 1336 8832 10834 471 7637 2432 6395 10299 553 3093 6614 9935 1828 5046 7009 4358 6208 7077 1368 7044 10721 2154 11161 5240 6784 7987 9139 121 7008 112 290 5461 6101 7560 4412 9805 10946 3512 11323 763 4886 1933 2717 8512 8621 2834 7500 7523 12566 641 5241 10948 2313 12265 2454 9161 12011 874 8571 3680 3827 9335 3133 12441 2033 11922 12672 1615 11940 5439 9416 5610 7575 3690 5282 1505 3167 4597 7105 10310 2247 4364 273 4737 6821 9869 8646 8829 1059 5964 440 3103 12698 3895 12172 2600 10447 3931 11958 2522 12565 5817 12679 2038 9803 4001 6929 10341 11239 4652 4676 7604 7659 7982 7895 9354 161 12072 4010 8926 9599 6049 7007 9880 8937 10974 7666 10697 11522 3642 4460 5781 9501 4887 11106 5452 11348 4874 7903 7303 9296 3762 9043 1452 3037 8070 10854 2854 3481 2920 6809 4213 8135 981 2645 7015 11404 4325 6526 4699 7227 7855 8073 2749 9792 10725 11484 1652 9342 8594 11072 7413 10452 11647 3946 4169 6901 9077 8626 11704 1636 2524 9134 6588 7409 12223 2617 11689 2560 5995 207 1118 3251 12161 2651 8833 5648 9457 7054 11008 5462 11339 4250 9056 3761 9977 3128 12343 2895 7803 5534 11967 187 10304 9186 11988 10342 10646 712 12709 827 5763 6780 1608 6340 8169 10978 9406 9669 3581 12657 1578 4723 4780 5061 4918 12212 1435 10135 10471 10883 8393 11022 5014 5390 2458 9337 10364 1161 7004 5085 7862 3204 10179 7833 12187 7455 11420 5230 8477 10228 1964 11582 3720 12349 5515 5646 6597 5867 10511 393 11338 7318 7622 7641 9029 10479 12333 749 7602 8013 7832 8379 7997 10798 713 8505 2409 12269 4007 7192 920 2275 3824 9061 2567 5910 8032 12664 7954 11110 1508 6153 10672 6956 11822 1438 6632 3539 8569 11315 11475 12391 3746 5053 1239 5827 4434 5604 1849 3763 1482 4649 8817 3867 9159 6258 9266 10748 52 7359 382 11717 7695 7931 10425 8782 10509 99 4587 
645 4292 715 4152 1226 12804 651 7355 10726 770 1788 7667 2102 2108 11974 5231 5950 3801 6480 2050 5643 5630 6365 1046 4124 8726 10320 1533 7023 9559 2419 7331 9924 11761 789 4680 3530 6987 8785 9638 12322 12630 2285 2352 11884 2403 8230 1143 4425 3171 3455 576 5107 9075 3296 10116 3767 7977 1296 8524 5142 12116 5722 10286 5331 6139 6148 5719 7293 3470 10002 3992 12789 188 2137 4262 1198 4533 8943 8123 11414 1726 4609 8092 10276 2503 8935 10983 11438 1019 4272 9679 5446 8589 4362 4443 5000 8285 3466 11237 412 540 1254 1433 5069 956 5822 10024 11638 6170 7306 3146 6381 6498 7971 12536 12764 434 2550 2015 5356 3920 6537 6875 2060 12706 4475 6273 8177 613 8277 1531 7578 3577 11554 8993 12589 2377 8972 12632 8517 12040 4106 7483 11361 6065 11217 963 7746 2555 6017 3247 9998 2176 4632 7708 8430 11735 6181 6242 748 2990 4974 8532 10245 5921 11278 250 8076 554 1455 9115 3139 7439 4623 10305 11502 3297 11324 7361 11615 3868 11131 946 1759 3104 8603 12089 130 693 6407 7894 8247 3996 6655 6603 6976 7233 894 12810 2805 3563 11474 12530 12547 694 9385 11607 2633 9870 1456 4097 3020 11674 3027 4946 1041 8775 12875 2462 7873 9183 3981 4501 6246 11828 192 4863 1989 5543 9566 10549 7940 9074 568 13054 4657 5301 3418 5588 1127 5965 9200 4916 10808 2474 8990 3205 10323 9394 11753 3662 9318 9461 7443 9946 12653 1509 9527 1093 12588 6794 10759 785 4015 4 5731 11645 12624 13213 590 6998 8358 2959 8713 322 5533 9534 10896 1558 2267 3534 6130 10785 8850 12192 10825 12371 9631 9756 7060 12048 6565 12358 26 12422 4008 10468 882 11270 11934 2074 4724 6636 5844 7714 3963 9517 2209 8189 5556 7358 15 7067 1247 7980 8894 4232 5392 5138 6088 3024 10115 3068 10875 684 3429 13555 50 1781 12481 1174 4971 9459 1525 4832 1600 9979 3473 7160 12382 4451 7336 1956 11433 11130 11984 5890 12424 13327 1348 6006 3871 7852 1021 8200 9683 2788 6812 2100 6484 8065 8815 9776 623 3930 4970 8677 12230 9861 11454 295 9675 830 11771 45 10098 4977 7885 655 10113 2547 3207 4487 6853 880 7342 527 1047 11395 38 4892 432 7459 823 12251 5440 7218 8881 2803 3631 7088 2455 5357 10615 12401 3854 6120 1768 4708 7994 809 5882 10965 2635 9078 10453 12520 7012 7908 10668 3794 4910 8531 3606 11508 9223 12663 9334 11195 774 6658 6351 6366 5269 10698 11461 3637 11517 3388 10171 1886 8688 12291 762 10979 2245 6899 8547 9762 6032 7669 3735 10422 550 3892 5220 3936 12368 3537 3898 11687 4383 5924 3967 4868 9747 2732 6854 5595 12037 703 11319 3184 4752 2931 11282 9307 11135 
3282 
3304 13303 13416 
878 10675 279 5790 3016 11560 5278 7756 9187 443 10215 10596 4331 7441 6126 12754 3201 8681 1153 5266 7025 11280 7146 9642 11307 1063 3333 261 6083 7790 12468 10158 11347 4266 8039 2789 12642 286 4811 799 3383 3078 9228 6764 12054 6297 9456 6615 10836 4061 4872 1870 4594 4979 5695 10760 5760 12234 438 9678 909 10939 9879 11423 2591 5714 6889 7199 11563 1004 2133 3008 5086 8899 4972 7099 7893 7976 9440 9695 3256 6254 6403 6890 3975 7771 200 8473 7172 7529 1365 1451 2361 3841 9383 11442 3332 7966 1078 12220 2036 8195 3203 3414 8812 11450 13441 8300 13537 8576 11189 5933 13163 1711 11550 2031 2882 865 1550 5517 9164 4233 7165 10514 1394 9181 875 3140 5716 10436 11863 7162 11469 961 5891 6828 1792 4099 12346 12375 1602 7822 6035 7974 6067 7789 6657 11949 3337 7026 12104 385 3069 4585 11293 6169 6540 1138 6519 5912 6915 1262 4129 12376 1431 4749 1132 4908 6435 1840 11060 4858 6362 487 12123 2180 2699 6211 11306 10172 13225 6296 6732 5459 6843 4625 9372 1252 9980 9990 473 4897 2687 11957 4397 8289 10699 5963 12203 1030 7391 3322 8793 185 5463 1693 2243 2873 7464 2823 5774 1384 9627 2120 10046 1866 3812 12244 1367 8204 2531 5245 7116 11719 251 7209 601 10331 1144 4087 871 11541 5299 11202 7932 9291 147 6159 3113 4151 1810 5457 7840 11019 9513 13281 644 3003 232 7939 8596 10656 77 2170 5858 2383 9942 12049 723 12425 482 2044 7122 163 567 8839 1996 7566 2451 5400 1954 3852 5861 9227 832 2579 511 7635 7896 8714 9786 1960 6669 3880 7198 901 4934 1991 4579 2643 9681 1016 6142 8885 4112 10439 379 3156 5840 10181 10454 11596 803 6813 6056 6953 3701 7418 3467 11861 86 11334 5383 9450 3583 6336 10193 10676 193 5815 9702 10977 5494 8699 2844 3714 2506 9973 12509 1761 4612 1294 5821 2467 11539 11850 1319 4888 1736 8380 8399 11415 9331 12666 180 7430 1833 12608 3574 7902 1067 4449 2062 11242 1128 4536 10532 3944 10918 3674 11327 11705 420 7644 8311 2422 5064 352 2725 1762 5140 3497 6348 13246 7178 11050 7314 8491 479 9464 8347 12074 2314 11892 673 3075 1640 12457 3341 7203 211 9431 3943 5596 7458 492 10274 256 6076 6359 7126 7937 6660 8350 1719 3623 9693 11604 7119 7818 9595 270 4450 2225 10897 4214 10812 757 4531 5268 8536 1632 5486 2672 12271 3232 4294 6774 3605 8678 488 10797 4568 11290 5701 6127 11394 1753 9313 605 13110 1416 4311 12759 
3442 
3490 
3565 12909 12979 
3625 
3737 
3766 13258 13470 
3782 
3912 13532 
3985 
5091 5374 5878 8320 478 9828 6974 8847 4706 8924 1797 12538 407 786 1211 1867 5953 2818 11090 677 990 7969 2845 7872 7670 10440 2847 3188 5945 8758 729 3095 11626 8426 9494 11193 2299 8471 8591 12252 12576 1213 11920 1308 7131 2497 11823 4674 6234 555 5465 11534 1530 3655 12296 7559 11007 8602 9714 5261 8808 4791 8874 1147 9937 11133 9209 9984 10634 12133 4604 12891 199 1944 2981 5602 323 12287 2159 5498 8049 10317 11061 3567 12452 2719 12372 13325 574 8870 3679 9701 5612 9957 5927 9253 7035 8655 5346 7324 9812 10045 6490 10527 10709 11011 11926 10477 10894 1785 11431 12136 4134 9533 3162 5126 5857 10069 3371 7057 7437 8776 9655 2666 7584 11723 10559 12796 1209 10456 3949 5360 4939 6386 2149 4566 3080 7884 8270 10400 398 6725 1503 6345 9424 12960 1055 9750 2472 3620 1422 8021 904 3602 9735 10433 12849 6570 13563 3081 6743 6574 11837 7327 9981 10131 10539 157 12392 386 11227 751 4243 11015 3866 9216 5893 10223 11590 12621 3507 12714 4096 10623 6341 6922 3986 11728 5163 12071 1044 11564 2597 3271 9552 13364 3726 7283 423 7535 9066 3682 5169 8098 145 6497 6147 6244 4894 10086 11536 13118 908 4251 2394 3876 2812 8017 10374 3289 12571 2242 12790 3768 9941 7032 12118 2843 4133 9814 1182 4821 10297 9954 12603 3503 4646 7656 1131 5052 13040 9163 10126 329 6081 6714 2426 8689 3439 4040 5579 6997 17 6513 4683 9862 4237 8116 2270 4562 2849 3770 182 6793 2260 5635 2641 10475 2155 8003 9069 2144 3366 6817 11910 12033 12500 633 11955 2890 8010 7780 12397 304 1592 8791 2922 7435 4789 7759 11551 7290 11198 10917 12586 12928 1847 8862 8944 2355 4025 8225 12465 3718 8627 3082 3938 9106 9319 7414 8480 6855 8494 737 11389 791 4815 7805 3545 6316 6338 2344 2744 10142 10738 1426 2797 3535 5010 11762 3419 5024 31 2661 4853 1352 6027 9068 465 12130 13329 3752 11552 12056 13150 3712 4120 4982 5104 13492 5310 9556 6545 11593 1386 6094 2117 8601 11053 13159 
4077 12827 11459 13037 13321 
4126 
752 2892 818 2046 4223 7176 4199 10658 1295 11256 7404 9358 639 12046 687 2157 4854 8050 8695 268 6541 2668 4440 5876 7752 845 5530 9098 8550 10677 1002 9945 7880 8249 9600 615 11214 4915 8046 1567 5982 2446 5348 8956 10922 4865 5985 8710 5795 10474 4404 11331 5093 5808 5131 7353 5555 11894 4056 8170 4729 5409 8232 7470 9118 2575 9953 1561 3744 3241 3926 8196 8372 9397 2073 3850 8961 10124 11991 8146 9836 8153 8614 9851 5735 12505 340 3067 5776 6448 7747 11621 153 10066 2492 3396 3731 8461 9362 5349 6449 6795 5144 11382 5102 5708 9132 589 9349 5072 7273 5471 7541 4197 9939 456 5070 9131 4333 10180 534 11426 3633 10441 201 10837 519 2043 5401 9151 6315 7668 2098 8181 8780 11777 28 246 10061 3042 11052 4411 9703 2634 6354 2776 9542 5713 10035 6163 11891 59 10351 3515 5787 10164 12808 2160 2398 5455 707 9039 931 8595 3687 10600 1105 12342 136 12115 7545 9650 9646 10393 2603 5679 7532 1909 9322 2949 9997 11945 12110 9715 9959 11435 12527 2552 5255 5738 12774 154 5548 5562 12700 4003 5936 5537 9321 419 5149 3284 9439 868 10149 6276 7638 152 793 2693 2131 11381 7082 8067 6376 12066 1494 10394 162 5284 32 11235 301 4454 1731 8890 10860 3004 5874 1450 2846 37 2017 9686 3100 5865 2515 7136 3704 6979 44 9708 11434 11460 239 2821 3445 6491 7337 2768 9126 4931 5237 7546 11379 12140 2174 10415 5215 6342 11204 696 7399 5188 10919 457 2111 1725 11218 6600 7349 413 3447 2322 3443 7527 937 12107 3750 6984 7446 11978 504 5084 351 7736 3372 4654 10813 293 828 10334 2629 3781 8231 9403 8948 9207 6115 9622 1841 2107 9775 4247 6164 4073 9936 731 3753 2745 11281 10480 11800 9616 12159 89 801 544 11908 7357 12151 6442 11208 2196 2514 4754 11642 1581 12094 1039 6923 9192 202 4805 263 5174 1684 8057 10080 4938 7983 10187 12105 160 11625 4735 9377 53 621 6524 7706 1586 9038 3831 9751 2030 6769 9484 10237 221 12226 1528 9802 11046 4431 10841 6804 11767 6620 9437 5972 9288 11498 7003 10303 276 596 9282 3002 7242 41 8642 8054 11099 2787 6346 5818 7187 8413 3058 3351 10992 1796 4627 4108 5741 1025 6299 12485 4745 7761 7711 8581 10379 11811 12464 8212 9005 10564 10822 12152 2191 4308 8763 10363 12489 3902 8403 10217 6140 7549 3092 12096 3309 3498 5475 9198 10127 12023 12821 13044 8682 12499 575 11883 12433 10866 11253 13053 4551 12442 6114 13221 7424 8366 5859 9968 8203 10430 826 10891 3072 7580 13433 2513 5139 8985 11518 6015 12323 12400 889 1190 8325 11744 11992 334 12435 449 12017 10723 12620 5438 11091 9541 11092 11146 8096 11798 2334 7692 607 7943 12320 12768 
3252 12099 4248 10547 12596 350 8994 2 1330 3627 811 6705 275 8287 6298 9343 11981 7254 12111 4471 9418 11048 2252 4920 7142 9021 3980 5454 10384 10682 345 11179 2638 8405 1096 4523 27 4785 5020 5285 3492 11039 2081 6766 12407 2494 8918 1114 8424 10517 2865 5848 8236 8579 5236 11780 7447 10410 3318 5276 842 12595 5570 6978 6589 12257 10944 13235 1113 5509 3320 6720 2769 8966 3166 3788 8328 11714 7921 9982 2286 10466 6162 12716 6058 6622 1230 9876 3347 7346 7320 8840 1355 12540 2124 7214 11707 11865 6463 8911 631 8659 8246 8560 42 8717 524 12723 126 2385 657 1888 10138 2511 7108 9768 10557 5943 7992 754 6896 2913 11360 6269 12179 12274 5752 8083 1351 8211 4532 7377 6079 12708 8670 9633 6650 12275 12415 7704 12735 4065 9145 7934 12087 4840 5962 7887 8389 5259 10111 10 8310 4395 9656 212 834 8175 8769 11514 6536 8920 6108 6249 6422 10491 11448 1978 3306 7230 7544 475 3026 5905 10784 2508 7261 3922 6850 9856 24 5923 2998 3293 11328 4494 12654 3342 5703 2279 8610 11633 9913 11468 3734 11786 2976 9991 12283 2287 8803 2814 11451 9015 10039 11333 3060 6873 11622 7123 10438 3280 8064 7386 10988 5389 6627 11905 916 12380 253 4773 745 6040 1436 3283 3326 7688 4565 8449 8618 7164 8777 4128 4890 3265 5728 7528 1011 12421 2130 2729 9346 227 2096 1298 5448 12593 948 4831 12073 3338 10338 4628 9380 11814 2087 7567 2884 3966 5291 2624 4336 6175 2169 12122 3654 6952 7686 8001 8575 9597 2440 11938 3132 11221 5522 7039 864 3589 6429 7156 1844 7232 779 4102 3754 10370 4085 8447 1697 7022 8398 3559 5239 3266 11589 666 3494 3200 8538 6706 7467 2025 3997 3361 5092 11500 6424 8869 2527 8047 4075 6146 5195 7475 1090 2064 8352 9644 1937 9212 11004 12388 461 3034 1846 5458 6700 1195 5148 6012 9530 9721 11176 6763 10628 8141 10751 1630 8788 3517 3548 4035 5749 12813 8962 10284 1014 5677 7092 4844 6327 9030 10599 10298 12065 1235 10908 4069 6387 6185 9779 3054 10671 6010 12034 10225 12128 4370 4870 12199 1322 7351 7184 11929 12335 5736 9470 1958 2172 4373 1611 3185 8332 2576 13024 6295 10100 1735 4659 6624 7381 2599 11167 7179 9234 4222 10954 13086 1973 1992 13423 3863 6749 5413 11003 8062 9496 13164 3699 10562 11082 9911 12022 656 1419 3609 1838 10850 1747 1916 1968 7910 1177 4834 4985 9260 724 4474 918 4995 10167 1986 4456 4833 1087 9663 8428 8657 9677 13394 56 2002 2215 2652 2240 10504 649 10056 2679 7920 9949 5155 9609 10915 2778 6824 6302 7235 5513 10316 248 12406 3640 11137 6321 12574 1965 9368 10463 12606 9740 12063 2623 11458 12749 4866 8489 2755 3908 5295 3406 7572 6339 9300 11096 402 10344 12224 7312 9022 10802 3423 3729 7376 9666 11646 11760 12330 
4396 
4673 
1865 10105 5622 7724 6283 8507 6204 7389 10178 5686 8258 957 10998 9297 10014 12432 4755 9641 585 2206 9853 11813 820 4054 1371 2815 3890 3243 4753 8973 6935 11977 8887 9229 1946 4541 5088 6041 9758 7197 7522 5542 8303 8357 8382 10955 496 7053 12042 4180 12678 12309 12799 8588 12475 40 3246 10739 4072 9142 586 10893 1545 5592 3933 10313 986 3015 2264 10923 2924 5778 3960 5333 3722 8194 8272 13402 4880 13186 226 6698 3760 9672 1243 3059 298 11113 3179 13430 3273 4119 906 3345 7062 11095 7850 12898 13510 6737 11994 7315 7649 8672 106 12200 4141 4464 9558 2950 4530 8978 9080 2213 7701 10821 2667 11249 556 2688 2734 3972 4644 6445 2342 5811 4695 12762 2841 12987 6285 6846 8454 8636 5193 10199 7744 9065 10428 12157 3489 7680 551 13267 1853 4078 4063 4200 6238 3855 7085 516 7621 6247 10372 11876 4606 4837 6771 8318 3033 6489 7027 2810 7799 4356 9538 5981 7913 150 6082 796 9312 2870 5875 2540 3797 4678 8716 8305 11509 1338 6266 16 6885 6054 8369 8401 12175 4437 5304 231 6721 11285 1506 7671 8492 514 7762 6300 8315 3786 8954 1183 2360 2969 3771 5845 9179 9483 1786 12503 1660 4762 1076 8609 336 2272 2368 6777 9445 10220 2962 10617 6633 12627 523 1874 2075 2076 8941 2649 11526 2589 12610 3842 11456 4967 11160 2806 8585 1401 6036 2608 6125 9141 9326 529 1389 2127 4279 4864 7340 7396 8896 9651 10518 3373 8953 777 7250 233 5756 10269 12670 952 9019 5244 6090 10041 1425 12545 8101 10432 9551 11664 3591 10935 3804 7348 2968 6781 9166 7181 11363 6558 11792 175 5204 8412 9130 11737 2625 4631 6405 4787 5094 2566 11773 1473 11785 7194 7276 945 7811 11833 1656 2280 8608 7819 11973 563 12428 7098 9026 2481 9868 9674 10267 5527 7419 7917 9603 12012 3210 5037 5474 6280 6001 12484 6801 9452 4014 7416 1489 8552 6388 10352 12761 2850 7354 359 8917 5294 8148 9620 5305 8265 12314 9272 9398 3857 12160 2220 8344 9648 349 5973 4954 9384 9537 9898 11084 2078 11400 9884 11543 4738 12408 617 1155 1068 8190 897 11410 168 6542 6592 6335 11254 7499 11587 12483 2711 5831 11027 4291 10464 6385 9889 10890 11834 
4956 7462 13019 
5063 12882 13293 
5079 12883 13009 
319 4145 5171 11943 1081 10886 10766 11049 2662 9226 4535 9960 1826 4994 9543 2682 3878 10212 2765 9425 11413 4937 7444 9205 25 3845 5864 9328 11025 12176 12651 559 4590 307 10266 4300 7138 837 954 4298 2239 3094 7620 4650 10230 10092 10964 2771 9579 164 10842 11134 1740 5410 12329 5897 11872 3169 9921 265 4352 4904 1353 12055 5051 12798 1267 9795 5626 6522 1869 3131 2908 10451 348 6228 7046 10007 2852 10049 5956 6085 1108 5385 11921 4713 8787 9217 1154 10470 3363 10502 6679 8527 343 5940 2418 6816 2266 7420 1612 4466 3287 6601 6796 8878 10686 9008 10087 4928 7699 11297 274 1791 3582 10128 2312 4459 1164 2347 3175 12459 1952 4603 11417 2690 7959 831 4004 158 4802 1537 5697 7869 2490 4901 4843 12169 6038 8723 102 11595 725 12008 1301 11751 734 4115 9845 11020 11436 1443 9148 4463 5895 5939 9278 9819 652 10132 2707 6520 5145 11346 7423 10913 2452 3653 3900 12222 3458 12070 4572 7697 1075 7519 7189 9402 522 6516 8947 4217 12559 297 9415 4873 8751 5298 7531 850 5918 1184 12710 2751 11824 4204 9608 6692 8949 9475 3079 6441 10695 2967 7542 2026 10019 2650 10411 11904 6584 9896 234 4570 10741 5156 5901 1623 11330 12306 2622 12707 1598 9301 5319 7652 10552 3013 4851 9449 11406 477 12236 1936 10707 1899 3097 10727 3160 4321 8443 8925 2901 6995 4522 10953 833 12704 6904 8794 10356 12629 9055 10878 3570 11722 887 7612 9591 10177 7488 11462 173 12577 3590 6959 4647 8014 2523 2525 9549 13 4827 2366 8739 9710 9951 1268 12535 6790 10094 8999 11045 1900 7195 3155 4900 9783 4645 8160 7664 8783 3925 3961 3045 8060 10184 10528 1442 11533 4598 5532 6133 8733 8558 12699 2984 6104 3638 3648 4803 6808 7344 4064 4668 6576 10000 10722 4241 11982 1715 10485 4174 10667 6755 7491 5598 8587 3810 8377 9738 3223 10426 2316 6883 11769 921 11325 2900 6696 3032 6852 218 11317 1749 2756 1955 7093 378 9570 
5203 13034 7863 13508 12568 12965 13277 
5277 13052 13220 
5314 
148 9706 6470 8551 6957 11071 2129 6029 3022 10368 1668 11725 88 1794 12190 7558 7964 2414 8283 675 1032 370 3840 9306 10406 11215 3851 11711 4942 12379 9101 10278 548 4553 7892 4400 7460 9072 10809 2868 11277 8495 11127 109 5004 11271 236 6160 8089 10145 2084 10355 2681 3176 11806 7777 9400 2987 4127 4639 8397 5249 5958 2216 11274 8779 11690 587 6752 4342 7573 6652 10925 4973 10082 9976 12247 4653 6456 6691 11671 2505 5541 5812 8091 9441 3617 10799 5180 12498 3302 7676 3394 11583 1777 11620 12814 692 10879 6259 11429 3073 12164 3124 3391 9928 11885 2819 4506 2089 2880 11936 400 11212 3000 7796 1049 1811 7001 8411 8567 1110 2985 3974 11115 2495 5078 6189 10804 1807 7328 3202 8980 197 9090 924 5132 12719 2464 3523 11463 43 7745 8648 612 7627 2654 10446 3189 4617 10796 5181 8243 2532 3231 5488 2142 11279 2535 12599 459 1376 4846 5725 4289 5706 9087 5224 12613 2978 6949 8233 9766 2437 3594 3663 7472 5712 6034 445 6798 2011 11449 5050 6112 1643 9749 12103 4712 12086 6074 10820 224 2893 10846 4569 4783 9003 4117 9874 5382 8652 5325 10196 11525 12550 2395 10666 2581 3043 7632 4927 10159 570 10270 4515 9245 10593 11017 4824 7217 7986 2293 4991 12619 1672 9088 12206 3927 10307 446 5529 11623 11716 12326 6738 9865 10197 11506 10108 11439 2507 11102 1472 12773 61 11059 1271 2656 5482 11718 13344 6872 7271 4312 9649 4319 6740 10800 170 1717 4452 5038 13547 6533 12949 12951 1133 13500 13561 835 4919 4029 6695 8408 4013 4538 8520 5257 7698 10975 6329 6806 4095 4715 4276 6989 2665 7484 242 8235 11055 10301 13322 2168 2742 149 3639 6825 5254 7486 13511 5726 5825 8640 13051 907 2512 10771 6787 8765 6983 10151 12518 190 12732 852 4327 6282 10488 8686 11452 8834 12294 3218 8568 5733 9855 3430 11848 840 5802 9105 3152 4720 6870 11488 1568 3377 13351 4486 9025 12730 2929 6671 4173 4740 3125 10583 4480 12691 1062 3224 8097 10579 2587 9421 5089 11033 4285 7589 8081 5810 10123 10712 10928 1891 12431 1593 7299 8535 11063 3117 7394 294 4588 4455 10589 8577 10848 204 953 1780 4545 7581 7075 7843 5417 8187 1925 5681 12078 13288 115 11990 1179 8923 11384 1199 11481 12295 1834 3747 1897 11652 6477 12261 1995 8168 663 7124 3051 9371 9827 10444 3276 9275 3526 8934 13356 5415 12579 1276 8464 1400 2905 10067 11291 3676 11409 4507 9172 9405 10093 10482 1702 6847 7239 9797 1162 6845 5370 5640 8406 6859 7645 8825 11251 13004 12150 13108 13182 1112 8301 2537 7295 3405 9162 2054 12786 4810 5191 8088 9294 10472 10681 11258 7717 11305 6555 8709 4750 8333 11075 11741 10865 11158 4228 12623 55 12036 5772 8928 4543 6230 308 3064 5732 7874 1283 3837 8921 96 8635 209 12426 
5467 12824 12829 10819 12851 
5483 13254 13319 
5528 
3551 5559 3844 6892 
262 9308 1913 11028 10162 11881 12225 7102 10047 12496 12581 7587 9016 10870 7915 10857 5975 9174 685 3330 3657 3669 3274 4986 1771 7633 11724 7597 8173 8493 4175 8371 2165 8828 7477 8866 2195 12526 528 4960 10314 805 5687 3520 7619 4230 5746 2685 4426 9188 9246 9902 10849 741 11487 341 9548 772 3745 1339 4534 6310 7042 8826 8886 3355 10795 1406 4670 11903 6625 8404 2248 6272 6719 3569 12469 9276 12812 3983 8063 408 2254 5293 8813 11880 2053 2958 6476 7456 4193 4637 6779 11670 711 965 12201 5162 5395 1927 2670 2872 3475 4836 9969 647 4665 7339 9173 4280 7482 369 7791 4337 11012 9567 10999 3091 11441 11859 6606 8208 12748 2061 6039 8968 8540 9497 8180 10032 1023 2644 1343 11672 8998 9636 7426 9744 648 1060 1279 4351 2703 4050 4219 8174 9842 584 2889 12659 2288 2820 3940 8683 337 7225 10275 12211 12402 855 4633 1597 9764 1692 11345 7837 7875 10157 10431 11747 10898 12158 1691 3976 2701 3136 1876 12743 2234 12062 2867 5022 2235 2391 4168 10381 7158 8667 4913 4940 10650 4053 11584 691 5710 3070 6426 2724 3685 2615 4976 10091 503 3725 6672 2613 6214 4855 5978 11691 5125 5966 5324 6765 2869 11168 635 3335 3432 6137 11416 2351 5019 2673 12492 6243 7219 1050 2341 3616 3694 5059 9906 11789 75 2627 3536 12213 2292 6311 1043 3362 4457 5108 5154 4135 5143 5320 6569 6712 8719 913 3692 8025 3626 7511 7946 12776 5934 10253 225 2182 10282 11373 2840 4340 1932 1961 2658 6727 4728 12209 3040 4700 4089 8735 2604 10246 10567 11403 309 899 4207 5740 1624 3915 5077 9279 455 4282 6972 2738 5992 1304 9089 3724 9569 3597 12362 1282 5504 7537 1523 7685 1309 2477 11736 2877 6936 174 3519 278 8593 1638 12479 4446 4482 8330 2709 6026 4733 5902 6907 8034 9391 10659 1667 10780 4240 10906 1126 4341 4687 83 3909 8052 9872 10524 5666 8444 10494 7530 11749 5490 5863 8727 10300 11257 12043 66 6593 9634 8439 8580 2306 4148 2859 5796 8355 3387 9283 3352 10018 4252 6544 8991 11086 1349 12219 7313 8938 3532 10006 5581 10840 2434 4080 9224 5316 8451 5809 10058 2939 9417 3710 11804 6165 12604 1547 6799 622 9281 1366 11727 11821 695 3595 6007 316 4256 6548 107 5117 3951 5477 1324 9248 314 6364 1017 5309 2824 4688 1278 2303 806 7802 9759 10786 4254 9143 10817 2020 11527 2684 11528 8970 12493 5013 12270 3110 9060 564 1527 3562 3811 4497 7323 8543 6430 10203 1225 2772 9099 4848 10118 9888 10170 2647 7037 2588 5521 5523 9905 9978 1577 12805 7048 9222 5042 8441 5129 6767 4816 4949 9419 2473 7134 2119 4158 3741 4438 9503 10561 
5837 
5872 13146 13490 12758 13463 
5894 
5899 
2590 11143 13270 5952 13345 3816 13022 
5977 12948 13426 
521 13081 6097 13187 6654 12879 
6145 13087 13284 
2898 12779 4026 4144 2674 5146 3965 7071 5673 9793 11358 6823 10737 3007 9199 257 5524 9211 1694 9893 3531 7989 3705 7623 1122 6945 4156 12327 3826 11206 2027 2680 3323 2862 4468 3066 11784 5589 10350 4305 9910 8071 10057 1651 9268 2278 4679 1288 10823 2323 6686 6718 10173 11145 11694 3 5623 7145 706 2956 1088 3329 12711 1342 2571 5227 10025 783 4768 4564 8294 12114 8267 10229 3346 5628 1048 1377 4550 3357 3703 5225 12121 353 7403 11597 2185 10717 1370 2993 4267 2150 5881 879 6807 10291 7451 11486 977 9878 10074 12194 6837 7579 9119 10016 11952 5134 11643 4249 6863 7571 3505 7159 839 5980 1481 4698 7941 12239 12591 1495 4147 8474 1895 9423 2065 3553 1606 5803 12609 3049 4020 5652 8880 5783 10762 7552 11074 608 1061 4367 8700 9271 12725 614 5479 5396 11809 5671 6033 1930 11661 1732 12292 3825 4714 11105 11964 2899 8811 254 8680 2926 11116 9734 10329 1255 4716 1827 8509 8871 10571 2999 5779 9489 4599 6437 1836 12447 3547 5775 11758 7304 8764 746 8191 2775 2910 3971 4993 8684 2063 6131 11925 782 5678 8799 1214 2315 11344 484 597 600 5434 1345 9901 2720 10294 155 5616 1765 3281 6762 9886 1260 8903 12553 9427 10805 580 2678 4842 3646 5676 7113 7246 8882 4761 11927 1354 4161 12148 5721 10608 2238 8786 4470 6433 6768 2070 3253 12058 5464 7654 9522 9578 8437 8843 1242 10290 7390 7590 138 2906 5544 3596 4439 289 1323 2538 8155 5186 8459 12720 1896 8800 5043 8623 2308 8690 1856 8624 1905 6913 4179 6944 5558 11783 2953 10437 2698 7442 6278 10490 11504 2549 11402 2332 8216 8965 12348 9691 10455 169 9329 609 2933 5826 5832 4525 5913 3386 4669 6778 3404 4361 10924 8665 10097 968 6881 5416 5603 5141 6518 5906 12460 6213 7365 5715 8975 11174 3783 12446 4051 7266 7599 8342 9242 2861 9637 545 6144 1596 7696 4346 7272 321 1151 6849 8766 10506 2029 9835 3622 7021 985 7784 8276 8457 6268 9831 12250 4503 6858 8679 1191 10531 3077 4086 5444 4881 11425 5321 6567 11030 7076 8835 5739 9565 394 1524 1424 4875 5780 6483 8167 10674 7356 11663 5274 8533 3834 9184 8715 11076 1583 11893 1172 7186 10020 10855 11013 397 3126 1901 7658 9213 85 11576 11639 1009 8008 8900 6676 10503 1654 5235 3057 5435 1491 1620 9729 1103 2554 2723 12769 3689 7143 8433 2069 6943 6832 7613 285 2972 2767 4296 10042 1005 11757 5684 6009 881 9433 2273 5029 6880 7898 1300 8125 10397 217 4895 8323 12367 
299 2141 7128 7953 8336 10347 12276 3367 12403 2631 12311 5723 9809 3560 9247 9993 11782 4601 4893 1639 6078 3456 4278 3959 5476 2809 10419 5449 11041 34 2784 2822 4739 10540 1180 1685 10262 5538 9557 5168 12744 191 4021 5179 598 7465 629 6563 905 8157 10611 4909 9045 6647 12560 7350 10505 4582 9287 10271 10794 11038 1167 5379 2417 8542 11183 7398 11444 11111 11968 3656 12352 125 6643 9508 11340 938 3658 895 6369 11529 10235 10678 2628 3399 7498 8015 4201 4343 530 4640 7547 8487 10587 2183 4490 9660 3314 3956 7017 4765 10734 10952 10627 12020 6996 7436 9895 12420 2138 5503 8029 8452 2520 9667 2954 5753 8724 9799 5436 7369 6439 8104 4071 6710 12129 6572 10871 8119 8138 7949 12638 116 11649 172 1645 1475 2269 266 3713 5764 10349 6030 10745 3436 5352 3299 5432 6505 10844 63 8983 424 935 5217 5296 373 5651 4399 11665 11352 11585 2295 4600 4672 2785 2791 3751 4031 6492 9794 664 5481 5900 2019 9515 4229 9707 7889 11738 870 5378 8697 1809 5535 4825 11156 1013 3112 4238 1311 4093 1024 4589 4058 4677 5017 7768 8016 739 12811 1920 7016 5386 9509 8875 9238 9746 3624 7751 5699 7210 9413 12364 2903 8031 8429 9285 6116 8117 1924 8905 4524 9323 10125 11505 8037 12245 435 11001 11666 11869 11941 1776 7897 12661 5211 5466 10661 5028 6482 7019 12528 4153 7606 2932 12064 12280 1516 8192 3636 6224 1850 3029 8299 1069 7624 2736 8529 12229 124 3511 213 780 4288 9904 8206 11697 537 6004 7073 9196 11695 9462 9986 110 5552 7368 5450 7084 4776 7631 7952 7765 11887 1625 7212 12345 1915 4165 6099 6819 12618 195 9922 1165 13314 3195 9850 3198 4804 6440 12254 5944 6218 11114 8497 10554 8725 13151 678 1947 2620 5222 4042 7683 579 1364 6172 1269 1618 2319 12057 463 4313 11123 928 7866 1679 10273 824 903 4671 6933 10478 6908 11210 3181 12102 1361 12162 3052 10487 12471 2048 5402 10101 5160 6926 1391 5994 8906 3671 10581 8314 12032 513 2912 11185 861 1140 10161 2274 3533 7849 12766 8574 9476 2640 4083 6361 13148 1546 8409 1739 5161 9054 3989 6109 6075 8356 2747 4259 3398 9512 2796 5600 10071 5075 11370 7298 12117 7741 11617 991 11288 7309 12137 8759 9299 11778 5620 7731 9444 10980 11794 533 4766 3483 9781 3106 8378 11243 9823 11010 1010 10909 1261 4527 7732 4537 4917 5311 9495 2669 10971 2354 2848 6591 10905 3566 10984 5700 7379 8562 6284 6590 5782 8927 13363 10853 11947 1678 4036 392 1405 4624 2110 2256 6287 8410 1409 1962 819 1589 5621 367 10443 4694 9447 5430 6656 2578 11364 9757 10335 11122 11322 7517 10773 2406 10792 414 7201 10902 11272 6210 8414 3592 4415 4691 6553 6827 7733 844 4513 5841 12357 8548 12141 2498 11616 4911 12360 3759 6021 1536 5885 3336 12702 1981 4760 12583 9612 11612 9883 10892 11211 2359 11169 3491 10139 3629 12450 5083 6499 7334 11678 536 4896 10248 11125 744 1263 1570 8641 12290 2463 7576 8154 884 9249 2370 2592 958 7806 8967 11979 12524 4360 9157 13192 1291 11840 1993 4433 4997 10387 11960 3764 4242 9178 2399 12584 7268 9711 669 1015 2051 3978 7738 10346 5957 9044 8334 11186 21 10775 5489 11606 327 12038 1514 2825 10106 5742 9952 7452 12644 
1258 5136 11939 6292 13095 7729 10538 
6465 
6493 
6575 12917 13154 
6709 
2233 6757 
6805 
6897 
6916 13077 13519 
6931 
6934 
594 6331 9834 2151 5081 8913 800 1106 11557 1670 6580 8172 5637 12490 2277 11930 5984 6856 451 6879 3221 12052 214 7180 12324 12802 888 6037 12429 11793 12083 1194 2059 2887 3518 7284 7570 1707 4293 6158 7043 7988 9584 11303 11774 12127 7231 10523 4932 10191 6019 6496 390 10701 1207 1674 4860 2760 11569 12091 12308 769 1501 5431 6382 10247 7167 10413 12354 1703 8028 6898 7816 6093 10022 406 5394 9690 9846 10467 1395 8789 7851 8851 344 1031 5340 8565 758 6047 11356 3728 10256 2686 12693 3948 5931 5729 7264 7139 8115 2401 9617 1328 10053 6831 10457 10575 561 8718 12984 4070 11673 4012 5290 1420 3882 9514 3929 5949 6634 8324 3918 7769 10073 1971 6851 7812 11561 229 8124 9193 11739 4227 6053 13412 3585 4092 6728 8712 2365 8011 10326 12785 4303 12084 2460 9704 5164 13278 13285 9658 13372 3452 8309 4693 7614 3427 6500 7000 1904 6971 6333 7412 9120 9208 10700 6731 7287 10340 7259 7449 1098 8583 4481 9847 12398 1028 1879 1929 5272 10239 6734 8440 448 2896 8908 2047 9525 1860 1906 2097 2655 2716 7817 4297 6605 1094 7457 10175 450 1403 5150 5919 3666 5574 6985 7808 1124 11961 490 1837 3286 8242 8951 12612 8075 10332 5035 6547 7854 1574 7713 886 7405 1363 3313 8950 10942 330 8165 926 7557 8650 9049 
7036 12857 13078 
7089 
3941 12915 12973 6308 13116 7111 12983 
7166 11659 11933 12858 11684 12916 13529 9137 13083 13475 
280 11047 3019 5567 2208 5586 5233 8649 1868 7554 3953 11424 4929 6530 10277 2024 5854 9598 13136 1344 9621 10075 3025 12106 1744 4500 1086 12170 5870 11480 6842 7760 10943 5642 8508 4658 12497 6070 7332 1622 12143 8555 11656 4969 13131 8530 12188 4405 9203 1972 12154 4366 7801 12350 9176 11846 430 9737 10831 12218 8 5405 3502 4268 381 3509 6290 22 4859 260 11248 2952 5853 1107 3360 10826 9259 12297 1878 4957 9761 1192 5367 8151 5990 10683 2241 8703 1497 1907 2445 247 7786 12677 1065 9250 6413 10072 8860 11079 11524 5572 9357 2331 5799 9966 10150 1861 10970 2632 9848 4354 12470 1770 5007 7562 396 5501 6180 375 12797 5387 11080 166 1595 2970 10790 6902 9894 10546 12558 6291 10752 8619 10733 12411 939 10043 11817 13070 5096 12120 768 12355 9315 10185 
7490 12839 13195 
7673 13334 13523 
7707 13174 13444 
681 9628 808 4923 610 10240 5761 7996 510 910 9955 12982 3706 10665 1072 10993 1507 9498 9696 6294 12480 12532 2499 4436 9664 982 6260 1496 3178 3886 2919 7521 2045 9477 7288 7820 1842 4372 2488 11470 258 2533 4236 12953 6940 9370 5582 10996 5696 8422 2689 10869 2902 11559 9031 11692 7305 12338 3279 12112 3785 6416 13340 480 1560 9671 2758 9487 10465 11301 3479 11836 4512 10859 1273 4571 8904 12934 1051 5292 10536 2223 6451 8605 12685 10945 12801 6906 13311 1470 12510 4131 13539 10213 12228 2860 9604 11995 8004 10877 11117 4009 4926 1661 5398 6221 8445 194 10343 11388 4593 6374 8362 10263 3957 6578 1795 7279 11376 11654 13310 489 2181 7489 7927 8197 8846 9128 9963 10705 2763 11669 5993 8385 8421 10096 11812 2923 3312 4441 9583 12962 6 13459 847 11544 2126 7991 7728 12628 860 6391 3875 8599 9303 989 3116 291 8801 595 6884 7117 8079 9265 2866 11421 2938 4504 10063 9907 12784 29 9587 6525 6628 3145 7787 8600 10828 969 2480 9790 11989 5267 7634 6215 7152 4121 9012 2478 7899 9133 1551 5580 6052 7363 498 3435 7856 12689 1070 5624 6616 10570 277 10541 955 2739 5128 5491 2088 4113 6708 12728 6184 12742 8706 12272 2018 10742 1681 6068 9800 7721 9940 4682 8019 5326 7723 12936 671 6016 2145 6724 902 9524 7675 7821 4547 5798 9777 35 8223 9763 6468 10626 11397 12998 967 7034 10204 3774 10462 493 4584 5659 5835 5112 11657 4526 5170 6059 11826 6223 8804 10238 2229 11946 5135 8363 5365 5585 9097 10673 165 5362 654 1585 2838 100 6353 3164 4792 5920 2441 7252 12080 2697 9807 1857 12077 6355 7798 3227 12570 3964 13515 
705 13424 7773 13393 13414 
502 866 3835 9366 1293 10702 11083 11216 3772 6301 2028 11772 2163 2992 8754 4170 6167 3063 8106 6166 9882 9555 12166 454 5388 4643 12684 2991 4155 6964 11610 2283 3159 12690 3173 7170 4705 7742 3883 11575 10714 12126 485 6261 1518 6384 5368 10930 11545 6815 10319 12030 12193 1215 1877 7700 12416 5698 8292 9529 709 11483 1186 8674 11574 4304 10084 6092 12549 12807 501 7090 1774 11601 1350 3993 817 3528 6091 2227 6265 5587 12439 7262 9158 12414 2356 2553 1446 6419 4392 12149 7684 12365 4332 13556 7049 10414 5375 12177 13522 1467 2148 7072 6378 12019 979 1967 2770 2092 3235 10099 10529 4849 12667 4630 7868 4822 7014 5323 11931 2795 8663 11501 1793 12336 1970 6196 331 4094 4681 4323 10051 281 1157 1619 5505 10090 12772 2226 3255 4626 6024 11829 2487 10803 395 1957 6200 7481 8564 10423 10862 3216 10378 4684 9317 186 9920 11178 5970 7539 1385 4123 6504 8346 8637 9388 9810 10962 5202 12755 13056 4347 12025 4198 9243 10867 7033 8728 3758 10749 3958 4416 13289 974 1918 3410 7433 8770 10088 1218 5047 2408 10920 3917 12696 13003 2808 3775 10910 995 4796 10684 65 3148 4002 10612 2083 4334 743 1077 8207 12488 2022 3012 4549 6201 11624 1135 1432 846 3683 11443 3065 12178 2023 8224 10513 12544 6102 9201 6619 11118 4741 12021 5788 6239 12015 3815 9152 9736 7725 9930 178 9887 4775 11067 3248 8563 4406 5271 4394 5969 11037 5384 6119 11157 5839 10026 12740 2320 11104 616 2817 5759 853 6368 9262 3250 8120 4019 11971 271 9593 3144 3862 9466 7347 10881 8253 10689 5656 6723 3228 4829 11154 5908 12561 2436 11640 4801 11537 9316 10285 13400 1145 3182 2335 11269 5577 13455 792 2986 313 1664 13088 1120 8375 13244 3114 3588 3244 6188 7096 10769 6423 6834 11316 9668 11192 2918 5851 7842 8809 2556 11755 940 3380 8554 2373 9024 5829 12991 2712 6582 12937 8651 12145 7781 8853 775 13312 13353 3428 4823 12390 13326 159 12344 5373 11555 2392 8259 9582 5850 8534 10957 6237 10772 6129 12616 9310 12456 5372 11519 2696 6000 6820 8176 6257 8349 1701 4283 1815 7005 11756 7321 7831 4508 8000 9838 9999 11108 3823 3923 13290 2374 12633 4045 8685 10401 4807 12180 1236 3573 4215 5909 4952 5724 9010 9970 10767 91 9722 11819 12205 12363 12393 117 4546 7890 9577 6128 6494 12650 7006 10109 1074 4338 6412 8741 11660 676 7383 849 5021 1238 8183 11987 5427 9235 1580 11706 
219 10361 12399 7240 9000 10309 2166 4318 5109 10068 8545 10194 39 11726 10227 11768 858 4182 9923 11138 10207 12053 1799 5068 8122 1976 7582 2367 9102 12715 4402 11100 12340 1408 11275 1318 6894 4955 7255 11109 6602 8367 1803 1997 2471 3109 11103 919 2811 9748 2728 4989 1689 4882 7877 8634 7148 12438 8026 12626 628 8995 1979 3211 9784 1202 4380 4638 7861 11220 5941 6810 2156 8749 5264 12377 1175 10680 5201 6220 653 9773 133 6409 9502 5989 7285 7370 8931 11064 1275 6479 11021 5437 7335 890 6613 2611 7506 4365 6775 5420 10625 1148 11026 1306 5033 2856 5629 10787 1457 1839 12977 781 6503 9460 2336 10388 4398 8387 7473 8353 4560 9144 756 2942 13558 4636 7466 2012 8012 3084 7325 7115 11276 4746 12756 2310 6653 10279 10004 10205 2804 3230 1356 11077 12395 3431 6857 3262 4414 6473 355 571 7367 1407 7569 4767 5704 2345 11535 12444 701 3546 4711 8669 362 6621 2705 11696 7058 9340 3564 8771 8645 11572 12207 4041 8381 1369 8483 9267 8858 9796 4850 8072 636 10987 4386 12680 339 7929 2085 10481 1095 3397 3413 9407 12440 2466 4253 7876 9409 6390 9791 2407 10435 5166 6005 460 5508 1628 10747 6546 11827 3542 10691 10931 848 9399 1806 10724 2735 4409 5473 9592 11069 1484 2530 5219 12359 12511 5329 6271 11586 122 8400 538 4529 3401 7169 119 4575 2517 2610 8293 10211 60 1802 1396 1614 1244 5674 2886 3769 1487 5009 5820 9787 2140 2700 12970 6377 8469 13301 1188 6157 11073 11866 566 6611 7463 10460 9140 10376 11283 12007 4517 11353 2484 2526 12713 10522 11917 13179 1587 5111 7047 3979 8337 13170 1977 9662 11629 12035 144 2164 12734 5852 7548 5468 6623 3285 8286 1873 7923 2125 3130 4234 10117 891 11081 9353 11499 11199 11457 1673 12643 12999 4435 7766 12770 13057 4580 10336 5784 11299 5951 12337 7286 7778 8958 10434 8617 8868 5371 8214 442 12476 6383 8432 13369 11914 12325 1123 6887 11667 547 6835 2946 4488 6357 7924 11401 1073 3157 7938 8515 12733 4889 10736 11128 1565 6177 9309 9093 9327 626 3870 12625 2143 8458 7086 8284 9127 10013 4509 5492 10052 5399 7722 12385 2937 10616 867 13031 2941 8201 4742 9685 11005 1092 3177 2007 9950 5549 7828 6100 9270 6105 7193 10144 12491 4191 4320 6955 1437 7080 10141 2759 5968 7592 2874 7665 9718 4492 6753 208 12389 6538 8022 6543 6746 9518 6802 9426 5665 8647 10001 7593 13291 10829 12546 661 2200 4379 7758 1340 3877 3962 4902 8365 1637 2858 2914 10189 2602 3814 4935 8570 2301 7775 4621 7650 2911 6150 2400 8030 20 11721 7241 10657 9189 10603 1502 3121 5080 12683 922 4966 7888 1007 4777 5270 11490 5954 12600 9854 10542 4033 4091 6226 1286 5456 2864 3733 4968 6205 5773 8752 3465 12002 6225 9624 3861 8044 1178 12649 12818 6475 8024 13000 7173 9067 13358 
87 5289 8481 532 8351 105 3378 988 2885 8478 11336 1397 6895 9934 176 3499 4469 2192 4869 10687 2207 4139 2782 10601 863 12268 2961 9122 9741 12386 2435 7978 11430 12487 10420 12617 3031 7550 9925 4511 4999 171 8807 3105 11232 1471 5099 2836 7748 6307 10268 5044 12701 3937 5355 2516 10577 1374 13543 6864 10550 7681 11686 8546 12370 5768 6637 4809 11788 317 4667 11065 13141 517 12097 13336 6646 8163 5223 6910 10781 3500 4090 13114 1542 12721 1404 6252 12233 9311 11367 81 6689 134 4329 7188 7434 8229 4088 9348 2802 10874 3820 8423 1000 10188 3453 12777 13215 2593 3795 8009 1548 11999 1559 7807 2410 2727 6245 6488 4202 5205 841 8496 9333 996 7112 3229 9443 3550 8317 10260 5568 9231 2178 10551 5869 6050 6098 1454 9801 4125 10085 3872 4472 11068 5609 12462 5805 6939 95 6674 4554 6630 6871 7826 1173 3102 380 3575 5345 5689 8513 10500 9085 11877 2339 9825 2328 5332 3426 7795 2449 8590 1767 4539 12237 951 2459 3858 1566 11763 999 8066 5785 11523 4339 11231 6003 8127 4764 10136 11857 962 12282 12695 
8042 
324 7454 9943 12246 1564 12634 2198 3970 2324 6551 10146 5938 7153 4465 7556 9601 8264 9670 4912 7951 4595 8910 4408 12146 8901 12018 11085 12341 862 1152 10224 57 3036 573 10643 1292 5097 7238 10647 1026 1653 4344 11577 4727 8502 4883 5208 2663 7601 1633 5711 5066 11070 838 12512 1012 3039 2338 11250 5251 11802 8185 8939 509 5253 12328 4184 9350 4345 5670 6980 11399 9639 11972 3807 11658 4861 8821 7106 9206 976 1543 4718 8932 6888 10598 428 1919 6566 10914 8215 8643 1156 2536 8467 9063 9009 10556 856 6393 8094 11098 12016 12387 4867 11374 6262 7407 10535 3237 7110 10359 10758 9473 10613 2457 5916 6667 10048 3444 6086 813 1871 8842 1800 11516 3151 8661 2006 5228 5765 6891 7810 9304 4076 9709 3619 6263 1066 9917 2199 6651 11578 11820 1064 9386 2915 9332 3245 9573 6367 6685 6966 2519 7709 3686 7448 311 3422 7598 1303 4059 30 2502 363 472 4692 7715 9610 4111 6963 5336 7190 1675 11636 4081 6373 9774 927 7605 1203 6192 6404 512 1373 2528 10044 5429 11680 5999 6862 11765 8113 8213 10325 12255 4335 6314 4577 12142 12534 5275 11107 6231 9070 9202 7256 7510 4641 7125 7956 9081 10357 6198 12692 877 6312 5717 8343 983 1820 4722 5115 7154 9280 10824 6217 8819 4930 4933 7793 583 11163 11781 2212 3088 1117 9034 3437 6233 1728 11369 1104 2158 6216 7973 7157 7185 925 12529 2014 8316 1526 7999 1911 4965 7653 9919 11418 11770 3344 8767 3407 4218 7237 8922 462 6866 5871 9492 592 5190 62 8051 7070 7094 1399 7204 7647 8852 11702 1983 2128 7871 8629 10218 12332 5159 10706 12751 1529 5327 3311 3472 9553 10976 4130 5748 6970 5996 11180 468 4190 9564 4839 7296 12578 9404 11412 5054 5130 11383 7965 10508 1141 1814 9210 11203 1948 6722 8237 11393 7278 8612 959 5003 2921 6011 3999 6232 1393 4835 3487 8438 9136 6195 10383 2416 11351 10670 10856 4410 6783 9463 3809 5959 11386 4819 9197 6013 6408 8290 2372 3991 5514 5849 7904 11472 2262 7993 9392 9995 10391 11532 11969 560 1912 5675 2311 2974 8628 7520 11630 2082 10259 12687 4066 8359 3856 10609 1289 1335 4363 6069 9274 4195 11482 11913 9915 10476 1027 8818 9171 11223 6106 12131 1137 4473 5730 7461 3375 12767 5212 8940 10863 491 5283 4996 7163 9771 1358 4784 7512 1429 8105 1415 11875 2829 4384 4350 7311 6141 7757 1018 11170 92 1421 1474 8391 10793 8468 8884 9442 10450 11188 4188 7998 8708 9374 9110 9606 10492 11985 6990 11928 1037 7257 1641 3791 4703 6556 1682 10604 1168 6739 1926 8757 4098 7478 9293 12792 1234 3150 4432 7860 3168 4778 12242 12835 7503 13245 2134 5262 7770 8673 10119 13446 421 2040 12815 2210 11230 9177 11171 7373 11970 13030 1337 12069 1483 8762 1808 3409 5653 9422 10070 11309 689 1763 11408 5030 11132 12615 
8209 
80 2382 9401 6711 7577 7585 2636 11950 7422 9412 10339 733 2447 1845 9712 5553 10449 11058 727 3576 8420 1193 11209 1626 6318 6666 1822 5888 2105 9363 6928 10134 11329 2881 8584 6462 9474 2291 5988 4635 5198 8838 810 3593 3294 5801 10641 2733 3968 474 9576 1033 8035 2777 6527 11173 3677 11054 944 11795 5647 5856 8217 10624 3089 10839 2928 7289 2935 12108 2136 9027 10183 2330 11236 429 3607 5846 8837 4235 12068 7829 10816 6397 7583 7629 6286 9214 11446 3083 8883 5031 5649 1696 5935 4605 7509 1233 2211 12430 4208 7961 9830 7975 12635 6659 12249 3935 5887 1571 3450 2783 9352 3994 11873 2302 5116 9465 10810 1499 3062 3111 9086 4079 10901 1006 1290 4619 5499 10782 1515 5751 12631 312 8503 3268 3709 6203 6800 10845 816 11799 911 970 5258 7691 12724 569 6861 10333 2994 10652 3086 3632 1576 5118 8824 7942 10713 6344 9263 3143 6690 12197 4561 9261 12853 4317 9571 5273 7906 9897 11953 3984 8142 1902 5886 11455 4988 12738 10602 11685 1176 5428 5907 3495 7133 4295 11226 679 4052 1544 4505 6371 7294 1054 3668 9545 8244 11313 5165 7297 2433 8537 8069 9339 8816 9643 7417 8171 4719 12298 73 6868 9680 10011 10572 10861 1479 4751 11166 5688 6062 10694 7064 11733 2483 6967 11954 2189 5502 5507 139 1687 3288 1572 9138 5381 12232 9713 11592 3023 6697 11844 6539 10553 5062 9745 10938 4799 6045 2721 3529 984 6187 8790 10200 2442 2601 2995 6838 2781 6788 8114 12381 1134 9053 4246 9652 1875 6427 6194 8322 7524 9411 2792 10386 4299 10610 5192 12215 1650 6977 5583 8750 3885 8152 33 6326 12378 4210 6469 4467 10972 2411 9849 10638 3449 9414 1504 4491 9944 11477 1079 11531 2930 5868 6528 11228 7616 8526 6641 8020 3137 10690 6865 9532 3331 3468 8876 8997 9857 10614 10649 10926 6814 12694 9965 10034 3451 11899 283 6431 3484 4944 2236 4914 9057 2740 6506 7104 5287 6975 526 593 11066 140 6568 10243 892 9236 3635 5176 6640 8996 3389 12803 5709 7247 8736 8671 10720 6782 13072 3784 6988 5377 7628 1228 5563 1287 10389 8308 10967 3558 3838 1109 8693 12668 4806 9113 388 6330 6860 4484 9117 7600 9726 8390 11088 13253 3555 5510 6173 2584 3005 5650 11644 10997 11562 8737 10133 9020 13211 444 486 2544 11886 6270 9320 3522 10986 12647 3180 6694 7907 10566 3556 12353 2826 6402 3990 7655 13406 4559 8823 4709 4983 6406 8760 10469 4382 10568 7718 12778 2112 8392 5018 5631 11136 2034 7990 12997 2917 6609 3215 6460 9653 9798 11838 8606 12313 1538 12472 8855 10318 6458 12832 13472 980 7091 6954 10584 7429 11191 10960 12305 4702 6626 12943 2722 13021 2261 8053 6510 11184 7487 11831 8959 12753 2572 10573 13042 2318 2412 11553 11653 11924 2255 11796 12319 12669 
8615 13105 13238 
8691 
389 4043 3044 8942 6937 10645 11273 494 825 2827 7672 23 4759 8668 12985 1764 2461 2888 11842 3085 4265 11546 4608 5663 5690 9697 230 6509 5034 9692 1745 6919 11709 425 3848 2362 3695 1444 4220 6207 618 9135 1752 3343 387 1248 1921 11515 539 2244 12780 1097 1563 5288 4958 7565 9903 11816 2879 5341 7224 7595 2521 9975 5238 8559 7838 12636 6618 9467 665 3903 1716 2068 9156 3969 7300 9645 6124 6236 643 12466 1540 9244 12942 3053 3644 1591 4521 9863 1071 9547 3678 6434 11187 11651 3865 11201 269 11608 6673 10981 3165 7066 2249 4548 10619 1490 10459 3334 5668 1317 4178 4206 8466 12045 8557 9185 1720 5594 11675 4212 10814 2186 4477 5124 7867 11314 4192 5442 5767 210 10461 7979 8501 604 8327 12093 3514 12051 3688 5313 216 7253 5347 10911 1240 11493 4211 9359 8488 11057 4905 6517 10137 7525 12567 58 1724 11002 5147 5843 7028 7151 8329 1816 8045 305 12260 740 1200 3904 7280 3009 5307 7661 11349 2907 12448 1449 3257 8266 9860 3056 11018 11807 2035 7568 3370 4953 4581 6018 8419 8504 4845 6552 6596 10201 8093 10021 7171 8099 11874 572 9528 2774 10165 5791 7468 7839 591 3738 12227 1099 1535 1852 10216 12712 1040 2947 5777 2694 4316 2973 11993 2583 2875 5182 558 4430 7100 10399 135 476 3513 9782 6107 6577 5615 11164 1411 3552 4903 499 1346 565 3461 5286 12652 6508 8854 1579 5214 7177 10956 399 3928 4661 5922 7029 3206 6046 7428 5500 6583 5758 8864 7824 11980 371 542 3135 51 2114 1334 2294 3910 6446 2596 4615 8442 4607 8969 10858 7392 11599 
893 2904 3652 8662 3907 5613 13383 1001 3017 7640 9076 11016 6136 6760 1216 7281 674 5175 84 6848 8210 932 10366 2957 6969 6349 13439 1613 4137 3822 7925 4596 7878 8339 12555 2453 8384 11354 7183 8222 2387 13002 13198 670 8499 10083 453 3578 1111 8228 2518 7502 1387 9908 8345 12286 13461 4936 12004 3799 7103 12 11172 13467 6044 9821 7493 8100 5335 8370 624 6707 4520 12781 4877 13127 2448 9684 2639 12299 5057 8133 8676 8960 12318 726 1357 3328 7415 5229 6502 6642 9511 2004 3798 8964 3719 11366 5408 11855 4656 4772 4143 7205 13058 8374 13228 1379 9873 3305 3557 7083 7608 2863 12958 11006 13434 6726 10429 13119 1892 11147 12573 3382 4498 3715 6209 222 7935 4377 5318 5342 5667 992 3134 1224 3604 11975 4221 10365 6478 8511 1313 6002 12463 6921 8919 6421 9742 1743 10669 2421 9017 2704 7526 3050 7596 9147 12517 325 6064 4704 8992 10569 11720 13112 306 2052 1760 10907 4964 5133 4118 10779 12838 3905 12138 12837 4998 10754 12896 3702 6962 11308 13395 5506 8863 7095 12494 
9047 13183 13275 
9154 
1130 13013 13453 9429 13286 
9540 
245 8394 11140 11918 364 1360 1778 5618 5100 10408 2580 5942 11335 1187 5540 4941 9605 1464 2595 9588 10537 8202 11224 11619 12155 1119 11497 1887 5480 5896 2253 12504 1510 10354 1966 2077 4116 9233 822 10345 1217 6452 10308 7911 10028 2800 4828 2790 10198 10640 562 3947 4374 3843 5641 6428 1447 3192 7341 12243 437 7427 5967 11948 6464 7690 1562 9014 13304 333 3906 9364 12445 10607 11294 12587 6564 11571 12531 3742 9007 10887 2188 5246 9581 11962 2831 13489 7144 13520 1459 7226 3469 10838 97 3739 8865 4496 4563 5026 4205 4281 10830 1699 2675 8987 4838 11752 4371 9046 2762 2857 5632 1829 5546 10949 8561 12163 3001 6874 3217 6179 11521 2193 8302 8319 8660 9760 11852 12060 1241 1671 3628 4286 4857 4987 6960 9190 1582 7727 3047 4743 11471 7307 12241 6474 11181 8263 12109 7682 9256 11803 11902 2346 3011 4922 1297 5344 11078 2321 5932 1331 7038 10730 267 4770 6730 5071 8118 5469 8388 6772 7228 128 12660 2066 4710 7749 6123 6920 1492 7853 1859 9006 1812 3420 5971 12514 790 3673 7643 9912 1149 5151 1818 6717 7767 13294 997 10961 4385 11868 7485 11121 320 2055 1223 9389 12717 6222 12703 13357 1644 7588 13474 4375 7222 699 8506 6785 9852 288 6425 10295 12153 9254 11548 2296 5443 13324 8256 8907 11264 2510 7270 2405 2559 2671 10302 6229 7815 682 4774 854 3899 5194 8023 10969 7191 7693 1851 8450 422 3035 1604 4273 11779 12238 13374 4047 6328 12184 5016 6414 7730 3433 7834 9448 11024 2396 13264 1522 1804 12782 2780 7382 11635 12665 318 5903 13134 4963 10182 9698 13251 8498 8572 7955 9251 10991 1204 1805 11839 1256 2428 4732 9546 10015 8078 10095 2190 7406 8006 11901 736 4068 4194 7345 3749 11862 12752 3643 6681 4447 5279 5411 8205 6305 7734 2389 12741 4024 5006 9257 11207 2349 10311 4209 6322 3267 11120 1084 2393 4518 417 8879 5334 10371 2944 5638 3316 5983 8692 2989 10735 1101 2348 3813 7384 9843 4578 6417 2010 5280 1146 10605 4788 8721 6360 7291 9116 2337 7432 8219 8632 4556 4736 6487 118 3460 4403 5315 11042 6461 6911 1461 8460 2564 12662 4326 5786 7135 10377 7772 10710 10594 11698 7161 11708 3364 10711 4177 10903 12090 4856 6912 5247 7864 156 3803 1462 9486 2607 2966 4034 14 9393 13161 9562 10222 12273 12856 
1227 2135 3421 5005 4049 7362 1341 6251 10360 787 4181 3074 6668 1315 5814 12024 2201 4109 4975 7859 3226 4016 8698 11775 141 7617 9032 6190 9277 4103 13236 3891 6550 9568 12302 12449 7045 12028 7395 7501 11268 7694 9948 1949 7881 1316 12582 1441 11396 6372 8269 719 11713 9689 11889 3193 10777 2828 9028 8745 9961 11896 10012 12396 3317 11860 717 5114 2379 2469 6905 10114 7319 11565 54 11318 1677 8027 3723 4814 8074 11540 5520 9149 2146 11935 6432 7352 5661 11805 12316 4847 11419 5551 7737 1458 12277 4381 6324 7947 941 8090 8556 4697 9241 3482 12027 1884 12585 4006 5137 5113 7594 9673 4906 11851 7474 10776 9255 10292 365 6515 223 2713 3817 3368 5727 1237 9195 667 6512 5860 10324 1272 5250 12248 1783 2232 2161 6930 3183 6968 1511 5545 466 2677 9926 11093 3307 6171 1727 10899 5122 7514 505 3348 1663 7800 5979 9493 3630 6347 13219 2413 3998 7221 11355 1402 5087 10396 13337 9665 11956 2606 12168 1284 2049 2317 8434 4662 6363 1648 9602 10693 998 1231 11259 4429 10692 18 5694 67 7639 2648 4878 5343 8720 3894 5339 7206 1251 9992 4592 7408 2493 8844 728 12519 13218 1320 4461 1221 3090 6103 4330 4519 12267 2039 6288 5824 7719 9785 12474 5720 10951 4407 11034 2420 4616 9175 13535 3219 12671 3700 9613 2708 6534 13239 6903 7536 1498 8768 8198 13023 9104 12658 2116 7220 7079 9378 3402 12413 11911 12884 1246 7909 13399 8271 9379 10728 11600 8730 9123 659 1139 12887 1253 13421 9114 10315 8055 13093 2250 8977 2224 2883 1082 3580 48 11476 5573 7440 638 3327 7841 9900 196 6992 7150 8743 9289 12081 8582 10740 3916 6579 2353 4813 9625 9640 5177 12262 1210 1923 5353 5575 9420 10367 10226 11895 5769 12204 4611 5793 11124 8463 10005 7609 8226 1158 5554 10959 4391 6358 794 12461 2568 4157 2664 7402 4027 12551 5873 6447 9837 335 5040 5322 5073 10427 10633 581 8897 3471 10995 3298 11177 3571 12757 8687 8877 10499 8245 11937 3295 3365 10548 12196 6571 13389 
1710 11923 4771 6248 5025 7754 12775 6662 8164 127 7155 898 3028 1036 6841 4057 9094 10029 3101 10620 698 6176 9727 6680 8895 90 1042 5 4084 12637 5770 11776 3618 3864 5425 10895 2016 6048 11266 123 3310 9004 11267 5571 8156 7561 8654 11341 8781 12075 619 7338 12410 5578 9048 9632 6394 7782 9531 8262 12281 1843 7114 5608 6950 688 11371 328 6379 4114 8240 9059 10062 1751 8005 4948 5243 9469 7916 12614 1100 2561 3301 4458 1575 9607 11310 7450 11507 582 7147 8701 10636 5095 10761 1325 8241 6183 10644 6156 9733 4427 7120 3508 5354 11732 2079 8261 3873 10289 1259 6523 2009 2219 4707 4797 7508 11009 4257 9780 11512 74 10442 978 10590 3141 9284 9753 4048 8859 3046 12765 6392 10496 495 7813 11681 557 1160 5718 5330 6758 6958 10168 5056 9778 3501 6135 2476 4264 10882 994 1219 1594 9430 5308 10586 1329 10234 9367 10418 12124 2340 9806 12156 2616 6149 7740 7814 12029 114 11284 12656 3485 6219 272 7207 10743 12816 1790 11447 2542 7891 4558 9446 2646 10037 4495 7809 2099 5655 8288 7081 8732 10704 12253 4418 11538 11731 2371 4666 338 4620 4779 6466 11478 5012 12817 7710 12171 4445 9121 4540 12181 742 3853 5664 6343 4757 8981 2948 8085 1534 3161 9890 6063 6688 4808 11742 2251 9083 8598 10685 1453 3881 2439 7292 1488 1737 12423 10130 10241 5032 8418 3006 4453 10176 1569 12217 2695 3736 5705 2731 11485 4574 7755 11422 1280 9453 3615 11628 975 3698 8979 12082 4573 7087 3849 9804 3919 5023 7555 5547 7912 7753 7879 4149 9376 1775 10417 2171 9129 82 1222 3681 6932 12394 577 10606 2980 10288 4306 12031 2534 9230 1695 11915 4950 5591 6644 7689 4748 5991 9506 11240 241 3584 2329 11513 738 10746 9818 12705 132 1963 2386 9615 6882 9273 1863 8188 1686 5597 7944 8251 9286 69 3796 4055 531 8126 829 3239 7051 2743 12001 2381 2730 3727 2486 6066 5055 9988 4651 5039 6095 6876 4818 10731 5564 10424 3879 6178 972 7564 5669 9220 3478 3779 6701 9455 6317 11464 3599 10807 93 8929 3839 4924 8348 240 4552 6999 1734 11378 1003 2139 6450 5584 6532 872 3664 11580 3030 7792 10163 11407 108 2115 1281 7055 5755 7492 2657 8810 11682 12266 1125 2021 7574 2214 5830 10312 10994 11841 8306 10221 497 3393 1823 5221 372 5478 5557 10296 12594 8082 11797 3315 11165 3672 9822 12501 7750 11492 467 10912 6661 6833 8711 933 7243 9500 3291 6693 10023 1270 7900 11245 4943 11350 255 7196 5090 7788 7827 8166 9723 8664 11871 700 8722 7794 12640 143 5082 3424 7886 1326 3272 3308 1769 6313 2465 12189 2807 3543 4245 9150 10186 11229 12419 632 6729 9891 1750 5451 11031 2569 5794 3119 5303 10272 2104 8586 12541 
9688 
9767 
9938 12878 13487 
2221 9958 
10121 
2187 8510 917 3208 6598 9071 12597 3415 5680 5847 12646 287 9305 2003 9062 8930 9833 2642 9983 4885 12409 12014 13212 292 9694 947 2543 1020 7269 2598 7804 3403 12455 7236 8746 2565 9125 12092 760 2358 1418 3950 4899 11710 13473 9594 11858 8340 11255 4798 5496 3554 5119 12867 6951 13534 1634 3889 6415 10937 11149 1058 7936 2562 4663 2741 8360 8296 11139 4442 11730 7496 10458 7431 11573 5178 7516 11150 1347 11244 203 4413 3696 4171 13101 1029 9408 3214 8704 10801 2258 7933 2830 8415 12289 1700 3952 2955 11182 3441 4586 2691 5566 4261 6617 3055 3538 6735 11549 4744 12676 776 1445 71 2008 7410 9436 11263 452 3493 936 3603 7702 10950 10597 12507 6607 8132 9146 11740 13008 1057 11627 3486 11734 12862 481 7797 5011 7618 6235 11380 12312 2456 2897 9167 9410 10076 9985 10940 4038 11641 6481 11688 8796 9355 11153 4328 11194 3021 10484 103 4389 4690 1931 9488 3076 10103 3776 5060 1517 6096 6334 8472 3587 9956 12731 896 7646 7846 1885 7703 2363 3350 3789 4167 7857 7534 9813 4790 8048 8227 4945 11594 1609 5337 11650 7480 8773 4032 5743 10936 8121 11473 2500 7234 9725 11265 5605 5986 8945 7774 10921 1723 8653 3412 5550 11605 1554 11238 662 2056 6877 7540 8131 10876 2982 6168 11437 10654 12167 1813 3384 5127 5418 3846 12482 4485 6918 3290 12418 2298 8193 4260 12569 5232 9539 5167 6087 8364 11286 13126 2305 5836 2376 4800 3233 11835 6770 10989 9458 13206 1500 2086 1817 3321 12840 9510 12373 68 8273 8278 1855 7282 3787 6275 1327 4479 3691 4428 10264 13143 686 10662 4610 8084 8519 11618 934 1758 6495 7630 1754 6325 11043 1512 12101 228 6350 7735 10104 3249 12746 3650 6638 8102 2281 3277 10407 1908 4132 3755 6400 12903 13196 4271 11159 12369 5106 11511 5260 9994 11966 3118 3568 8239 3773 7018 7140 7343 4017 8644 13283 181 836 8144 8484 8573 2676 2754 10009 10990 13454 5692 8755 2816 8988 1646 10516 2057 2702 2000 9635 9918 10287 6418 6486 8139 10214 1539 10077 10380 237 10255 5607 10916 
439 13431 10327 13403 13554 
10486 
10520 
10574 12932 13185 
377 5606 2309 12454 2878 10519 2380 5265 5660 3942 9623 111 9724 2501 3099 12598 6521 12165 9574 10375 2276 6557 11556 5976 12648 2475 3708 4062 5960 1782 10337 4419 10078 1245 5421 6110 8957 4255 5855 11304 11467 9705 12006 5682 9191 2626 2837 720 10003 3561 9091 3586 3934 9035 4146 4984 11854 5828 7513 6818 8417 7052 12729 8892 9626 310 342 650 1708 2927 6453 2582 3740 11029 326 5565 416 2184 12434 3197 6134 1428 3901 3805 7705 78 7603 5792 8731 368 10233 859 4044 668 10353 469 3833 1757 3142 12285 5766 9040 9526 10027 10202 4907 10210 3238 10489 1988 3339 9931 2042 8087 12458 1825 3780 3258 4060 9482 3649 4689 6982 7216 10715 12384 1659 6878 9336 9269 12523 2300 9485 9499 4981 5404 7141 8841 12543 4514 7847 2325 6241 8326 2246 3149 7329 9647 12361 6917 11489 7674 11906 1332 4039 8260 3765 11748 697 764 3319 6293 12727 13477 1658 1779 3048 6670 7657 10884 1603 2786 4263 2706 9739 3196 12611 6444 9817 6869 7127 12026 7957 10280 11205 4301 8485 9630 12886 3874 12981 2594 6303 6073 11801 296 12185 1858 2997 6182 2964 7375 1848 4794 5173 9535 11298 12793 1045 4187 7310 9390 2891 10843 11326 9659 9875 11332 47 11746 10630 11703 1713 2113 3242 10251 3358 3806 10835 12791 3732 6256 4074 4110 7374 10050 5997 9204 2094 6420 3887 10160 4448 6042 8827 6716 7926 10257 12303 11919 12686 5105 8128 1666 12508 9947 12771 7625 12809 8080 8238 6154 8778 5002 9732 3612 8528 3802 6401 3911 8549 5015 12061 101 7366 8845 
10768 13378 
10852 
9002 13502 10958 13375 11510 12823 13503 
10963 
5619 13417 11014 13338 13518 
11496 13299 13313 
1934 11219 6900 8479 356 8095 4359 4696 1285 1412 1115 8446 11234 3860 6471 8729 4284 5930 6702 9001 11676 7848 10140 5672 8431 4216 7830 11044 300 1414 1880 2297 2637 1980 9914 2753 4476 3748 5737 9789 1166 5617 7364 8631 6057 7507 1657 4185 8898 10129 12404 10648 10966 1380 10576 2750 3684 6535 8184 10040 8274 10889 282 5172 2761 3438 4462 5599 10081 10409 6612 8275 418 3651 843 10328 11246 2109 12144 3170 4664 4444 6151 10416 2147 2574 5393 2548 7031 3955 7397 10806 1590 1698 6797 8257 1480 11766 718 773 6023 6399 9881 11611 973 7393 427 8475 2619 8630 7175 8849 1798 12264 2005 2067 2205 7479 10321 3254 5880 4841 5317 4925 5789 11491 6080 7322 6320 12622 
11815 
11879 
11888 13377 13551 
11986 
12135 12966 13028 8136 13171 
12258 
12293 
12339 
12525 
12542 12861 13513 
12554 13099 13480 
12601 
12822 
1382 12825 13048 
12826 
12828 
12830 
12831 
12842 
12843 
12844 
12845 
12846 
12847 
12848 
12850 
12852 
12855 
12859 
12863 
12864 
8107 12868 13261 
12869 
12870 
12872 
12873 
12874 
12876 
12880 
12881 
12885 
12888 
12889 
12892 
12894 
12895 
12897 
12900 
12902 
12904 
12905 
12906 
12907 
12911 
12912 
12913 
12914 
12918 
12919 
12920 
12921 
12922 
6586 12923 13392 
12924 
12925 
12926 
12927 
12929 
374 12931 12978 
7642 12933 13507 
12935 
12938 
12939 
12940 
12941 
12945 
12946 
12947 
12950 
12952 
12956 
12959 
12961 
12964 
12967 
12971 
12972 
12974 
10510 12975 13107 
12976 
12980 
12986 
12988 
12989 
12990 
12992 
12993 
12994 
12996 
13001 
13005 
13006 
13007 
13010 
13011 
13012 
13016 
13017 
13025 
13026 
13029 
13033 
13035 
13036 
13041 
12351 13043 13130 
13045 
13046 
8234 13047 13368 
13049 
4239 13055 13335 
13059 
13060 
13061 
13062 
3269 13063 
13064 
1974 13065 13223 
13068 
13069 
13073 
13074 
13075 
7651 13076 13276 
13079 
13080 
13082 
13084 
13085 
13090 
13094 
13096 
13098 
13102 
13103 
13109 
13113 
13117 
13120 
13121 
9858 13122 13135 
13124 
11602 13125 13231 
13128 
13137 
13138 
13142 
13144 
13145 
13149 
13152 
13153 
13155 
13156 
13157 
13158 
13160 
13162 
13165 
13167 
13169 
13172 
13173 
13175 
13176 
13177 
13178 
6212 12834 12910 409 13181 
13184 
13188 
13190 
13194 
10395 13197 13380 
7476 13199 13429 
13200 
13202 
13203 
13204 
13205 
13208 
13209 
13214 
6410 13216 
13217 
13224 
13229 
13232 
13233 
13234 
13237 
13240 
13241 
13243 
13247 
13248 
13250 
13252 
13255 
13256 
13257 
13259 
9563 13408 3107 13260 
13262 
6411 13263 13362 
13268 
13269 
13271 
13272 
13273 
13279 
13280 
13282 
13292 
13295 
13296 
13297 
13298 
13300 
13302 
13305 
13306 
13307 
13308 
13309 
13315 
13316 
13317 
13318 
13320 
13323 
13328 
13330 
13331 
13332 
6839 13067 13379 72 13333 
13339 
13341 
13342 
13346 
13348 
13349 
13350 
13355 
13359 
13360 
13366 
13367 
13370 
13371 
13373 
13381 
13382 
13384 
13385 
13386 
13387 
13388 
13391 
13396 
13397 
13404 
13405 
9561 13089 8814 12957 13027 6604 11729 6687 13407 
13410 
13411 
13418 
13419 
13422 
13425 
13427 
13428 
13432 
13435 
13436 
13437 
13438 
13440 
13442 
13445 
13447 
13449 
10055 13450 
13451 
13456 
13457 
13458 
13460 
13462 
13464 
13465 
13466 
13468 
13469 
876 13097 6786 13471 13501 
13476 
13478 
13481 
13482 
13483 
13484 
13485 
13486 
13488 
13491 
13493 
13494 
13495 
13498 
13499 
13504 
13505 
13509 
6267 13512 13550 
10968 13514 
13517 
13524 
13525 
13527 
13528 
13531 
13533 
13536 
13538 
13540 
13542 
13544 
13545 
13548 
13549 
13553 
13557 
13559 
13560 
13562 
