17	19
17	21
113	115
124	127
152	156
222	224
231	232
252	255
263	267
287	292
303	304
348	350
403	312
459	460
459	461
469	315
477	481
564	581
564	586
603	25
734	735
750	752
755	756
761	472
777	778
807	812
807	813
830	832
844	116
857	858
857	870
878	220
878	883
884	488
958	663
973	383
973	975
1027	1030
1031	863
1109	1020
1120	1122
1125	1086
1138	1141
1149	299
1177	1097
1189	23
1232	1234
1260	1265
1260	1272
1279	787
1286	1292
1295	1300
1316	1317
1341	193
1341	299
1351	1352
1365	299
1411	230
1427	1430
1442	1014
1452	543
1455	1461
1466	1119
1491	1370
1491	1504
1533	275
1538	1405
1546	1448
1614	1370
1619	1620
1628	1629
1628	1638
1671	1084
1692	1694
1692	1505
1701	937
1701	1117
1721	1722
1740	138
1759	1085
1759	1761
1795	1796
1800	544
1826	267
1875	1289
1875	1370
1875	1631
1875	1699
1898	1572
1910	1912
1942	1944
1948	1950
1948	1957
1970	382
2000	124
2024	1632
2046	299
2046	1313
2052	2057
2063	2070
2071	1131
2100	2108
2117	411
2117	1004
2117	1115
2130	2131
2150	383
2150	1092
2176	383
2186	1784
2186	1792
2192	2202
2210	2211
2257	1311
2271	425
2275	820
2275	789
2275	1711
2275	2280
2302	980
2302	1803
2332	1682
2335	1149
2343	1754
2352	2341
2377	2155
2382	2383
2393	1367
2402	1675
2415	2363
2426	1558
2434	1495
2434	1806
2462	2463
2483	645
2511	2513
2543	855
2543	1378
2562	1227
2562	2564
2573	2351
2580	2266
2580	2011
2603	1637
2616	2617
2616	2618
2630	1576
2641	979
2644	2645
2648	1915
2680	410
2688	2054
2689	1574
2689	1375
2729	1913
2729	1581
2744	223
2771	1025
2787	2791
2787	2732
2787	2779
2809	2813
2816	1637
2816	2791
2816	2373
2824	1681
2829	2766
2846	723
2857	2861
2875	1092
2882	2891
2900	1788
2910	2912
2917	2622
2930	1396
2934	2936
2934	2937
2953	2364
2953	2958
2969	2965
2969	321
2969	71
2969	72
2998	195
3009	3013
3045	2362
3069	2991
3069	3070
3087	1005
3117	1576
3117	1897
3123	1409
3123	2853
3141	2472
3197	3200
3201	1653
3201	1575
3221	3230
3235	1703
3235	1701
3260	3264
3268	3279
3286	3288
3294	3297
3317	1065
3317	1361
3317	3320
3328	1887
3345	1117
3345	1370
3345	1911
3345	3348
3362	1255
3369	3371
3369	386
3369	3372
3369	3381
3395	3398
3405	2152
3414	1025
3425	3367
3426	1024
3435	787
3435	1543
3436	1079
3438	1520
3443	3050
3461	582
3489	737
3503	3504
3506	324
3506	226
3506	3509
3512	3199
3544	383
3544	1078
3544	3039
3544	3088
3558	3046
3593	980
3594	3597
3600	1487
3608	3613
3614	3619
3614	2345
3639	2787
3639	3560
3644	3645
3650	383
3654	1530
3661	659
3677	3414
3695	3099
3697	2896
3697	2897
3703	1117
3705	329
3712	3159
3732	2269
3753	3755
3763	1127
3763	1761
3763	1671
3773	2580
3780	2155
3780	3781
3789	2581
3811	3815
3819	2179
3820	3543
3830	3787
3835	2578
3835	3597
3838	1309
3839	2351
3839	2506
3839	2773
3839	3801
3857	3858
3919	2446
3923	979
3939	1632
3939	2430
3939	3946
3939	3917
3959	1046
3959	2506
3972	3973
3977	2726
3977	3946
3996	961
3996	4000
3996	4003
4009	3323
4009	3326
4034	4036
4043	1633
4043	1875
4043	2373
4045	2370
4050	1581
4058	294
4058	1092
4058	1564
4062	4067
4062	4071
4062	4073
4103	29
4103	3373
4112	4114
4123	3479
4125	1643
4125	1644
4130	4032
4147	2735
4147	3504
4152	2793
4155	413
4155	543
4155	197
4155	4158
4155	2380
4163	2143
4200	1291
4200	1336
4200	1580
4200	1638
4200	2529
4200	3122
4200	4209
4234	4236
4240	3447
4240	2221
4261	553
4266	3368
4269	1021
4274	4152
4279	1632
4279	4295
4279	4297
4312	2005
4312	4313
4327	1610
4337	4338
4351	1519
4355	1015
4355	1712
4360	4365
4435	4317
4435	4402
4435	4405
4439	4440
4450	4315
4451	3603
4459	4460
4459	822
4459	4463
4459	4468
4459	4347
4469	4470
4484	297
4484	4326
4484	4437
4484	4402
4484	4404
4492	1004
4492	2160
4492	3409
4505	4508
4522	4523
4533	2600
4553	4560
4553	4564
4573	4322
4573	4379
4573	4436
4574	4398
4577	3541
4589	1583
4589	4489
4604	4384
4605	1118
4614	4226
4648	4650
4648	1832
4648	2431
4654	544
4654	1715
4654	4032
4654	3958
4668	1373
4693	3189
4700	856
4700	4108
4700	4008
4701	4702
4712	4713
4717	4274
4721	2520
4721	4567
4730	1715
4730	4608
4763	4765
4763	1076
4777	4638
4779	4326
4779	4782
4786	2020
4791	4537
4805	2446
4808	4809
4815	1845
4815	4818
4815	4819
4828	3039
4828	4304
4835	4838
4857	4341
4914	4917
4930	2787
4930	4219
4959	4961
4965	4379
4971	4977
4978	4254
5039	1130
5047	1751
5051	5045
5066	4217
5070	2348
5075	5084
5075	5088
5093	4567
5106	5108
5109	2267
5109	1680
5109	3350
5113	1613
5113	4373
5140	4290
5140	3820
5140	4149
5162	5165
5167	5171
5167	5173
5181	2368
5190	3592
5195	1011
5195	5197
5209	369
5228	4192
5239	1887
5239	3563
5255	1442
5258	778
5258	4400
5300	5302
5310	2270
5318	3855
5318	4149
5347	5352
5363	220
5374	1577
5381	4394
5417	1024
5417	5195
5434	5438
5444	2841
5483	5287
5501	2121
5501	1501
5501	2983
5524	5315
5525	729
5530	4011
5530	5538
5556	986
5561	3212
5561	1707
5578	3319
5578	851
5578	2626
5590	3310
5600	4956
5627	5629
5634	2474
5663	3237
5671	5672
5671	3258
5687	4006
5715	4976
5715	5189
5728	3147
5728	4807
5739	5741
5750	5746
5750	5144
5752	1377
5752	1442
5752	4326
5752	5753
5763	1805
5782	5786
5787	991
5794	2732
5798	4149
5798	4323
5843	5848
5876	544
5876	1103
5898	4149
5905	5906
5938	1653
5938	2718
5938	4269
5938	5947
5973	1377
5973	1680
5989	2736
5996	1823
5996	1889
5996	2047
5996	4323
6004	2161
6004	3956
6012	2597
6012	2350
6012	6017
6012	5351
6033	761
6033	4976
6044	6046
6044	6047
6057	1204
6057	1717
6074	5242
6074	6071
6079	6082
6092	4269
6095	2349
6095	3610
6108	636
6108	4326
6129	5758
6134	2786
6134	4841
6134	4842
6141	3359
6141	4191
6141	6046
6175	3233
6180	385
6180	1801
6180	3517
6192	6193
6196	6203
6204	4191
6224	324
6224	3677
6224	3788
6224	4807
6235	5322
6236	986
6249	6251
6255	4097
6283	6285
6297	6301
6308	2628
6308	4944
6316	6317
6318	841
6334	5378
6339	2723
6339	2585
6349	5202
6353	6062
6362	6052
6376	4867
6376	6377
6384	383
6385	6389
6400	6401
6418	4325
6440	2054
6440	6460
6464	1701
6474	5894
6474	5989
6476	1204
6476	4505
6484	1371
6484	6378
6492	1565
6492	6497
6510	5043
6532	6055
6533	6536
6533	5958
6542	5446
5834	696
6562	3188
6572	1204
6572	6337
6572	6576
6589	5047
6589	5731
6594	5242
6594	5926
6595	3067
6598	6604
6629	5204
6629	6579
6629	6631
6635	3889
6644	3630
6653	986
6666	716
6666	719
6666	2270
6399	6678
6688	3155
6697	1581
6697	6698
6701	6702
6709	4994
6717	1705
6717	1832
6740	1117
6740	1504
6752	1374
6426	6418
6758	4384
6768	2513
6778	2152
6778	5376
6778	6334
6785	124
6785	4024
6799	6800
6801	1624
6825	6827
6845	3529
6845	3525
6859	6860
6859	6862
6864	1374
6864	1994
6876	197
6886	6891
6886	6823
6904	6912
6915	2347
6915	3043
6919	3677
6926	6424
6937	1790
6943	6396
6945	1118
6955	1003
6955	1754
6960	4927
6965	6966
6972	1448
6978	2377
6978	5535
6978	5503
6978	3433
6978	6092
6987	1993
6989	1653
6995	6999
7004	1748
7007	6924
7026	6765
7026	7032
7034	7035
7036	3141
7036	4833
7036	5635
7036	4604
7036	6461
7049	7053
7049	5691
7056	7057
7056	3399
7074	7076
7078	288
7087	1005
7095	1578
7095	1634
7095	4411
7100	6955
7113	1885
7131	5752
7131	6263
7131	7009
7137	7139
7160	6337
7168	6893
7175	5437
7185	6265
7193	1503
7194	1011
7194	6058
7196	3630
7208	3984
7211	1833
7211	7213
7218	425
7218	7219
7235	2534
7245	7149
7258	4149
7278	5447
7283	5318
7283	7290
7309	128
7347	7334
7347	7340
7373	7374
7373	315
7375	2053
7381	2265
7381	2366
7387	6854
7397	1717
7397	4229
7399	1630
7399	7404
7413	383
7413	981
7436	2230
7442	7446
7458	4462
7458	4807
7458	4692
7463	5446
7463	5448
7463	7285
7471	2257
7493	7494
7499	7500
7505	7509
7510	3577
7526	4883
7526	7527
7534	7536
7541	3277
7556	7495
7556	7498
7557	6716
7557	7171
7569	7576
7577	2775
7587	719
7609	7610
7466	7283
7633	777
7633	4841
7633	5904
7638	2412
7638	7640
7647	1634
7649	7606
7660	5890
7666	1243
7672	6409
7695	2826
7695	7696
7695	4132
7695	5288
7711	7636
7718	7720
7733	6736
7745	6478
7768	2720
7770	3043
7770	7774
7776	7782
7790	5459
7800	1118
7800	3971
7811	7259
7812	6052
7812	7816
7817	6829
7823	7826
7853	6622
7854	7640
7871	7806
7871	6339
7871	6739
7882	1073
7882	6971
7883	1128
7894	5412
7894	2841
7894	2257
7910	5093
7922	7924
7925	4109
7926	975
7926	3520
7929	7930
7935	4321
7935	4807
7938	3983
7938	5037
7941	6526
7943	4326
7943	4604
7943	4869
7948	7950
7961	7008
7971	5358
7978	7981
7990	5786
7993	7213
7993	7217
8000	657
8000	5162
8010	6488
8031	8032
8036	1993
8036	8037
8038	6482
8049	5853
8055	1015
8062	6478
8065	7363
8076	7787
8076	6739
8084	1754
8084	5764
8084	5399
8089	8090
8097	7396
8100	8102
8111	6884
8113	4845
8113	8114
8135	8138
8143	8145
8163	4924
8167	3615
8167	4323
8167	5996
8173	6261
8183	4660
8183	6818
8185	8186
8185	4757
8193	5653
8193	5660
8200	383
8200	5049
8211	4254
8211	6255
8228	4954
8229	869
8242	1993
8244	8248
8250	1120
8262	5059
8280	1803
8280	2506
8280	4424
8280	6658
8283	3959
8286	6270
8289	5705
8289	5707
8290	4158
8297	777
8306	3279
8308	4326
8308	7462
8311	6337
8330	387
8330	1484
8335	8337
8345	6570
8347	8348
8357	7776
8357	6832
8357	7347
8362	5051
8363	1650
8374	2152
8374	2155
8377	659
8377	2824
8385	6471
8389	3258
8393	4323
8396	714
8398	7871
8398	6347
8400	8402
8404	4218
8408	6063
8408	8409
8408	8412
8415	5287
8415	8418
8427	8429
8431	3218
8431	5601
8431	7528
8437	3971
8437	7396
8456	8459
8468	197
8484	3376
8506	8515
8506	8517
8525	8529
8540	8545
8554	8576
8580	8591
8580	6823
8595	8557
8595	8602
8605	8614
8621	5049
8621	6337
8626	8634
8635	8638
8635	8643
8635	8647
8652	8655
8663	8664
8679	8685
8679	8683
8686	8688
8686	8690
8691	8728
8691	8742
8747	8754
8747	8757
8763	8379
8783	4321
8799	8802
8799	8812
8843	4807
8851	8855
8851	3944
8851	4648
8866	1632
8876	6949
8880	8597
8880	8894
8880	4008
8902	8904
8902	8911
8913	7873
8919	8606
8919	8929
8919	8931
8780	411
8780	5286
8935	8936
8939	5286
8939	8213
8960	5055
8960	8364
8966	3479
8970	8973
8970	2804
8970	6131
8986	5973
8986	6884
8987	4132
8996	2351
8996	2773
8996	4606
8996	6877
8996	8999
9010	6943
9037	9038
9039	6803
9039	3959
9047	5189
9047	9051
9047	6504
9054	9056
9057	4240
8800	840
8800	6320
8800	839
8800	3907
8800	9080
9085	4236
9093	1614
9093	9094
9096	8495
9098	5654
9098	7287
9102	7462
9103	2290
9103	9110
9103	2270
9119	4149
7821	7390
7821	7515
9132	9133
9135	7983
9140	8901
9149	5442
9163	8097
9163	6122
9163	7859
9165	5890
9173	9174
8852	1993
8405	6835
8405	7818
9181	9183
9181	7796
9192	3394
9201	2550
9201	5486
9226	6817
9231	5645
9233	3276
9233	4856
9233	9248
9256	4305
9257	6944
9260	9037
9265	1370
9265	5366
9273	5037
9289	9290
9291	1569
9293	9294
9305	1035
9305	4796
9305	5195
9305	9307
9310	9311
9310	9324
9328	8097
9328	3971
9329	4888
9331	7542
8121	6078
9341	4149
9341	5653
9347	9099
9347	7024
9351	5841
9352	7787
9352	7872
9354	5361
9357	7625
9370	6586
9382	1709
9387	8408
9387	9388
9389	6818
9398	9030
9398	5654
9401	1015
9401	3306
9401	9413
9414	700
9422	8393
9422	2898
9422	6833
9422	7462
9426	7871
9428	4758
9431	3919
9431	6160
9434	3974
9443	5490
9444	9450
9452	5653
9378	6822
9456	4502
9459	1118
9459	5037
9459	6822
9460	2151
9462	1324
8784	7696
9472	2030
9472	2896
9472	2819
9472	3642
9472	6337
9472	9477
8606	8422
9485	6928
9427	9426
9427	6478
9492	1635
9492	4052
9492	4228
9492	6380
9492	5848
9499	1717
9516	1315
9516	2732
9516	4326
9516	7932
9519	3871
9519	3965
9519	5602
9519	5565
9520	3564
9520	3991
9520	7100
9521	7433
7108	8015
9533	2919
9543	4326
9554	9555
8748	1596
8748	3030
9579	9084
9584	6337
9584	9056
8920	9378
9591	1254
9592	9492
9592	5848
9597	6752
8486	860
8486	9603
8486	9607
8486	1557
8486	2909
9617	6997
9617	2352
9631	8800
9632	6421
9634	1679
9634	4205
9637	4683
9642	825
9642	1035
9667	8819
9667	9671
9667	6890
9667	6893
9667	7642
9667	7859
9680	9683
9680	1371
9685	578
9697	1161
9697	3027
9709	9432
9724	8753
9725	8774
9728	9736
9728	9738
9739	8887
9757	9758
9757	8706
9757	8722
9772	9777
9772	785
9772	3128
9772	9795
9809	9812
9809	9816
9818	7475
9824	6397
9857	9860
9886	4152
9886	4326
9886	6821
9901	9902
9911	2821
9911	7192
9919	2576
9941	9943
9947	9950
9954	9961
9954	2600
9982	6478
9982	7745
9996	10000
10007	8628
10023	8570
10023	4722
10047	9047
10047	8434
10052	8721
10052	8734
10052	4149
10078	8393
10082	636
10084	7761
10085	8383
10085	9530
10085	6896
10095	10096
10095	9228
10109	10110
10111	6835
10111	7546
7923	6263
10114	5287
8507	9311
10118	2198
9773	3129
10123	4885
10124	4321
10128	4254
10128	4885
10133	4323
10133	6927
10133	6928
10138	5709
10147	5715
10147	7059
10151	1035
9920	6506
9920	7056
10053	4323
9764	2965
10160	4380
10160	9246
10160	9399
8509	1911
8509	5287
10174	165
10177	2603
10177	9008
10188	1421
10188	2021
10191	4718
10199	1880
10202	1257
10206	7024
9864	1292
10207	7273
10211	1011
10211	1996
10213	10215
10228	467
10236	7776
10236	9124
10236	9135
10236	10255
10310	10311
10320	5129
10320	7298
8903	851
8903	6260
10328	4976
10328	7118
10329	5900
10331	3475
10331	4486
10331	4487
10342	8278
10342	7545
10347	1736
10356	6424
10365	7856
10368	6882
10368	7609
10371	9470
10372	10123
10372	10344
10372	5585
10372	5757
10373	550
10375	3441
10385	10087
10388	9357
10388	10084
10388	3147
10392	10394
10392	8645
8785	1255
8785	2446
8785	3258
8785	5242
10398	8427
10398	7859
10403	8164
10407	1087
10410	10415
10418	659
8122	4692
8122	7163
10238	9135
10238	8541
10238	6478
10426	9422
10428	6140
10437	10439
8582	2550
8582	3971
8582	8422
10458	9427
10469	10465
10469	10468
10470	6901
10472	7443
10472	3743
10473	8146
10478	5768
10479	4653
10481	8393
10481	9347
10482	3255
10485	16
10485	845
10489	10490
10496	8881
10496	9422
10496	5198
10497	786
10497	785
10497	3923
9865	7062
9865	7567
10553	4104
10239	7875
10024	5533
10565	9420
10570	4382
10571	7800
10571	7171
10574	6014
10574	5354
10574	6011
10574	6012
10579	10581
10579	6531
10586	1449
10586	1578
10586	6003
10591	5287
10591	6593
10592	8606
10592	10352
10593	7251
10596	10320
10597	9565
10597	6259
10597	7010
10600	4790
10601	2366
10607	4662
10607	7132
10607	7134
10612	5561
10612	7976
10613	3592
10614	5318
10615	7218
10618	6967
10625	1127
10626	2722
10240	4323
10628	2999
10629	5992
10633	8748
10633	4257
10633	7060
10641	3561
10641	4149
10645	3448
10241	7871
10654	8901
10660	10668
10242	2285
10686	1014
10686	5859
10691	10692
8622	4210
8622	8207
10707	10113
9292	543
10727	8015
10727	10600
10727	6267
10728	1025
10728	7580
10734	10736
10737	8976
8555	7352
9643	6067
9643	4803
10749	3099
10749	3696
10749	10753
10771	7885
10771	7564
10776	6478
10243	9422
10802	10805
8608	8582
8608	6821
10810	8962
10813	6764
10815	7338
10817	9282
8921	5279
10819	10820
10821	405
10821	454
10821	7227
10208	10207
10806	2597
10806	5287
10806	7642
10838	10839
8596	4326
10842	7389
10842	6604
10844	6395
10859	3369
10859	5865
10861	1894
10867	3366
10867	10869
10881	7542
10894	1192
8882	9422
8882	9597
8882	1451
8882	1754
8882	2450
8882	7577
10912	9536
10913	10763
8817	10479
8844	1020
8844	4901
10921	5717
10921	6090
10923	10932
10934	7858
10934	7859
10936	2227
10945	9013
10946	9508
10947	3928
10956	8162
10960	5318
10973	3475
10973	4226
10975	10977
10980	4149
10980	4314
10981	7380
10246	3577
8681	7872
8681	2336
8681	4506
10989	885
10990	9419
10991	7271
10992	8323
10992	10352
10992	6121
10992	7642
10993	1756
10995	8250
10995	6337
10998	5392
11002	4796
10247	7776
10247	10243
10247	6966
10247	6835
11008	11009
11017	9331
11022	7073
11033	2367
11046	5439
10452	6187
10452	3971
10452	7640
11049	4149
11049	8125
11055	8507
11056	10727
11056	4471
11056	10163
9849	6843
11071	9163
11072	5985
11072	7548
11072	7549
11075	11079
11081	4922
11081	4919
11082	1024
11082	4662
9984	7022
11096	7882
11109	9415
11111	113
11114	5102
11117	9865
11117	8607
11117	5734
11117	6890
11118	11119
11122	7202
9644	8427
9644	10489
9644	6505
9644	8318
9644	7858
11129	9460
11130	2104
11137	6950
11137	11138
11139	4345
11139	7897
11140	3385
11140	11141
11147	1026
11147	3433
11147	6506
11147	6869
11151	1584
11151	6831
11155	5996
11158	11159
11161	4149
11176	6188
11176	6823
11177	9644
11180	2411
8489	9439
11185	6347
11186	10237
11186	6478
9810	2399
11196	8415
11196	6896
11203	3539
11203	3630
11218	1118
11218	2579
11218	5757
11218	7134
11227	9309
10250	10905
11229	9311
11232	6588
11234	9586
11234	7706
11252	4202
11252	10300
8820	2378
11258	8508
11258	226
11258	777
11258	1632
11258	2333
11258	3039
11258	6255
11258	9508
11261	7504
11267	8450
11268	10647
11275	2695
11281	8138
11289	226
11291	6339
11291	6739
11291	7541
11292	1719
11292	3399
11296	1005
11301	6952
11301	4217
11301	6779
11304	11306
11308	2306
11317	7704
11318	6337
9819	840
11247	29
11247	3396
11331	7137
11332	8330
11332	5010
11333	11335
11339	1818
11340	1289
11343	4355
11346	11142
11357	4975
9828	6678
11369	5757
11370	5243
11376	4149
11382	6823
11384	10600
11384	6272
11389	1484
11398	8176
11204	7169
11400	9538
11401	6363
11401	6844
11401	9851
11402	6884
8822	11117
11411	3177
11417	1532
11417	6313
11423	4323
11423	7292
11423	7297
11426	7118
10251	8148
11427	7632
11434	4323
11435	3646
8764	3980
8764	5048
8764	4718
11446	1375
11446	7031
11448	2733
11448	2778
11448	6015
11448	5215
11455	8312
11465	9378
11466	5512
11466	5353
11468	8229
11468	2624
11477	6832
11477	7542
11483	7776
11483	5437
11488	5558
11495	847
11503	11504
11503	5093
11508	6882
11511	3982
11511	5734
11512	5400
11516	3520
11516	6337
11519	2968
11519	11520
11519	4976
11523	8579
11523	10967
11525	5461
11536	6515
11536	6780
11547	1703
11550	10372
9668	9377
9668	8607
9804	5279
11563	5760
8914	4396
11573	11107
11573	7541
11577	6418
11577	7713
11578	383
11583	4323
11583	6233
11591	6347
11602	7204
11607	11606
11607	11610
11607	11612
11615	3270
11620	7748
11620	2088
11620	3676
11625	5112
11625	7718
11626	1889
11626	11627
8749	974
11630	9055
11634	5159
11637	11638
11639	10106
11639	6517
11641	2840
11648	2597
11651	10590
11653	1169
11660	6823
11660	7976
11668	2749
9669	8822
11671	9206
9545	1782
9545	3082
11672	2811
11672	4880
11675	10980
11675	11676
11677	877
11677	5786
11684	7759
11688	9176
11691	4874
11697	11698
11723	1092
9681	8821
11731	11733
10010	6745
11735	6527
11739	11740
11746	10690
11746	2926
11746	3927
11746	6913
11746	9323
11748	9024
11752	1123
11752	4259
11752	7212
11753	11754
11761	6337
11766	6748
11767	11768
10255	10156
10255	6739
11776	10302
8750	8953
8750	2121
8750	2329
11777	5404
11777	6535
11782	8377
11782	5757
11783	3160
11786	5564
11734	6824
11734	7378
11789	6478
11790	4149
11790	5989
8825	1376
11794	3642
11794	7517
11798	7166
11801	11805
11810	10995
11810	9496
11811	1682
10256	11072
10256	4505
8583	5755
8583	6267
8583	7609
11816	6889
11816	7859
11820	2399
11832	11311
11834	3652
11834	5535
11835	10659
11837	2327
11837	5938
11839	2190
9965	7296
11849	7884
11849	10690
11849	7937
11851	9220
11851	11853
11854	4326
11854	9348
11854	6515
11854	7465
11855	10083
11858	3827
11861	7674
11862	8819
11862	6267
11863	10434
11867	10091
11792	9710
11792	1021
11792	3630
11792	6891
11868	6407
11871	9180
11877	1732
9670	8582
11883	11884
11890	4885
11890	10909
11891	6737
11900	3729
11901	2550
11906	4134
11906	4648
11909	6499
11909	7685
11916	3675
11924	4111
11926	11929
11935	5424
11941	2380
11942	9670
11942	5734
11949	6363
11949	11952
11956	338
11960	6823
11963	9075
11964	10400
11965	10242
11965	7454
11967	3075
11967	11968
9921	4382
11983	1051
11991	3285
11992	8748
11992	11746
11992	6956
11993	10082
11993	3560
11994	9427
11995	4882
11997	8820
11998	552
11998	193
11998	6690
12003	578
12003	10001
12004	2387
12004	12005
12008	6171
12008	6164
12008	11902
12012	9681
10259	1004
12019	8817
12022	11108
12025	10239
12025	5121
12032	8785
12032	10452
12032	5279
12035	12036
12048	324
12048	5756
12054	7897
9986	8126
8828	7170
8829	8820
12059	6446
12059	6453
12062	6256
12062	5578
12062	7609
12066	2446
12066	5487
12068	4122
12074	7341
12080	10338
12083	8817
12084	4841
12084	12085
12084	7094
12084	7723
12088	5279
8501	3563
8501	4149
8501	5228
12097	4191
12097	6055
12099	9420
12099	7622
12099	7856
12100	172
12100	6119
12101	6343
12101	5734
12101	6630
12101	6629
12101	11633
12104	11593
12107	1024
12108	11003
12109	3322
12110	856
12110	3684
12110	4956
12122	1321
12122	1843
12122	12123
10048	11442
10048	5188
12130	7342
12133	4149
8542	1887
12143	9865
12143	10913
12149	10806
12149	2270
10261	5999
12154	4796
12154	8942
8502	8405
8502	8541
8502	9381
12169	12088
12170	8749
12170	1371
12174	439
12174	4874
12175	9350
12182	7963
12182	7936
12185	766
12186	2152
12186	2431
12186	6873
12194	8821
12194	8822
12195	7993
12195	10114
12195	1838
12195	6722
12195	6873
12195	7435
12195	7447
12199	4256
12203	6525
12205	496
12208	4380
12219	9681
12219	9710
12219	4149
12221	12222
12223	10921
12223	11790
12223	1694
12223	6572
12223	6825
12223	7785
12224	9389
12224	4269
12228	12229
12231	4665
12239	5860
12241	5158
12241	5609
8544	7776
8544	6340
12242	12243
12163	4963
12250	4295
12250	7710
12253	12254
12256	659
12260	6135
12260	7683
12261	178
12266	3977
12266	6959
12271	5734
12278	783
8845	3839
12279	8822
12279	1504
12279	3558
12279	8420
12280	11132
12280	10315
12287	8582
12287	6267
12288	8509
12289	4229
8830	8818
12291	6713
8853	10372
8853	10633
8853	4242
8853	4790
8853	7710
10262	10400
12308	544
12308	1329
8854	11777
8854	1702
8854	1151
8854	544
8854	1450
8854	2267
8854	3348
8854	1754
8854	2786
8854	3399
8854	4255
8854	4134
8854	5206
8854	7398
8854	6337
8854	6752
8854	7434
12312	9014
12319	5559
12319	5591
12319	5903
8510	5465
8510	7567
12323	11338
12324	9670
8545	8405
8545	4505
8639	3254
12336	11251
12338	12339
12338	2874
8557	4376
8557	4867
8557	4868
12345	223
12345	1576
12345	5241
12354	12355
12354	6478
12359	12155
8546	7022
8546	7549
12363	4323
12363	7549
12370	23
12370	1137
12370	6460
12372	8544
12378	8818
12378	12219
12378	6821
12378	6959
12387	7356
10264	8542
12044	10257
12404	5952
12404	9626
12406	5486
12406	6917
10265	10250
10265	7271
12416	9444
12416	11992
8789	12181
12429	8277
12434	7108
12434	10123
12434	9670
12434	7611
12435	5287
12435	5930
12437	9431
12447	12457
9866	2011
8790	7929
12470	8819
12475	12382
12475	6823
12483	3895
12483	4133
12483	6893
12484	11672
12484	6910
12488	6259
12488	6265
12489	6041
5832	692
12495	4727
12496	10144
12496	6344
12496	6062
12497	7854
12497	12174
12497	7622
12498	10762
12502	12218
12504	11227
12505	12213
12505	4718
12506	4153
12506	11424
12510	12223
12511	4191
12511	4378
12514	5578
12514	7611
9987	9176
12515	7025
12516	7169
12517	7033
12519	1573
12520	12521
12522	3281
12527	12528
12532	12220
12536	6900
12536	12537
9711	1020
8883	11810
8883	4607
8884	9422
8884	8882
8884	5404
8884	7363
12549	6889
12550	2130
12550	7033
12550	7122
10267	6478
12555	7857
9956	10489
9956	7642
12556	8374
12556	8785
12556	6418
12557	1748
12557	2446
12557	4883
12557	6823
12566	12567
12568	3147
12582	6409
12585	10123
10268	6057
10268	6478
10268	7546
12588	3998
12598	4043
12599	5182
12599	8387
12600	11555
12606	5040
12606	6834
9682	6822
9682	6896
12611	12276
9059	7166
12612	10573
8674	10888
8674	1371
8674	1625
8674	7709
8611	7608
12615	9810
12615	6063
12615	7546
12616	1573
12621	8541
12621	6835
12622	12150
12624	1011
12625	10807
12633	10754
12633	10757
12633	12317
12636	3067
12641	11810
12641	8788
12641	197
12641	4396
12641	4867
8559	8004
12645	12194
12647	5065
10209	10208
10209	10268
10209	7546
12655	1193
12657	4380
12658	7314
12667	981
12672	4323
12674	4870
9775	9376
12678	2929
12678	8203
12689	12307
12689	6530
12690	2152
12690	2431
12690	4373
12691	10560
12695	405
12695	2686
8547	966
8547	7543
12696	7999
12698	1254
12710	12162
12710	10622
12710	8214
12710	9206
10270	1831
12713	12686
12714	3982
12719	8583
12719	12135
12720	3446
12720	693
12724	6893
12725	12271
8612	9180
8612	12362
12733	12736
11762	5922
11762	6076
11762	6078
11762	9056
12738	10355
12739	2155
12741	2371
12741	3184
12746	12747
12749	8771
12757	2344
12757	4653
12758	9586
12762	11460
12762	5093
12762	6675
12781	1882
12781	3348
12781	3642
12781	4359
12789	6531
12791	1044
12791	1118
9912	11370
12803	6823
12803	7754
10276	11718
12808	4326
12809	2585
12809	4149
12811	8819
12812	8972
12813	3980
12813	8214
12814	2224
12814	12817
9887	1748
12819	12025
12822	9689
12828	9586
12831	10209
12835	9284
12835	12834
12836	12032
12836	12623
12836	7860
12842	5093
12842	5757
12843	8606
12860	6337
12864	3538
10277	10250
10278	4323
10278	8123
10278	6339
12871	973
12871	6654
12873	3953
12873	8901
12878	2597
12878	6889
12879	12516
12882	9093
12882	12167
12882	1113
12882	3838
12882	6675
12882	7885
12888	8278
12888	6478
12888	10302
12899	9226
12899	6531
12901	12902
12901	10753
12901	12859
12909	11240
12914	11851
12914	778
12914	11588
12914	3366
12916	12287
12916	1878
12923	2292
12925	4837
12925	3982
9776	4260
12928	9668
12928	6122
8840	7476
9927	1008
12942	12385
9060	503
12944	10368
12951	8277
12951	7546
12954	5413
12955	11511
12955	12019
12960	8163
12966	12781
12968	5335
10284	7339
12973	11250
12977	11218
12977	2782
12977	4650
8407	968
9777	10122
9777	9376
12979	1894
12979	2825
12979	4866
12979	6517
12982	8820
12982	12307
12982	7754
12983	12135
12985	12140
12985	3291
12986	5440
8904	10123
8904	661
12989	383
12992	6845
13001	11777
13001	5953
13005	9422
13005	5235
13005	7362
10285	11202
10285	7350
10285	7548
13006	12563
8457	7870
8682	7271
10049	5440
10049	5188
13026	6883
13027	8393
13027	11164
13027	7271
13027	6835
13034	12647
13035	9710
13035	3147
10289	10237
13036	9633
13038	7872
13041	8583
13043	6256
13046	187
13046	1853
13053	4323
10290	6063
13056	1282
13056	1831
13056	1577
13056	5439
13079	5051
13083	1080
10291	10255
10291	2450
10291	6369
13086	783
13086	6670
13087	6510
8791	8065
8791	5195
10292	4149
13088	5760
13089	5755
13091	7621
13091	7620
13092	2654
13092	13093
13095	4149
13099	12885
13100	7689
13106	1815
13106	663
13112	10727
13112	6255
13114	12979
13114	4379
13114	5185
13116	1718
13116	5591
13125	11838
13125	7857
13133	13136
13145	2777
13145	5720
13145	7406
13145	11290
13145	7931
13150	12062
13150	7609
10293	7636
13151	12823
13155	850
13155	11496
13155	1439
13157	12798
13157	9927
13157	12085
13161	8606
13161	7857
13024	7190
12558	2550
13163	2578
13164	11315
13166	7658
13167	6478
13167	7936
13167	6979
8915	7023
13172	6778
10019	12585
10019	10678
12559	3971
13178	12391
13178	3664
13178	4790
13179	9875
13184	12899
13184	7378
13185	9163
13185	10489
13185	7857
13196	11234
13207	6622
13207	7423
13208	12124
13211	10293
13213	5912
13213	6835
13214	5928
13217	4482
13217	6390
8490	790
13218	10293
13218	1257
13218	5051
10020	12916
10020	7009
13228	2843
13228	6167
13228	6172
13229	6400
10294	10276
10294	6347
13233	979
13236	8825
13236	3971
13238	13241
13243	13244
13245	986
13245	5876
13248	13249
13252	10346
13253	6048
13259	4855
8597	1884
8597	3348
8597	7635
13263	5123
13264	2719
10295	10785
10295	7582
8804	6330
13266	1819
13271	7872
13271	13273
13271	6478
9891	6321
13277	13278
13277	11142
13280	388
13280	13283
13285	6337
8523	8253
13290	7606
13291	9874
13291	9875
13291	8376
8925	10085
13298	1020
13300	4213
13303	12983
13304	10259
13304	7273
13305	12288
13307	7559
8694	8692
8694	4600
13317	7541
9967	5660
13326	8002
13326	6478
13327	12012
13327	4883
13329	1035
13330	2269
12425	5831
13335	10717
13336	3683
13342	12973
13342	3758
13345	8829
13345	9227
13350	18
13350	13352
13350	13353
13357	8213
13358	10657
13359	1311
13359	9282
13361	3045
13361	3855
13361	4149
13361	8419
9876	12818
8846	4892
13364	4885
13369	4006
13369	6866
13373	11227
13373	13289
13374	3626
9989	9986
13385	2504
13385	6951
13387	6339
13388	12674
13388	9183
13390	8749
13390	2380
13390	4662
13395	12251
13396	6350
13398	9099
13398	7023
13398	6835
8628	7870
8628	8612
8628	6881
13401	8502
13402	12151
13402	4149
13403	6341
13407	13409
13081	4457
13413	10991
13416	10690
13416	11628
13417	6970
13420	12740
13421	13126
13421	4149
13422	12068
13436	8023
13436	699
12769	11072
12769	11202
12769	10250
12769	4149
13443	8790
13443	2270
13444	743
13444	2560
13447	9309
13447	10368
13447	851
13447	7586
13447	4790
13448	3255
13451	2367
13454	9860
13456	8922
13456	5281
13462	4399
13463	9314
8695	8845
13471	11227
13471	12194
13471	8922
13471	10019
13471	6821
13471	6823
13473	167
13476	12018
13476	10997
12729	12500
12729	4065
13477	4326
13487	712
13487	1025
13487	1011
13490	7306
13501	1123
13502	167
13502	6061
13506	11359
13512	4511
13516	2165
13520	7398
13522	5657
13524	10123
13525	7860
13530	8369
13530	10247
13530	12043
13531	13533
13534	1109
13545	6001
13545	6078
13545	11631
13545	9585
13546	9093
13546	10633
13546	2727
13546	5757
13547	7386
13548	9163
13548	8819
13548	5774
13549	1821
13549	5561
13550	6901
8886	1451
13553	3971
13553	6821
13553	8329
13557	12514
13557	661
13558	13052
13559	13261
13560	1716
13560	13563
13566	3971
13568	1325
13569	3971
13569	6891
13572	7180
13572	7856
13573	11167
13573	6337
9968	9965
9968	4887
13574	9422
13574	5443
13576	4803
13578	5239
13578	6033
13579	5760
13580	1495
13580	4373
13583	2655
13584	7047
13586	6739
13591	8819
13591	8820
13593	9799
13596	8582
13596	13565
13596	2576
13598	1500
13598	9593
13598	9219
9922	5752
13610	10490
13611	13130
13581	13150
13581	6341
13581	9219
13581	7852
13613	11391
13613	2722
8887	7635
9902	13262
13620	2884
13620	6326
13625	1576
13626	4149
13626	6827
13626	7296
13626	8901
9957	11117
9957	9670
9957	6121
9957	5734
13630	12068
13632	1803
13632	2902
13632	5878
13632	4420
13632	3889
13632	5876
13635	13262
13635	1576
13648	11253
13648	5095
13648	7887
13649	2100
13651	10859
13655	5636
13656	1596
13656	7887
13661	3664
13665	12819
13665	1993
13665	6063
13665	6490
8640	11025
8640	10953
8696	10268
13670	3920
13672	10418
13672	10489
13672	12435
13673	11810
13673	5235
13674	4904
10011	8610
10011	2825
10011	6881
13680	966
13680	4396
13680	5797
13681	9983
13682	1001
13684	2270
13688	13689
13690	5845
13692	5925
13695	12497
13695	7642
13693	10144
13693	6339
13696	6061
13696	7023
13697	9176
13700	8819
13700	10370
13700	6506
13700	6881
13701	6261
13701	6958
13025	10785
13025	13706
13707	9302
9990	10241
13711	7023
13722	5232
13722	6433
13722	7163
13730	13262
13733	13045
13734	5935
13745	8559
13745	13699
13745	7660
13219	8122
13219	12155
13219	4323
13219	11586
13752	6631
13753	9456
8561	8881
13758	1630
13758	6471
13758	11210
13759	11959
13759	12686
13759	13086
8888	10625
13763	11787
13763	11314
13764	13765
13764	4874
13764	7681
13774	1376
13776	12478
13777	7635
13778	12423
13782	7363
13783	7417
13783	36
9741	6427
13799	5966
13800	9035
13821	9260
13821	856
13821	1021
13822	13825
13838	10252
8765	9865
13839	197
13839	3175
13840	9228
13841	6341
13841	6342
13841	6344
13848	8303
13848	5160
13855	9163
13856	383
13856	5365
13856	13858
13856	7679
13861	9984
13861	13413
13861	6478
8562	6337
13864	8749
13866	12555
13867	383
13877	5120
13879	3954
13883	10416
13883	6736
13885	8135
13885	1279
13885	4908
13760	383
8855	6140
13895	8821
13895	7163
13896	13088
13896	13361
13896	3660
13896	5287
13898	4957
13898	6270
13901	3727
13905	5858
13913	1137
13915	5060
9673	12497
9673	13695
9673	9672
9673	3971
8598	5912
13923	7541
13930	13931
13936	8486
13936	13569
13936	6121
13937	9201
13937	9867
13938	13018
13938	5184
13942	8278
13942	10257
13942	6478
13944	9068
13948	4807
8563	8558
8889	8881
8751	716
13318	11072
13318	12769
13318	1011
13959	9874
13963	1024
9651	1024
9651	5745
13966	11286
13966	11287
9903	4133
13972	5785
13972	11681
13979	11812
13979	1530
13979	4644
13979	13996
13998	6478
13999	6822
14000	2245
9665	14005
14010	10253
14012	2411
14012	4191
14013	14014
14015	5661
14016	12068
14016	5405
14016	1805
14017	11227
14019	10123
14019	2270
14025	10380
14030	8903
14030	5757
14030	6823
14035	4323
14035	6590
14037	8822
14037	3653
14041	8883
14041	8884
14041	7139
14042	3872
14052	6966
14052	6339
14052	7549
14053	11759
14054	2024
14054	3218
14057	10968
14057	6832
14064	1578
14065	14067
14069	3998
14071	2422
14074	13413
14075	8298
14075	5797
14075	7932
9742	6264
14078	11636
14081	975
14081	3927
14081	14082
14086	8545
9698	9268
14088	11072
14093	13547
14093	3597
14094	2840
14098	11203
14098	11204
14098	8749
14098	665
14098	1115
14098	1374
14101	9710
14101	12378
14102	13611
9958	8072
9958	5284
9958	5817
14106	4149
14106	4323
14107	8903
14107	3662
14107	8412
14108	10970
14109	1717
14111	1530
14113	13710
14114	11082
14114	9904
14114	7434
9904	5404
14115	10980
14116	5381
14119	14122
14124	10968
9877	7793
14125	6835
14125	7745
14130	12497
14130	6514
9674	10484
14131	7090
14133	6823
14137	4874
8752	7884
8752	8953
8752	14030
14138	12203
14138	13877
14141	6374
14141	6478
14141	6739
14144	11884
13719	656
14148	6167
14150	771
14153	6965
13950	2402
14155	11790
14155	12414
14155	2786
14155	6478
14155	6626
9930	10983
9930	1369
14159	7505
13780	1524
14162	6835
14163	12372
14167	13620
14158	11384
14158	14107
14158	6271
10025	1113
14176	8211
14178	14181
14187	10983
14188	14190
14201	5696
14204	10206
14205	4084
8511	9865
14208	9849
14210	8818
14210	8829
14210	13035
14210	3977
14210	6822
14210	6823
14211	8901
8775	543
8775	3305
14215	10049
14218	10292
14220	9586
14220	12740
14220	8464
14224	6058
14225	1322
14225	1320
14233	11252
14233	4260
8586	11227
14238	3971
14244	11017
14244	10290
14245	10085
14245	13778
14247	3199
14247	383
14247	544
14247	11485
8926	3971
8926	6823
14253	1715
14255	10123
14255	14187
14256	10238
14256	9986
14264	3855
9923	13760
14270	5760
14271	13695
14271	6822
14272	7027
14275	13699
14275	2576
14275	6424
14288	3561
14290	7941
14290	12808
14290	4323
14290	5235
14291	11164
14292	4801
14292	9626
14301	2226
14301	11600
14301	11601
14302	14310
14302	5704
14318	12342
14321	11945
14326	5287
14328	11591
14330	9237
14332	375
14337	8785
14339	2155
14341	7337
14342	1993
14348	4149
14353	3538
14354	11061
13978	5350
8697	8692
8697	8696
8697	5599
14359	1709
14359	4270
14359	7125
14359	4323
14360	5998
14365	7108
9905	3971
8699	9246
14371	2270
14374	12821
14374	9927
14377	10048
14381	10980
14381	8598
14382	6201
14385	10245
14385	6832
14385	8126
14386	13558
8745	9819
14387	5513
14387	6823
14393	9387
14394	14395
14404	8427
14404	10398
14406	8813
14407	14378
14407	8532
14410	8425
14411	974
14411	1752
14411	2446
14411	6009
14414	10597
14414	4285
14421	8002
14421	8681
14421	7118
14423	4149
14425	555
14425	5745
14425	5815
14426	12803
14426	13389
14426	2958
14426	4589
9868	10729
9868	2766
9868	2779
9868	5071
9868	3847
9868	3789
9868	4224
9868	4094
9868	5351
9868	13173
9868	9283
14451	9093
14451	3339
14451	4269
14451	8901
14456	9922
14457	7840
14457	5319
8512	11033
8512	14387
14465	4888
14468	3447
14475	14065
14475	14033
14476	1222
14481	11003
14486	12287
14487	1732
14487	12702
13325	13399
13325	6078
14489	4481
14495	1448
14496	13397
14499	13265
14499	2081
14501	13700
14505	11208
14513	5584
14515	7609
14520	8800
14522	7458
14524	9957
14529	10776
14529	966
8587	10114
8587	8584
14531	14532
14531	7724
14536	5116
8513	8582
14541	8680
14541	14261
14542	12872
14545	7856
14547	5994
14548	14093
14548	3852
14548	3971
14548	6745
14550	9875
14550	6893
14559	2581
14559	2824
14561	6484
14561	8182
14567	8854
14567	8915
14567	13574
14567	14138
14571	3977
14576	1919
14576	6915
9888	9955
14577	3417
14580	13872
14581	11218
14581	4097
14581	5584
14581	6898
14591	10913
14591	8584
14592	4790
14593	11218
14594	14423
14594	7036
14595	12733
14595	8465
14595	14596
14595	6198
14598	10489
14598	6889
14599	10208
14600	5102
14600	14602
14603	11021
14607	12788
14607	5700
14607	14609
14611	9307
14616	6373
8549	7123
14618	5783
14623	14624
14628	1503
14628	10409
8700	8549
8630	4986
14630	1717
14630	3820
14630	4505
14644	12279
14647	14426
14648	14649
14648	12857
14650	10969
10004	12062
10004	12488
10004	12614
10004	13557
10004	14220
14651	11514
14651	7122
14654	9530
14655	14577
14659	13383
8588	8610
14666	12812
14666	2270
14666	5599
14666	8977
14673	2619
8766	2502
14680	10628
14680	5744
14681	9565
14681	10983
14681	11227
14681	12525
14681	8584
14681	11985
14681	885
14685	11158
14686	14
14689	14690
14691	11862
8928	9731
14693	4149
14693	4317
14693	5646
14693	7036
14694	8507
14694	3111
14699	4687
9676	14702
9676	8429
14276	5949
14596	14382
9652	4616
14716	9290
14716	5928
14719	10727
14719	6267
8684	7872
8684	5037
8684	6832
14723	10553
14723	10863
10850	6931
14725	11798
14725	7166
14728	12323
14728	12828
14728	3131
14733	8369
14733	6061
14733	7023
14737	1820
14738	5966
14738	8388
14739	7737
14743	1753
14745	2398
14746	12725
8702	4326
8702	5599
14749	6620
14749	13823
14753	4505
14755	3409
14756	6478
14757	8293
14760	5361
14762	3684
14764	7688
14765	9430
14765	6059
14765	6255
14766	11167
14766	1024
14766	5006
14766	4782
9780	9777
13419	2270
13419	6893
14769	6893
14777	13026
14777	4250
14778	1026
14780	12497
14277	8557
14277	2373
14782	14158
14782	1374
14782	2450
14783	11227
14784	9607
9768	12068
9768	9766
9731	14746
14795	13635
14795	4874
14795	6823
14797	13667
14797	14798
14799	7862
14799	9189
14801	4677
14807	12758
14807	12945
14808	6603
14809	8369
14814	8749
14814	714
14815	2884
14822	3980
14824	1252
14824	5755
14827	10881
14827	13671
14827	2546
14830	8369
14830	10807
14836	7622
14837	281
14846	10527
14848	14756
14849	6736
10027	1754
14850	9670
8929	12135
8929	8669
14851	7802
14851	585
14861	13289
14861	13564
14861	1005
14861	2152
14861	9600
14863	11845
14867	14174
14872	3255
14872	4371
14872	5379
8857	6055
14874	7025
14885	7929
14885	4149
14886	14058
14891	14894
14896	6559
14898	3255
14900	898
14901	8015
14901	8904
14913	10223
8890	4841
8832	3971
8832	7642
14918	4323
14923	6841
14924	14926
8704	10245
8704	8696
8704	14386
8704	14615
8704	8702
14928	13043
14928	13661
14930	6966
14931	7894
14931	901
14931	3186
14937	544
14940	4717
14941	9930
14957	9247
14960	323
14960	6823
8858	13877
8858	5260
8858	6874
14968	10123
14968	10989
14969	8946
14975	13626
14975	6590
14975	7462
14975	7636
14976	4803
14976	5318
14976	6515
14978	804
14978	1833
8566	855
14979	8071
8930	2838
15021	1024
15021	7566
15023	10813
15023	12595
15025	8787
15025	13357
15026	6478
8794	11959
15030	12399
15030	5734
15032	3339
15036	7929
15036	243
15036	1138
15036	2314
15036	2316
15036	8151
15041	2270
15043	9455
15043	5037
15043	5442
15044	4863
15048	6884
15049	10604
10028	1309
10028	7635
15055	11337
15055	1115
15055	1754
15055	9859
15055	9339
15064	411
15064	3043
8931	8927
15071	383
15071	2613
8514	9035
8514	14694
15074	10156
15074	12888
9853	7380
8675	3873
8675	7507
15082	5917
15083	7582
8805	8800
8805	8813
8805	2890
15085	14245
15085	15087
15091	7916
15091	8215
15092	13230
9719	6478
15101	4326
15103	10807
15104	3971
15105	9026
15112	5235
15114	9524
15116	3199
15117	7580
15119	7169
15119	8069
15123	138
9970	9965
15126	1339
15128	10241
15128	5144
15128	6422
15131	11386
9811	10259
9811	1717
9811	4049
15137	11072
8707	9717
8707	8502
8707	8704
15139	1464
15139	11138
15140	15143
15144	5904
15150	2148
15162	12728
15162	7021
15162	7011
9693	9692
8589	11227
8589	12725
8589	13262
8589	9228
15164	12462
15164	12510
15165	13096
15169	2550
15170	10370
10005	15178
15179	11960
15186	966
15191	6057
15191	7873
15198	13447
9971	6337
9971	7294
15200	12174
15203	12391
15203	8922
15203	12645
15203	10019
15203	13471
9744	10890
9744	13534
15208	2226
15209	3231
15211	12717
15212	2807
15212	9045
15218	975
8631	14737
8631	15048
8891	3521
15224	15225
15224	4692
15228	13043
15228	9928
15228	14158
15229	8509
15229	7792
15230	6966
15221	7094
15231	2391
15231	3677
15231	5730
15232	2232
15232	4103
8550	6835
8550	7544
15234	10160
15234	8972
15239	8508
15240	3151
15033	1776
15033	7982
15033	7984
15242	10980
15251	2783
15251	3928
15256	7707
15261	968
15261	2087
9812	14054
9812	6966
15266	1732
15269	12983
15269	2460
15273	8272
15275	2081
15278	418
15281	10655
15287	12473
8590	10601
8590	11227
8590	8588
15291	14801
15291	8929
15294	6484
15297	13262
15297	9903
15297	6823
9932	13447
9932	14030
9932	14807
9932	14941
15302	12042
15303	12914
8847	4745
15304	2356
15304	1889
15307	14778
15308	14133
15310	2597
15316	3786
15316	5062
15316	6950
15317	13307
15320	12396
15320	3342
15321	13909
15324	10844
8477	12425
15329	966
10030	15307
15333	11252
15333	968
15333	3855
15333	9508
15334	13289
15334	13390
15334	14593
15334	7885
15337	6612
15340	12482
15342	10284
8906	2088
8906	6568
10014	14271
8708	8704
8591	8582
8591	5283
8591	7171
8676	5974
15354	8903
15354	4094
15354	4790
8709	8697
8709	8705
8709	7022
8709	7745
15366	3315
9933	14941
8834	8832
15258	2378
15372	12101
15375	14783
15376	14569
15385	11072
15385	10294
15385	7548
13107	962
15392	13589
15394	7376
15395	4674
15398	3257
15404	14719
15404	7887
15405	9987
15405	6346
8907	9766
15414	10610
15418	8562
15418	15037
15421	4662
9993	7549
9993	7818
15434	15033
14702	9669
14702	9675
14702	14860
15438	9309
15438	9927
15438	3662
15438	4790
15438	6506
8806	8802
15445	11811
15447	8076
15448	9426
15448	6832
15453	12405
15453	7611
15455	8922
15455	4379
15455	6888
15455	8423
15457	5411
9745	4652
9745	14009
15464	5985
15473	5583
15474	14177
15476	3971
15483	4323
15487	8280
15491	10865
15491	7511
15498	7180
15499	1137
8551	14529
8551	6347
15501	12019
15501	6048
15503	15504
15505	7150
15511	11049
15511	7297
15512	7094
15513	11165
15514	14692
15519	8045
15520	7851
9653	9660
9653	14715
15523	14561
8567	8561
8567	1309
8567	4323
9746	9864
9746	11810
15528	9309
15528	12287
15528	12614
15529	11230
15533	11637
15535	3212
9878	3093
15547	4396
8869	8872
15548	2143
15548	6407
11462	12327
15549	23
9781	2104
9781	9376
9781	4149
9781	4784
15554	4326
15555	4323
8568	8886
15556	406
15557	3971
15557	5287
15562	14807
15562	3664
15564	2349
15564	5279
15564	5288
15567	8588
15568	9586
15568	12828
15568	10019
15569	9847
15571	1255
15571	8003
8768	1576
8768	10610
15573	9034
10031	8562
15575	10270
15576	5412
8712	8692
8712	8697
8712	8707
8892	14138
8892	298
15584	11236
15585	12742
15586	9681
15586	11997
15586	12145
15586	14142
15586	12146
15586	12794
10317	13262
14518	15591
14518	4874
15592	6478
15593	10418
15593	8607
15593	9672
15594	6233
15597	10011
9907	13285
9907	8796
9907	6090
15599	8562
15600	5202
15606	1039
15606	3218
15607	15608
15612	3795
15614	265
15360	13723
15360	6478
14472	15190
15627	5796
9934	9309
9934	6525
9934	6823
8714	10295
8714	8702
8714	6337
8624	3937
9782	9776
15637	12674
15637	6101
15644	12558
9701	4323
15648	8045
15598	1681
15653	10368
15653	2825
15653	2715
15653	10370
15653	6747
15657	3626
15660	12535
15663	11704
15664	8357
15664	10145
15665	2509
15666	12135
15666	10020
15666	10021
15666	15297
15667	11292
15670	9927
15670	8904
15672	15318
8893	12757
8893	8894
8893	5973
10055	9135
10055	10053
10055	9990
10055	8549
10055	8705
10055	7023
15673	8981
15678	13494
15680	14681
15680	14968
15680	3131
15685	1894
15685	4321
15685	6075
15692	2330
15693	4090
15693	5693
10056	13705
9694	4149
15700	4505
15705	9180
15706	12762
15707	15709
15711	9865
10015	10008
15714	3929
15262	5985
15720	11289
15720	14264
15720	6926
15726	14666
15729	12796
8715	8696
8715	8713
15735	657
15735	691
15736	12042
15736	3409
15737	7932
15738	13095
15738	5043
15738	4326
15739	5731
15741	9668
15741	13936
15741	6889
15743	13529
9935	9927
9935	6265
9936	9927
15746	7938
15746	3983
15746	4790
15746	5757
15751	8785
15751	8892
15751	4323
15751	8901
15752	6599
15753	10459
15755	11017
15755	14753
15756	9026
15757	8278
15757	13235
15757	6478
15757	7025
9938	11176
9938	3971
15760	8015
15760	6256
15760	7609
9783	9795
9783	5721
9783	6033
9783	7932
15762	1581
9972	7154
9972	5660
15766	9810
15766	10209
15766	1717
8552	13354
9924	13760
9924	5442
9939	7625
9939	7609
15775	8374
15775	783
15775	3971
15775	4121
15778	10257
15778	4505
15779	15112
15780	14857
9747	9578
9747	5321
9747	6589
15794	7512
15796	4323
15796	4976
15796	7933
15797	6025
15799	15258
15799	3048
15802	7937
15805	15806
8769	7094
10074	6841
15810	14171
15812	1790
15812	6496
15820	12435
15820	8588
15820	14702
15820	6889
15820	7642
15822	15113
15822	646
15822	5203
15824	11933
15825	14037
15825	15297
15826	10600
15826	14681
15828	6255
15829	7504
15835	9986
15835	7549
15843	8377
15843	10123
15843	15602
15843	3664
15847	15846
15849	7732
15850	5926
15850	6827
15852	14366
15853	1878
15854	15756
8796	13926
15857	14647
15857	6584
15857	6744
15858	10191
15859	8929
15862	4796
15863	6582
15864	14124
15864	6835
15866	7709
15870	10012
15871	15531
15871	2550
15880	1717
15880	4108
15301	9930
10032	8890
15883	15528
15883	4323
15889	11523
8467	13365
15890	6406
15891	11792
15891	12512
15892	7859
8592	13999
8592	14068
8592	15341
8592	6888
8592	6881
15899	13130
15900	10245
8569	8559
8569	8567
15901	15903
15906	13692
15906	14692
15907	3953
15908	6977
9748	1564
15910	6337
15911	3864
15911	13518
9555	8676
15914	13807
15914	14270
15914	5578
9997	13252
9997	14846
15916	2298
15919	9399
15921	11533
15921	6823
15924	12094
15926	9940
15928	8889
15928	7779
15928	4851
15928	7347
8717	8694
8717	8697
8717	7549
15933	9682
8667	8664
15937	5358
15939	8856
15941	1287
15943	9592
15943	11144
15449	13023
15449	6422
15925	661
15951	14694
15955	13670
15955	15528
8718	14666
9914	11167
9914	4149
8719	10054
8719	4191
8719	11662
15960	8424
15960	8426
15962	3045
9720	8369
9720	14186
9720	7215
15968	15220
15969	8501
15969	15555
15969	15600
15969	6478
15971	8508
15972	14599
15974	13692
15976	9804
15976	14860
15980	8542
15981	8752
15981	4980
15984	8541
15985	15380
15987	15988
8720	8719
9654	3090
16002	13379
16002	14719
16006	11790
16009	6478
16010	1751
16015	4976
16015	9475
16019	387
13084	544
13084	10952
16020	2722
16020	4326
16021	2331
16022	12135
16022	12600
16022	12983
16022	11845
16023	9729
16023	9732
9750	8888
9750	8889
9750	248
9750	2722
16032	10250
16032	167
8722	12155
16035	5636
16035	6461
16036	12202
16038	8211
16038	13447
16038	14019
16038	5440
15988	15154
15988	9693
15988	15506
15844	7108
15844	9929
15844	13807
15844	968
15844	1631
15844	3780
15944	12539
15944	15448
16047	10098
16048	11671
16048	15341
16048	6823
16051	5984
16051	7936
16053	114
16053	846
16053	7826
8770	13872
8770	7386
16055	12141
16059	13684
16059	3443
16060	2270
16060	9003
9836	16070
16072	12763
16072	9927
8515	15360
8515	1829
8515	5112
9973	7285
16080	12429
15265	9812
16081	15644
16082	12163
16082	13448
16083	15048
16084	10277
8723	9381
8723	6337
16086	12648
9870	7094
16094	8542
16097	2655
16097	8968
16097	6701
16103	3428
16103	4097
16103	7131
16106	4149
16106	6337
16106	7318
16108	12773
15591	11033
16109	6833
16110	564
16114	3462
16115	15600
16121	15611
16121	7430
16122	9013
16123	7022
16124	10509
16126	1035
16127	7219
16131	9746
16135	15635
16136	11227
16136	15883
16136	5757
16136	7611
16138	13205
16139	7859
16140	3937
16144	861
16149	544
16149	3927
16149	3565
16151	12429
16151	10292
16151	16080
8808	8802
8808	8804
14479	8628
14479	7642
16158	14557
16160	3231
16163	9128
16163	8348
16166	13322
16166	636
16166	5264
16166	6349
16166	7459
16167	8582
16167	197
16169	2366
16173	11139
16182	12763
16187	6255
16195	8689
8777	14576
8777	7723
16197	15180
16198	15975
16201	9378
16201	12516
16202	1869
9751	5814
16206	1254
16214	4904
16214	5429
8724	9381
8724	15082
8724	8671
16218	15883
9975	9964
9975	4149
9975	7295
16219	10631
16219	16220
16221	16223
16225	11760
16226	12988
16226	6267
16227	15389
16229	6259
16233	13626
16233	6082
16233	7355
16236	10190
16236	15360
16237	10368
16239	928
16239	995
8861	14114
8861	5259
8861	6874
16243	11447
16244	3231
16248	4149
16251	9927
16251	14807
8527	12109
8527	14863
8600	8597
16252	12062
16254	3045
16257	3971
16258	8606
16258	10489
16258	14177
16258	5775
16258	5714
16258	7859
8553	10776
8553	9717
8553	10302
16269	15333
16269	1008
16269	2754
16269	2820
16269	6958
16269	9508
16271	4324
16272	13632
16272	49
16272	58
8633	2270
16275	1180
16275	971
16278	7290
16279	4680
16284	2103
16284	5442
16286	13877
16289	15920
16291	6055
8726	10245
8726	8693
8726	8549
16297	13877
16297	14372
16301	4295
16301	5116
16305	8820
16305	3971
16305	6823
9813	5985
16308	1128
16308	4294
16318	13390
16318	15404
16319	778
16319	4648
9785	9372
9785	9794
16335	13546
16335	5578
16336	10834
16342	10032
16342	198
16342	3555
16342	3939
16342	4295
16343	13665
16343	1717
8727	2894
16347	8612
16347	14769
16347	15866
16348	7188
16349	8393
16350	11940
16351	8542
16351	4510
16351	6478
8570	4841
9712	4692
9712	5731
16165	8501
16356	6823
16356	7769
8678	2367
8678	3433
16357	15987
16361	15796
16361	6901
16361	7932
16362	16011
16363	1024
16363	16365
16372	6320
16372	5306
16372	9851
16373	13289
16373	14941
16373	661
16382	12520
16382	6608
16386	9174
9976	6516
9976	7289
16389	8557
16389	14277
16395	9495
16395	13673
16395	3048
16400	14729
16404	8784
16404	7380
16405	14106
16405	1011
16407	9166
16412	7873
15945	6478
8728	11512
8728	7028
8729	8708
16422	9430
16422	6478
9786	9781
16424	9811
16425	4960
16434	13303
16434	9227
12786	10718
16437	15294
16443	11675
16443	856
16446	8884
16446	1127
16446	5037
16447	7163
8516	9865
16452	9865
16452	14801
16453	7956
16455	9877
16455	9878
16456	11202
16456	7546
16456	7548
16458	191
16458	1530
16460	8819
16460	4874
16462	1631
16462	1632
16466	8920
8896	12203
8896	9744
16457	12769
16457	9990
16457	7745
16470	3901
16471	5556
16479	12157
16486	2885
16488	2554
16491	13988
16494	11755
16495	10528
16496	16497
16499	15426
16504	8129
16504	10368
16504	13564
16504	1133
16504	1377
16504	3324
16504	4008
16504	6255
16504	7609
9879	14495
16509	11514
16509	6434
16511	8815
16515	12496
16515	15842
16515	4382
16515	6344
16523	699
16531	16533
16542	8182
8897	8906
8897	1900
16547	10028
16547	8569
16548	6478
16549	14867
16551	3006
16551	7254
16552	14324
16553	12961
16553	2270
16553	7718
9769	8890
16557	8700
16557	15206
16557	15763
16559	3448
8685	2360
16560	9357
16560	3982
16560	5931
16563	9250
9880	2155
8601	8881
8601	8886
8601	8887
8601	5068
16568	7171
16570	8601
16582	10246
16584	3579
8730	8845
10036	10031
10036	8472
16603	5129
16606	13933
16607	6188
16610	4606
9837	3683
16611	8191
16612	8010
16614	6374
16620	12882
16620	2034
16620	7940
16621	3530
8936	5393
8936	5466
16624	2409
16625	5747
9915	825
16627	549
16631	8097
16633	15449
16633	6478
16635	15711
16649	15984
10037	16301
10037	8570
16651	4191
16652	9966
16652	9970
16653	14521
16653	2581
16653	2720
8731	8369
8731	10880
8731	11869
8731	8709
8731	15664
8731	4326
8731	6347
8731	7322
16656	13117
16657	3958
16668	13977
16668	5510
16669	4149
16670	16672
16670	16673
9814	2277
16677	16678
16680	2270
16681	8308
16681	3676
16683	16213
16684	13692
16686	9868
16686	3971
16686	5048
16688	9875
16688	5933
16689	11337
16689	14694
16691	13652
9838	8558
9838	9508
16702	10905
16702	10253
16702	8542
16702	13413
16703	13419
9770	10032
16707	14109
16717	15418
16718	6823
8756	8748
8756	8750
16719	13683
16719	1252
16720	383
16720	8204
8757	13040
8757	15334
16724	5465
16724	6901
16726	6256
16732	15708
16735	4845
16735	1094
16741	167
16743	4311
16751	1204
16753	1113
16753	3688
16753	6670
16758	15600
16758	7123
16761	8905
16761	1501
16761	7588
16764	5226
16766	12107
8571	8754
16767	383
16769	4226
16771	5928
16772	8903
16772	14030
16774	14352
16777	13413
16777	15700
16778	15762
16778	6827
16782	7733
16788	8983
16790	15833
9815	1993
16793	6342
16794	8557
16794	1161
16794	2338
16797	16660
16798	2964
16798	4976
8909	11488
8909	3409
9977	5448
9978	10570
16803	8581
16804	9692
16806	8752
16809	8584
16809	4874
16811	1164
16813	13320
8758	8753
16815	3542
16822	15379
16823	14188
8528	5920
16829	11090
16831	9815
16832	14158
16833	12522
16833	10288
16833	2366
16833	5183
16833	6348
16834	15728
16841	8541
16841	13948
16841	15376
16841	8718
16841	6834
16841	6829
16850	15546
16850	6201
16850	12734
16851	1958
16852	8820
16852	6822
16855	13865
16855	4582
16857	3937
8459	7023
16859	15412
16861	4582
10058	8735
10058	15947
16883	8560
8898	12966
8898	9741
8898	6000
8898	6827
16892	3273
16892	11052
16895	12017
16899	15801
9655	9653
9655	1160
9655	2375
16905	14603
16907	6258
16909	16622
16909	9540
16916	5311
16924	10574
9960	8415
9960	10992
9960	15597
9960	3319
9960	5282
9960	5486
9960	10097
16939	12250
16942	15263
16942	1993
16942	3541
16942	4007
16942	4505
16942	6966
16942	7454
16943	6075
16944	9643
16945	11942
16945	9674
16945	6890
16948	11003
16949	11234
16949	12758
16949	12937
16949	8904
16949	675
16950	14207
16950	5601
16951	16333
16951	10520
16951	3393
16957	6765
16958	14698
16958	12957
16959	13402
16961	13697
16967	16454
16970	16172
16974	3244
16759	16836
16977	5855
16977	6455
8470	11426
8470	8219
16990	16022
16994	14797
16994	4356
17002	8132
17004	6363
17005	9328
17005	9669
17006	8526
17006	1065
17006	6592
17006	3322
8733	5926
17007	15971
17007	16361
17007	16453
17007	4248
17022	14519
8810	9083
17024	4445
17025	8057
17026	1004
17026	3428
17027	10830
17027	10661
17029	9691
8910	9093
8910	10234
8910	10027
8910	8472
17031	9589
8734	8733
8734	1035
8573	8883
8573	8565
8573	8567
17039	1717
17039	6966
17039	7454
9855	12725
17047	9589
17049	9378
17049	8829
17049	15767
17049	16201
17049	6893
17049	7642
17052	15527
17052	7220
17053	6739
10040	1694
17059	11082
17059	14273
17059	194
17059	326
17059	385
17059	4671
17059	5174
17059	9088
17065	3900
8735	8706
8735	8734
8735	6337
17069	3154
17069	11093
9760	17070
17074	1013
17074	9792
17077	1907
17080	15804
17081	15404
17083	11660
17083	3067
17085	12562
17085	6362
17095	10206
17095	3186
17095	7401
17095	9344
17095	4779
17097	8881
17097	8598
17097	14522
8736	4323
17098	10053
17098	11592
17103	9938
8614	8608
17105	8898
17111	9677
17114	5403
17116	2550
17109	8881
17109	2967
8737	9381
8737	5858
8737	7462
8899	856
17117	3154
17117	10868
8644	9460
17120	8818
17120	6823
16930	9956
16930	7860
17121	7563
10041	10024
10041	3090
17054	6478
17054	7350
17124	926
17126	17121
17126	5930
17129	712
8593	549
8738	8733
17134	13475
17135	9381
17135	8693
17136	12006
17141	8464
17146	1975
17148	8308
17148	6002
10060	10245
17155	6149
17156	6643
17157	6737
17159	8936
17159	2226
9917	1013
9917	4256
17161	15114
17164	10060
17165	2719
8739	8737
8739	636
17174	15821
17174	8797
8760	8758
8760	10041
8518	9868
8625	3354
8625	4904
17175	11423
17175	15738
17175	9973
17175	7156
17175	7290
17177	14357
17181	2088
17181	4837
17187	15277
9736	3971
9715	335
9754	971
9658	3944
9658	7984
17192	3896
17195	4323
17195	4805
17195	6424
17201	10011
17201	9735
17201	3971
17204	15261
17204	968
17205	16751
17206	2165
17207	1035
9755	9746
9755	9752
9755	4121
17211	16930
17213	17217
17220	4326
17220	7660
17223	4040
8602	8557
8602	2576
17227	2038
17228	7409
17235	4149
17236	12191
17238	7268
17241	4887
10042	9770
10042	8910
8740	8736
10061	4589
17252	7687
17253	7650
9918	7805
17256	14192
17260	14471
17260	10360
17267	15965
17269	14673
17269	16979
8741	8692
17278	16455
17279	13650
17280	856
17280	2806
17280	6478
17280	7399
10043	15600
17294	4816
17294	12734
17296	8887
17296	1115
17296	4121
17298	3942
9816	16350
9816	7022
9816	7546
17302	11676
17304	8528
17305	6080
17306	9231
17306	12497
17306	267
17307	3101
17312	6835
17313	11747
17313	15299
8506	8517
17321	6891
8626	8628
8605	8607
8605	8613
8742	8698
8742	8715
8521	8522
10044	9769
17325	13285
17325	6461
8635	8643
8635	8646
8635	8648
17326	8597
8615	8616
17328	16051
17328	6874
17323	12689
17330	11279
17332	11019
8534	8536
8673	8283
17334	11698
17337	6736
8880	8891
8880	8892
8880	8895
8679	8680
8686	8689
10045	10029
10045	8910
10045	1183
17339	8560
17339	16545
8902	8905
8554	8572
8554	8578
8621	8623
8621	5359
8621	8210
17346	280
17346	1106
17347	17131
17349	12859
17356	3046
17357	14699
17359	8125
10062	8736
17360	15520
17360	3838
17360	6675
9817	15982
17364	7028
17364	10825
17365	7640
8595	8598
8595	8602
8595	8603
8595	5903
17380	7808
17381	15036
9723	16299
9723	9722
17384	1137
17385	8931
17385	15854
17385	2573
17387	11227
17388	17276
17392	7548
15990	2506
17394	119
17397	11898
17397	8550
17401	12287
17401	17142
17403	4685
17407	10807
17407	10302
17408	8610
17408	7094
17408	10909
17417	14666
17422	8610
17422	6894
17423	12053
17423	4683
17428	13684
17428	194
17428	2228
17430	3838
17430	6255
17430	7721
17431	465
17433	17333
17434	880
17435	8897
17436	16026
8799	8815
17440	2604
8839	7483
17442	966
10046	3040
10046	8008
17451	11804
17451	11806
16524	13940
17452	14552
17452	16275
17454	8560
8843	5311
10063	8696
10063	16164
10063	8256
17461	855
17461	1709
17462	16690
9882	8509
9882	6898
8468	8470
9892	8804
17465	6165
17470	3304
17471	9565
17471	15853
17471	9754
17473	13419
17473	9732
17473	3971
10064	8737
17476	7654
17477	11334
17481	9668
17481	12516
17481	12763
17481	15308
17481	14702
17481	16002
17481	16373
17481	5931
17481	6122
8851	1991
8851	5760
8851	7215
17412	5239
17485	5272
17492	15232
17492	7897
17493	12385
17494	12819
17495	3792
17496	1254
17496	1011
17497	8817
17497	9866
17497	267
17501	1717
13594	12168
13594	7538
17510	8598
9884	7490
17514	15222
17514	16201
17514	2594
10065	13965
10065	4149
10065	8257
17519	17301
10066	8729
17530	6649
17533	13126
17533	1367
17534	10325
8484	8485
8484	654
8484	2127
17540	3129
17540	10549
17541	3466
17541	17543
17549	15757
17549	15835
17556	17557
17558	9233
17558	9234
17559	14254
17559	8763
17560	6339
17564	15568
17564	17212
17565	4727
17567	1250
17567	1716
17567	1751
17567	3147
17567	5097
17567	4993
17570	8016
17570	10784
17571	10435
17573	14557
9697	1024
9697	2446
9772	9773
9772	3123
9772	9796
10068	1035
10068	4149
17578	10265
17581	13394
17581	16171
17581	7065
9982	9987
9716	6478
9809	9810
9818	8811
9818	3486
9818	7474
9856	10022
9699	8251
16862	9986
16862	12359
16862	6833
9824	9826
10023	8748
10023	10025
10023	8891
10023	2786
10023	8472
17588	12021
17589	2270
17589	3990
17589	4737
17589	5065
17589	6948
10047	8434
10052	10053
10052	8719
10052	9760
10052	10062
10052	6337
17590	16425
17591	15324
17591	15980
17591	16236
17592	12139
17594	12983
17594	7182
9728	9729
9852	8796
9739	8884
9739	9749
9739	9756
9706	9707
9706	4362
9709	4323
9709	7735
17600	6889
17600	7170
17600	6822
17601	8507
17601	3426
17602	8695
17602	8470
17602	9656
9648	9658
9648	937
9648	4648
9863	8508
9863	9868
9863	8793
9863	2825
17610	1495
17610	7545
17610	7818
17611	9990
17611	16758
17611	4326
17611	5599
17611	7023
17612	8927
17612	5378
17613	1087
17613	1089
17613	17194
9886	6822
9886	6823
17616	14178
9962	3971
17619	10063
17620	16333
17621	1596
17621	9895
17631	14673
17631	2480
17631	10544
17632	10039
17632	17369
17633	4326
17633	6072
17633	7458
17635	8897
9896	9897
17639	14275
17639	8896
17640	11723
17647	8541
17647	10209
17647	8460
17647	1011
17648	15307
17648	10038
17649	13478
17650	13736
17651	15037
17657	167
17661	9924
17661	17359
17661	1911
17661	2576
17665	2898
17670	8015
17671	1776
17672	3796
17672	3542
17672	4321
17672	14049
17674	9673
17674	8592
17675	5246
17675	7672
17679	1709
17329	13877
17329	17329
17681	6736
17685	16035
17685	5637
17686	8720
17686	10065
9756	10356
9756	7406
17692	15589
9908	3367
17697	8859
9911	7802
9911	9914
9911	9916
17699	14106
17704	15528
17704	15691
17704	16949
17704	17433
17705	11067
17707	10296
17708	15667
17708	2581
17709	14376
17709	15931
17711	9180
17711	10591
17711	9668
17711	8612
17712	10327
17712	11667
17713	4376
8798	16660
8798	2368
9687	9689
17720	8931
17720	8614
17723	16453
17724	12983
17727	766
17727	4259
17730	8881
17730	13167
17732	8559
17732	7936
17733	15971
17733	16967
17733	6337
17733	7566
17735	7934
17580	8541
9941	9366
9941	9945
17739	15128
17739	16464
17744	5368
17748	14486
17748	16136
16592	8739
17751	6817
17754	1000
17756	213
17756	10346
16593	10054
16593	8691
17757	7871
17757	16898
16594	8723
16594	17602
15946	4396
17762	4667
17749	8015
17749	14220
17764	2552
17764	2803
17768	17673
17770	8558
17773	15381
9696	8465
17778	2152
17779	9233
17779	17585
9963	6515
17783	5858
17785	16294
17792	645
