65	66
65	67
68	69
68	70
68	71
68	72
68	73
68	74
68	75
76	77
76	78
76	79
76	80
76	81
76	36
76	82
76	83
76	84
76	85
76	86
76	87
76	88
76	89
76	90
76	91
76	92
76	93
76	94
76	95
76	96
76	97
76	98
76	99
100	101
102	103
102	104
102	105
102	106
102	107
102	108
102	109
102	110
102	111
102	112
113	114
113	115
113	116
113	117
113	118
113	16
113	119
113	120
113	121
113	122
113	123
124	125
124	126
124	127
124	128
124	129
124	130
124	131
124	132
124	133
124	134
124	135
136	137
136	69
136	138
136	70
136	71
136	72
136	73
136	139
140	71
141	142
141	143
141	144
141	145
141	146
141	21
147	142
147	144
147	148
147	149
147	150
147	151
147	146
147	21
152	153
152	154
152	155
152	156
152	157
152	158
152	159
152	160
152	161
162	163
162	164
165	166
165	167
165	168
165	169
165	170
171	172
171	173
171	174
171	175
171	176
177	178
177	179
180	181
180	182
180	36
180	183
180	184
180	185
180	186
180	187
180	188
189	190
189	191
192	193
192	194
192	195
192	196
192	197
198	199
198	200
198	201
198	202
198	203
198	204
205	206
205	207
205	208
205	209
205	210
211	212
213	41
213	37
213	214
215	216
215	217
215	218
215	219
215	220
215	221
222	223
222	200
222	224
222	225
222	226
222	227
228	45
228	229
228	230
231	70
231	71
231	72
231	232
231	233
234	235
234	236
234	237
238	239
238	240
238	220
238	241
238	242
243	244
243	245
243	246
247	216
247	248
247	249
250	251
252	253
252	254
252	255
252	256
252	257
252	258
259	260
259	146
261	262
263	264
263	265
263	266
263	267
263	25
263	268
263	269
263	270
263	271
263	272
263	273
263	274
263	275
263	276
263	277
263	278
263	279
263	280
263	281
263	282
263	283
263	284
263	285
263	286
287	288
287	216
287	289
287	290
287	239
287	217
287	291
287	292
287	293
287	294
287	295
287	296
287	297
287	298
287	299
300	301
300	302
303	304
303	305
303	306
303	307
303	308
303	309
310	311
310	267
310	270
310	312
310	313
310	314
310	315
310	316
310	317
318	319
318	320
318	114
318	115
318	321
318	322
318	118
318	16
318	119
318	323
318	324
318	195
318	121
318	325
318	122
318	123
318	113
318	326
327	328
327	329
327	330
331	332
331	333
334	335
336	337
336	338
336	339
336	340
336	341
336	164
336	342
336	343
336	344
336	345
336	346
336	347
348	349
348	350
351	352
351	353
354	355
354	356
354	357
358	359
358	360
358	361
358	362
358	363
364	365
364	366
364	367
364	368
364	369
364	370
364	371
372	373
372	374
372	375
372	376
377	378
377	379
377	380
377	381
377	382
377	383
377	384
377	385
377	386
377	387
377	388
389	390
389	391
389	392
393	212
393	394
393	395
396	397
396	398
396	399
396	400
396	401
396	402
403	404
403	405
403	406
403	407
403	408
403	409
403	311
403	410
403	411
403	267
403	412
403	270
403	312
403	313
403	413
403	414
403	415
403	416
403	417
403	418
403	419
403	420
403	421
403	422
403	423
403	275
403	424
403	316
403	425
403	426
403	427
403	428
403	429
403	430
403	431
403	432
403	433
403	434
403	435
403	436
403	437
403	438
403	439
403	440
403	441
403	442
403	443
403	444
403	445
403	446
403	447
403	448
403	449
403	450
403	451
403	197
403	452
403	453
403	285
403	454
403	385
403	388
455	456
455	457
455	439
455	458
459	460
459	461
459	462
459	190
463	464
463	465
466	467
466	468
469	470
469	471
469	375
469	315
469	431
469	472
473	474
473	475
473	476
477	478
477	479
477	480
477	481
482	474
482	253
482	254
482	483
482	484
482	475
482	412
482	485
482	486
487	200
488	489
488	490
488	491
488	311
488	267
488	492
488	493
488	270
488	494
488	495
496	497
498	499
500	501
500	502
500	503
504	505
504	506
507	508
509	128
509	129
509	130
509	131
509	134
509	124
509	510
509	511
509	512
509	513
514	515
514	516
517	289
517	518
517	519
517	194
520	521
522	523
522	524
522	525
526	356
526	527
526	528
526	357
529	530
531	532
531	533
531	534
535	114
535	118
535	16
535	324
535	121
536	537
536	538
536	41
539	45
539	125
539	127
539	131
539	285
539	511
539	512
540	541
542	543
542	383
542	544
542	388
545	546
545	547
545	548
545	549
550	388
551	552
551	199
551	223
551	553
551	200
551	201
551	554
551	555
551	556
551	557
551	558
551	324
551	559
551	202
551	560
551	561
551	222
551	473
562	71
563	128
563	129
563	130
563	131
563	132
563	133
564	565
564	566
564	366
564	567
564	568
564	569
564	570
564	571
564	572
564	573
564	574
564	575
564	576
564	577
564	578
564	579
564	580
564	581
564	582
564	583
564	584
564	585
564	586
564	587
564	588
589	590
589	591
589	592
589	593
594	595
596	597
596	142
596	20
596	144
598	599
600	601
600	175
600	602
603	23
603	24
603	35
603	25
603	604
605	411
605	606
605	383
605	544
607	608
607	609
607	610
607	611
607	612
607	613
607	614
607	615
607	616
607	617
607	618
607	619
607	620
607	621
607	622
607	623
607	624
607	625
607	626
607	627
607	628
607	629
607	630
607	631
607	632
607	633
607	634
607	635
607	636
607	637
607	638
607	221
607	639
607	640
641	438
641	214
642	643
642	644
642	645
642	646
642	647
642	648
642	649
650	651
650	652
650	653
650	654
650	655
650	656
650	657
650	658
650	659
650	660
650	253
650	661
650	662
650	663
650	254
650	664
650	665
650	483
650	408
650	666
650	484
650	667
650	668
650	669
650	670
650	671
650	672
650	673
650	29
650	674
650	675
650	676
650	30
650	677
650	678
650	15
650	679
650	680
650	681
650	682
650	425
650	31
650	683
650	684
650	685
650	686
650	27
650	687
650	688
650	689
650	690
650	361
650	691
692	693
692	578
692	694
692	695
692	696
692	697
698	699
698	700
698	701
698	702
698	703
704	289
704	518
704	705
704	706
704	707
704	708
704	194
704	219
704	221
704	709
710	711
710	411
710	712
710	713
710	515
710	714
710	425
710	715
710	716
710	717
710	718
710	438
710	719
710	720
710	445
710	721
710	722
710	384
710	403
723	724
723	340
723	725
723	277
723	726
723	727
723	728
729	541
729	730
731	732
731	285
731	511
731	733
734	735
734	736
734	737
734	738
734	739
734	740
734	741
734	742
734	743
734	744
734	745
746	747
746	748
