5862	1079
5862	720
5862	383
5862	1567
5862	1787
5862	2670
5862	1570
5862	1914
5862	2148
5862	5863
5862	5864
5862	5865
5862	5866
5867	1830
5867	1831
5867	1995
5867	3424
5867	5535
5867	5868
5867	5869
5867	5073
5867	5542
5867	5870
5871	1079
5871	383
5871	2670
5871	2928
5871	5864
5871	5866
5871	5862
5872	1625
5872	3598
5872	3953
5872	3954
5872	5873
5872	5874
5872	5437
5872	5875
5876	55
5876	214
5876	383
5876	544
5876	979
5876	982
5876	986
5876	973
5876	1103
5876	1785
5876	1786
5876	1788
5876	1803
5876	4187
5876	2308
5876	2016
5876	2029
5876	2032
5876	2034
5876	2026
5876	2302
5876	2901
5876	2902
5876	5877
5876	5878
5876	3033
5876	2900
5876	3090
5876	4419
5876	5879
5876	3889
5876	5366
5876	5880
5876	5881
5876	5882
5876	5883
5876	5884
5876	4424
5876	5885
5886	1711
5886	3596
5886	4108
5886	2999
5886	3597
5886	3976
5886	4008
5886	5435
5886	5748
5886	4957
5886	5145
5886	5286
5886	5887
5886	5750
5888	5372
5888	5889
5890	1629
5890	1583
5890	1584
5890	2505
5890	2006
5890	2724
5890	2725
5890	3596
5890	5891
5890	3976
5890	4149
5890	4488
5890	4326
5890	5892
5890	4490
5890	4396
5890	4807
5890	5128
5890	5847
5890	5129
5890	5893
5890	5894
5895	383
5895	544
5895	5896
5895	2928
5895	3256
5895	4723
5895	4752
5895	4749
5895	5897
5898	856
5898	1694
5898	1117
5898	1005
5898	1315
5898	1503
5898	2446
5898	2786
5898	4415
5898	3519
5898	4410
5898	4291
5898	4149
5898	4321
5898	4323
5898	4326
5898	4376
5898	4382
5898	4390
5898	4490
5898	4492
5898	4733
5898	5899
5898	5069
5898	5037
5898	5038
5898	5558
5898	5559
5898	5900
5898	5901
5898	5902
5898	5903
5898	5904
5905	411
5905	2018
5905	714
5905	5906
5905	383
5905	544
5905	1080
5905	4480
5905	3932
5905	5907
5905	5908
5905	5361
5905	5909
5910	471
5910	5911
5910	226
5910	1573
5910	2091
5910	3855
5910	5912
5910	5913
5910	5914
5910	5915
5916	5917
5916	5918
5916	3264
5916	5919
5916	5920
5916	5921
5922	1693
5922	1823
5922	1632
5922	1680
5922	3188
5922	4217
5922	4149
5922	4323
5922	4326
5922	4797
5922	4692
5922	5731
5922	5230
5922	5779
5922	5803
5922	5923
5922	5924
5922	5925
5922	5926
5927	5928
5927	4108
5927	4149
5927	5929
5930	3319
5930	1833
5930	2366
5930	2507
5930	3327
5930	3971
5930	3982
5930	5279
5930	5281
5930	5931
5930	5485
5930	5287
5930	5932
5930	5578
5930	5933
5930	5734
5930	5934
5935	3007
5935	3008
5935	4926
5935	4919
5935	5936
5935	5937
5938	1649
5938	383
5938	544
5938	5939
5938	1653
5938	1134
5938	1135
5938	1625
5938	2447
5938	2238
5938	2391
5938	1503
5938	1805
5938	1751
5938	4270
5938	2450
5938	3105
5938	5940
5938	2718
5938	2446
5938	5764
5938	5941
5938	4655
5938	4263
5938	4731
5938	5942
5938	2786
5938	3258
5938	3201
5938	5943
5938	3953
5938	3954
5938	5944
5938	3650
5938	4290
5938	3957
5938	4292
5938	4296
5938	5945
5938	4953
5938	4269
5938	4657
5938	4661
5938	4884
5938	4654
5938	4901
5938	4733
5938	4807
5938	5069
5938	5946
5938	5733
5938	5362
5938	5438
5938	5947
5938	5948
5938	5949
5938	5950
5938	5679
5938	5951
5938	5952
5938	5953
5938	5954
5938	5955
5938	5956
5938	5957
5938	5958
5959	407
5959	5301
5959	1560
5959	3229
5959	3530
5959	3231
5959	3233
5959	4024
5959	5960
5959	5961
5959	5962
5959	5963
5959	5036
5959	5027
5959	5440
5959	5307
5959	5964
5959	5965
5959	5966
5959	5967
5968	4149
5968	4323
5968	4326
5968	4396
5968	4653
5968	4799
5968	4794
5968	5653
5968	5446
5968	5655
5968	5969
5968	5970
5968	5971
5968	5972
5973	559
5973	197
5973	561
5973	299
5973	2273
5973	3427
5973	1707
5973	1342
5973	1020
5973	1021
5973	3068
5973	1024
5973	1025
5973	1369
5973	1011
5973	1371
5973	1309
5973	1377
5973	1625
5973	2447
5973	1717
5973	1680
5973	1682
5973	3348
5973	3335
5973	2271
5973	2366
5973	2402
5973	4356
5973	3610
5973	3504
5973	3424
5973	3420
5973	3426
5973	3948
5973	5535
5973	5868
5973	5377
5973	3724
5973	4606
5973	5974
5973	5112
5973	5256
5973	5779
5973	5257
5973	3432
5973	3433
5973	5975
5973	3434
5976	5977
5976	5978
5976	1076
5976	3578
5979	3155
5979	1342
5979	5980
5979	1993
5979	1994
5979	1717
5979	1996
5979	2283
5979	2399
5979	3255
5979	5981
5979	4376
5979	4505
5979	5120
5979	5982
5979	4993
5979	5983
5979	5984
5979	5985
5979	5986
5979	5987
5979	5975
5979	5988
5989	1117
5989	1629
5989	1579
5989	1581
5989	1505
5989	1583
5989	1584
5989	2699
5989	2724
5989	2725
5989	2729
5989	2736
5989	3046
5989	3596
5989	4052
5989	5990
5989	3045
5989	3562
5989	3563
5989	3953
5989	3954
5989	4222
5989	4149
5989	4488
5989	4321
5989	5892
5989	4490
5989	4359
5989	4484
5989	5991
5989	5128
5989	5847
5989	5129
5989	5227
5989	5721
5989	5992
5989	5993
5989	5994
5989	5894
5989	5890
5989	5898
5989	5995
5989	5955
5996	5323
5996	1823
5996	2353
5996	1572
5996	1885
5996	2356
5996	1889
5996	1204
5996	2047
5996	1697
5996	1581
5996	2091
5996	2603
5996	3912
5996	4149
5996	4323
5996	4326
5996	4396
5996	5325
5996	5326
5996	5327
5996	5148
5996	5329
5996	5732
5996	5317
5996	5314
5996	5322
5996	5912
5996	5997
5996	5914
5996	5998
5996	5915
5996	5999
5996	6000
5996	6001
5996	6002
5996	6003
5996	5910
6004	39
6004	6005
6004	383
6004	544
6004	1087
6004	1915
6004	982
6004	1919
6004	1495
6004	2151
6004	1751
6004	1752
6004	4270
6004	2156
6004	2032
6004	2157
6004	4271
6004	3925
6004	3105
6004	2161
6004	6006
6004	3605
6004	3927
6004	3929
6004	4032
6004	3956
6004	6007
6004	4657
6004	6008
6004	4661
6004	4654
6004	4730
6004	6009
6004	6010
6004	5686
6004	5763
6011	2270
6011	2550
6011	5063
6011	4603
6011	5353
6012	856
6012	1024
6012	2597
6012	2270
6012	2349
6012	2350
6012	2550
6012	2734
6012	2772
6012	2777
6012	2778
6012	4895
6012	2829
6012	4710
6012	3843
6012	3844
6012	3794
6012	3798
6012	5511
6012	6013
6012	6014
6012	6015
6012	4897
6012	5349
6012	6016
6012	4606
6012	3971
6012	6017
6012	5351
6012	5215
6012	5352
6012	5216
6012	6018
6012	5512
6012	5353
6012	6019
6012	4609
6012	4605
6012	5379
6012	5513
6012	4707
6012	5218
6012	6020
6012	6021
6012	5347
6012	5510
6012	6022
6012	6023
6012	6024
6012	6025
6012	6026
6012	6027
6012	6028
6012	6029
6030	6031
6030	6032
6033	321
6033	761
6033	1120
6033	6034
6033	6035
6033	1576
6033	6036
6033	4149
6033	4240
6033	4260
6033	4323
6033	4326
6033	4807
6033	4976
6033	5188
6033	5189
6033	5603
6033	5720
6033	5721
6033	5722
6033	5797
6033	5857
6033	5994
6037	6038
6039	6040
6039	6041
6039	4024
6039	4149
6039	6042
6039	4323
6039	4326
6039	4379
6039	4380
6039	4396
6039	5036
6039	6043
6039	5440
6044	700
6044	5005
6044	4149
6044	4806
6044	4323
6044	4326
6044	4653
6044	4600
6044	6045
6044	4976
6044	6046
6044	5243
6044	5923
6044	6047
6044	6048
6044	6049
6044	6050
6051	3722
6051	2445
6051	6052
6051	6053
6051	6054
6055	1572
6055	299
6055	856
6055	761
6055	1115
6055	1117
6055	1887
6055	1315
6055	6034
6055	1576
6055	1750
6055	2268
6055	3339
6055	2793
6055	3564
6055	3652
6055	3703
6055	4672
6055	4149
6055	4260
6055	4874
6055	4326
6055	4653
6055	4976
6055	5239
6055	5721
6055	5797
6055	5857
6055	5994
6055	6056
6057	1011
6057	1204
6057	1711
6057	1993
6057	3059
6057	1717
6057	6058
6057	1996
6057	3057
6057	4505
6057	6059
6057	6060
6057	5987
6057	6061
6062	1127
6062	2152
6062	3520
6062	4376
6062	4382
6062	4390
6062	4567
6062	6063
6062	6064
6062	6065
6062	5662
6066	1035
6066	3186
6066	3188
6066	4217
6066	4149
6066	4321
6066	4323
6066	4326
6066	4379
6066	4380
6066	4383
6066	4604
6066	6067
6066	4807
6066	6068
6066	5047
6066	6069
6066	5235
6066	5912
6066	6070
6066	6071
6066	6072
6066	6073
6074	1035
6074	4149
6074	4323
6074	4326
6074	4807
6074	4692
6074	5242
6074	6070
6074	6071
6074	6072
6074	6075
6074	5926
6076	3057
6076	6077
6076	5667
6076	5668
6076	5923
6076	5926
6076	6078
6079	1916
6079	1919
6079	2151
6079	1920
6079	1914
6079	6080
6079	2160
6079	4318
6079	2768
6079	4320
6079	6081
6079	4149
6079	6082
6079	4323
6079	4326
6079	6083
6079	6084
6079	5447
6079	5657
6079	6085
6086	1823
6086	1572
6086	4149
6086	4326
6086	4696
6086	5226
6086	4693
6086	4784
6086	4976
6086	6087
6086	5796
6086	5227
6086	5221
6086	6088
6086	6089
6086	5797
6086	6090
6086	6091
6092	988
6092	1495
6092	3348
6092	1751
6092	1837
6092	3424
6092	3426
6092	5535
6092	5868
6092	4269
6092	5503
6092	4654
6092	5256
6092	5757
6092	5542
6092	5530
6092	3432
6092	3433
6092	5870
6092	6093
6092	5867
6092	6094
6095	2635
6095	6096
6095	1008
6095	880
6095	6097
6095	1118
6095	2155
6095	2270
6095	2349
6095	2574
6095	2550
6095	4356
6095	3610
6095	3354
6095	3356
6095	5350
6095	3971
6095	5353
6095	4901
6095	4807
6095	4904
6095	5429
6095	5510
6098	2566
6098	1020
6098	1024
6098	1376
6098	1377
6098	1495
6098	1625
6098	2416
6098	2546
6098	2568
6098	2366
6098	4263
6098	2960
6098	2999
6098	3411
6098	5110
6098	3967
6098	4615
6098	6099
6098	4619
6098	6100
6098	6101
6098	6102
6103	6104
6103	6105
6103	6106
6103	6107
6108	700
6108	3358
6108	966
6108	636
6108	6109
6108	1337
6108	6110
6108	2135
6108	6111
6108	1339
6108	6112
6108	4149
6108	4323
6108	4326
6108	4789
6108	4347
6108	4396
6108	5242
6108	5731
6108	6113
6108	6114
6108	6070
6108	6071
6108	6072
6108	6075
6108	6115
6078	5413
6078	1117
6078	1374
6078	1894
6078	2773
6078	2775
6078	2720
6078	4149
6078	4323
6078	4326
6078	4396
6078	5229
6078	4797
6078	4807
6078	4692
6078	5053
6078	5731
6078	5326
6078	5230
6078	6077
6078	5667
6078	5668
6078	5923
6078	6116
6078	5666
6078	5926
6078	5999
6078	5922
6078	6074
6078	6076
6078	6117
6078	6118
6119	6120
6119	1544
6119	3250
6119	6121
6119	5264
6119	6122
6119	6123
6119	6124
6125	700
6125	5005
6125	6126
6125	1577
6125	3186
6125	3188
6125	4217
6125	4149
6125	4806
6125	4323
6125	4326
6125	6127
6125	6128
6125	6048
6129	1019
6129	2416
6129	3255
6129	3258
6129	3678
6129	6130
6129	6131
6129	4399
6129	4841
6129	5206
6129	6132
6129	5758
6129	6133
6134	778
6134	1703
6134	1026
6134	1315
6134	4882
6134	1709
6134	2152
6134	2025
6134	1835
6134	1719
6134	2344
6134	1748
6134	2347
6134	2343
6134	2446
6134	2786
6134	2781
6134	3513
6134	3042
6134	3043
6134	3044
6134	3026
6134	3516
6134	4287
6134	4134
6134	4135
6134	4305
6134	4376
6134	4496
6134	6135
6134	4393
6134	4394
6134	4438
6134	4662
6134	4885
6134	4841
6134	5198
6134	4842
6134	5406
6134	4881
6134	5408
6134	5208
6134	5404
6134	5416
6134	5662
6134	6136
6137	6138
6137	6139
6137	6140
6141	700
6141	6142
6141	3359
6141	5005
6141	1576
6141	1630
6141	4149
6141	4191
6141	5006
6141	4806
6141	4323
6141	4326
6141	4653
6141	6143
6141	4600
6141	6045
6141	5053
6141	4976
6141	6046
6141	5243
6141	5721
6141	6144
6141	6048
6141	6050
6141	6044
6145	979
6145	6146
6145	2660
6145	6147
6145	6148
6149	6150
6149	267
6149	270
6149	6151
6149	429
6149	1699
6149	2030
6149	2270
6149	2732
6149	2773
6149	2775
6149	2777
6149	6152
6149	3147
6149	6153
6149	4736
6149	3786
6149	5062
6149	5063
6149	4605
6149	4738
6149	5065
6149	5074
6149	5730
6149	6154
6149	5070
6149	6155
6149	6156
6149	6021
6149	6157
6149	6158
6149	6159
6149	6160
6149	6161
6149	6162
6163	700
6163	1576
6163	4149
6163	4191
6163	4323
6163	4326
6163	4695
6163	4600
6163	4976
6163	6046
6163	5243
6163	6047
6163	6048
6163	6050
6164	6165
6164	6166
6164	6167
6164	6168
6164	3668
6164	6169
6164	6170
6164	6171
6164	6172
6164	6173
6164	6174
6175	3526
6175	3231
6175	3233
6175	6176
6175	5086
6175	6052
6175	6177
6175	5669
6175	6178
6175	6179
6180	281
6180	383
6180	544
6180	385
6180	5405
6180	979
6180	980
6180	982
6180	986
6180	973
6180	1103
6180	1785
6180	1786
6180	1801
6180	1802
6180	1803
6180	2308
6180	1790
6180	1794
6180	1754
6180	2450
6180	2026
6180	2786
6180	3517
6180	6181
6180	4419
6180	5880
6180	5783
6180	5784
6180	5785
6180	5786
6180	5885
6180	5782
6180	5876
6180	6182
6183	1322
6183	5594
6183	4003
6183	5793
6184	6185
6184	6186
6184	6187
6184	6188
6184	6189
6190	383
6190	544
6190	3933
6190	1495
6190	6191
6190	2786
6192	6193
6192	700
6192	3067
6192	6194
6192	3953
6192	6195
6192	5874
6196	2836
6196	1758
6196	6197
6196	2832
6196	6198
6196	6199
6196	6200
6196	6201
6196	6202
6196	6203
6204	700
6204	4149
6204	4191
6204	4323
6204	4326
6204	4653
6204	5243
6204	6048
6205	1310
6205	1117
6205	1005
6205	1370
6205	1309
6205	1377
6205	1969
6205	3306
6205	3307
6205	3308
6205	3298
6205	4416
6205	6206
6207	538
6207	6208
6207	6209
6207	6210
6207	6211
6207	6212
6207	6213
6214	6215
6214	6216
6214	6217
6218	6219
6218	1270
6218	3242
6220	411
6220	1887
6220	1576
6220	1892
6220	1968
6220	1578
6220	1580
6220	2529
6220	3620
6220	2254
6220	6221
6220	4213
6220	4694
6220	4053
6220	6222
6220	5241
6220	6223
6224	319
6224	320
6224	114
6224	115
6224	321
6224	322
6224	118
6224	16
6224	119
6224	70
6224	323
6224	71
6224	324
6224	195
6224	709
6224	121
6224	325
6224	122
6224	75
6224	123
6224	113
6224	383
6224	197
6224	544
6224	326
6224	1035
6224	1270
6224	975
6224	855
6224	856
6224	1287
6224	1252
6224	1003
6224	1155
6224	1883
6224	1021
6224	1024
6224	1025
6224	1118
6224	1026
6224	1011
6224	1376
6224	1576
6224	1679
6224	1630
6224	1625
6224	1993
6224	2447
6224	1717
6224	1751
6224	1752
6224	1675
6224	1997
6224	1748
6224	2409
6224	2270
6224	2446
6224	3422
6224	2784
6224	2726
6224	2777
6224	2786
6224	3147
6224	3039
6224	3364
6224	3354
6224	3356
6224	3258
6224	3504
6224	3423
6224	6225
6224	3505
6224	3503
6224	3677
6224	3786
6224	6226
6224	6227
6224	5377
6224	3788
6224	4149
6224	5048
6224	5063
6224	4603
6224	6228
6224	4323
6224	4326
6224	4379
6224	4380
6224	4396
6224	6229
6224	6230
6224	5379
6224	4807
6224	4902
6224	4867
6224	4903
6224	4904
6224	4905
6224	4868
6224	6231
6224	4906
6224	4907
6224	6232
6224	6233
6224	6234
6224	5818
6235	5323
6235	1581
6235	2723
6235	4415
6235	4149
6235	4490
6235	4396
6235	4841
6235	4865
6235	4720
6235	5325
6235	5327
6235	5329
6235	5322
6235	5998
6235	6000
6235	5890
6235	6003
6235	5996
6235	6129
6236	270
6236	383
6236	978
6236	986
6236	5440
6236	6237
6236	6238
6236	6239
6240	6241
6240	6242
6240	6243
6240	6244
6240	6245
6246	1245
6246	1246
6246	6247
6248	2127
6248	427
6248	2199
6249	654
6249	6250
6249	6251
6249	6252
6253	6167
6253	6254
6253	6169
6253	6173
6253	6164
6255	709
6255	1878
6255	1133
6255	6256
6255	1014
6255	856
6255	1017
6255	1018
6255	1115
6255	1005
6255	1369
6255	1026
6255	1120
6255	1373
6255	1374
6255	1376
6255	1379
6255	1442
6255	1709
6255	1632
6255	2152
6255	2025
6255	2010
6255	2011
6255	1751
6255	2727
6255	1754
6255	2366
6255	2543
6255	4994
6255	5583
6255	4980
6255	4254
6255	5261
6255	4257
6255	3771
6255	4295
6255	4097
6255	4242
6255	4983
6255	6257
6255	4984
6255	4662
6255	4663
6255	6258
6255	4885
6255	5814
6255	4790
6255	5585
6255	6259
6255	6260
6255	5754
6255	6261
6255	5755
6255	5756
6255	5757
6255	5578
6255	6262
6255	5760
6255	5762
6255	5752
6255	6263
6255	6264
6255	6265
6255	6266
6255	6267
6255	6268
6255	6269
6255	6270
6255	6271
6255	6272
6255	6273
6255	6274
6275	2534
6275	2313
6275	2314
6275	2317
6275	2309
6275	6276
6275	6277
6275	6278
6279	6280
6279	6281
6279	4726
6279	6282
6283	1079
6283	720
6283	975
6283	1081
6283	1082
6283	1085
6283	1128
6283	1086
6283	1089
6283	1129
6283	1092
6283	1131
6283	1078
6283	2521
6283	2523
6283	2511
6283	5022
6283	4294
6283	5026
6283	6284
6283	6285
6283	6286
6287	1705
6287	783
6287	1115
6287	1119
6287	1709
6287	1496
6287	1501
6287	1835
6287	1836
6287	3349
6287	1719
6287	3111
6287	2344
6287	1838
6287	2361
6287	3941
6287	3397
6287	6288
6287	3114
6287	3945
6287	4372
6287	4373
6287	4255
6287	3949
6287	4400
6287	5116
6287	5117
6287	5118
6287	5121
6287	5122
6287	5124
6287	6140
6287	6289
6290	6291
6292	3871
6292	1124
6292	2400
6292	6293
6292	3873
6292	3965
6294	1079
6294	720
6294	383
6294	544
6294	1485
6294	1486
6294	1487
6294	1483
6294	3601
6294	3602
6294	3934
6294	3937
6294	4454
6295	361
6295	6296
6291	1705
6291	1370
6291	1708
6291	1832
6291	1719
6291	3895
6297	5055
6297	6298
6297	6299
6297	1250
6297	1005
6297	1374
6297	1576
6297	2261
6297	2254
6297	3475
6297	3336
6297	4124
6297	3476
6297	3218
6297	6300
6297	3838
6297	4053
6297	5241
6297	6301
6297	5757
6297	5239
6297	6220
6302	411
6302	515
6302	718
6302	6303
6302	710
6302	1003
6302	1113
6302	1161
6302	1495
6302	1496
6302	1501
6302	1503
6302	2005
6302	2117
6302	2540
6302	3688
6302	4313
6304	6305
6304	6306
6304	6307
6308	6309
6308	6310
6308	2628
6308	4944
6311	3010
6311	3012
6311	4353
6312	6313
6312	5176
6312	6314
6312	6315
6316	1630
6316	4149
6316	4323
6316	4326
6316	4379
6316	4396
6316	4397
6316	4398
6316	4866
6316	5315
6316	5524
6316	6182
6316	6317
6318	465
6318	6319
6318	841
6318	6320
6318	2883
6318	6321
6318	6322
6318	6323
6318	6324
6318	6325
6318	2890
6318	2882
6318	4703
6318	6326
6318	6327
6318	6328
6318	6329
6318	6330
6331	6332
6331	5576
6333	195
6333	383
6333	544
6333	1092
6333	4723
6334	5375
6334	5043
6334	5376
6334	4149
6334	4323
6334	4326
6334	4609
6334	5378
6334	5379
6334	5127
6334	5513
6334	5053
6334	5129
6334	5038
6334	5374
6334	6335
6334	6085
6334	6336
6334	6337
6334	6338
6339	1991
6339	1011
6339	1993
6339	1994
6339	6058
6339	2723
6339	2585
6339	1990
6339	2399
6339	4149
6339	4274
6339	4505
6339	5120
6339	6340
6339	5984
6339	6341
6339	5985
6339	5986
6339	5987
6339	6342
6339	5975
6339	6343
6339	6344
6339	6061
6339	6345
6339	6057
6339	6346
6339	6347
6339	6348
6349	1035
6349	2270
6349	4149
6349	4323
6349	4326
6349	4396
6349	5599
6349	5037
6349	5038
6349	5717
6349	5202
6349	5667
6349	5668
6349	5195
6349	6350
6349	5666
6349	6351
6349	6352
6353	2152
6353	4305
6353	4376
6353	4382
6353	4390
6353	5198
6353	5407
6353	5195
6353	5662
6353	5417
6353	5661
6353	6354
6353	6062
6353	6355
6353	6337
6353	6356
6357	6358
6357	6359
6357	6360
6357	6361
6362	3723
6362	5059
6362	6363
6362	5086
6362	6052
6362	6364
6362	6365
6366	5911
6366	6367
6366	6368
6369	3255
6369	3258
6369	6370
6369	4291
6369	6371
6369	6372
6369	4970
6369	6282
6369	6373
6369	6374
6375	3067
6375	3068
6375	2400
6375	3873
6375	3066
6375	5563
6375	5561
6376	4149
6376	4323
6376	4326
6376	4396
6376	4867
6376	4868
6376	6231
6376	4786
6376	5242
6376	5731
6376	6114
6376	6070
6376	6377
6376	6115
6376	6378
6379	2398
6379	2397
6379	4940
6379	6128
6379	6380
6379	6381
6379	6382
6379	6383
6384	565
6384	383
6384	544
6385	6386
6385	543
6385	3633
6385	383
6385	544
6385	388
6385	6387
6385	1647
6385	6388
6385	6389
6385	6390
6385	6391
6385	6392
6393	1424
6393	3782
6393	6394
6393	6395
6393	6396
6393	6397
6393	6398
6393	6399
6400	383
6400	544
6400	385
6400	387
6400	2388
6400	979
6400	980
6400	1567
6400	1343
6400	982
6400	983
6400	984
6400	985
6400	986
6400	1917
6400	1108
6400	973
6400	1103
6400	1785
6400	1786
6400	1801
6400	1789
6400	1802
6400	1803
6400	2308
6400	1790
6400	1791
6400	2029
6400	1794
6400	2031
6400	6401
6400	2026
6400	2149
6400	2302
6400	2335
6400	2652
6400	2641
6400	2901
6400	5877
6400	3102
6400	3517
6400	3546
6400	6402
6400	3929
6400	4419
6400	4420
6400	6403
6400	3889
6400	4421
6400	6404
6400	4422
6400	6405
6400	5883
6400	4423
6400	4424
6400	4608
6400	4425
6400	4426
6400	4418
6400	4884
6400	6406
6400	6407
6400	6408
6400	6409
6400	6410
6400	6411
6400	6180
6400	6412
6400	6413
6414	2234
6414	3255
6414	3257
6414	3259
6414	6415
6414	6416
6414	6417
6418	6080
6418	2825
6418	4210
6418	5096
6418	4149
6418	4152
6418	4323
6418	4325
6418	4326
6418	4376
6418	4317
6418	4382
6418	4383
6418	4387
6418	4390
6418	4401
6418	4402
6418	4371
6418	5050
6418	4697
6418	5067
6418	5068
6418	5319
6418	6419
6418	5053
6418	5037
6418	5320
6418	5321
6418	5038
6418	5447
6418	5203
6418	5195
6418	5318
6418	5558
6418	5559
6418	5556
6418	6420
6418	5761
6418	5903
6418	6421
6418	6422
6418	6423
6418	6355
6418	6424
6418	6337
6418	6356
6418	6425
6418	6426
6427	1035
6427	4462
6427	2409
6427	3188
6427	4465
6427	4149
6427	4191
6427	5006
6427	4323
6427	4326
6427	4379
6427	4380
6427	4397
6427	4604
6427	4796
6427	4653
6427	4698
6427	4807
6427	4692
6427	6428
6427	5242
6427	5731
6427	6429
6427	6430
6427	5311
6427	6431
6427	6432
6427	6433
6427	6070
6427	5999
6427	6074
6427	6434
6427	6117
6427	6337
6435	1035
6435	1525
6435	1526
6435	5928
6435	6436
6435	6437
6435	6438
6435	4149
6435	4191
6435	4807
6435	6380
6435	6381
6435	6439
6435	6141
6440	6441
6440	6442
6440	887
6440	2054
6440	6443
6440	6444
6440	2936
6440	888
6440	893
6440	1962
6440	6445
6440	6446
6440	6447
6440	6448
6440	6449
6440	6450
6440	6451
6440	6452
6440	6453
6440	6454
6440	6455
6440	6456
6440	6457
6440	5506
6440	6458
6440	6459
6440	6460
6440	6461
6440	6462
6440	6463
6464	411
6464	1020
6464	2152
6464	1701
6464	2346
6464	2446
6464	3409
6464	5094
6464	3405
6464	3896
6464	3991
6464	5095
6464	5096
6464	5097
6464	4134
6464	4121
6464	4305
6464	4376
6464	4382
6464	6465
6464	4492
6464	5198
6464	5099
6464	5662
6464	5417
6464	5661
6464	5752
6464	6466
6464	6353
6467	4149
6467	4323
6467	4326
6467	4396
6467	5230
6468	2091
6468	4149
6468	4323
6468	4326
6468	4379
6468	4380
6468	4396
6468	4397
6468	4398
6468	4604
6468	6067
6468	4867
6468	4868
6468	6231
6468	5316
6468	5311
6468	5317
6468	5912
6468	5913
6468	6469
6468	5914
6468	6470
6468	5915
6468	5952
6468	6471
6468	5910
6468	6472
6468	6473
6474	1694
6474	1579
6474	1581
6474	2725
6474	2720
6474	4488
6474	4490
6474	5068
6474	5069
6474	5992
6474	5894
6474	5890
6474	5898
6474	5938
6474	5989
6474	6475
6476	1823
6476	1205
6476	1204
6476	1993
6476	1994
6476	2723
6476	2585
6476	4149
6476	4323
6476	4326
6476	4505
6476	5235
6476	6477
6476	5900
6476	6422
6476	6348
6476	6478
6476	6479
6480	6481
6480	1981
6480	6482
6480	3833
6480	6483
6484	1823
6484	1024
6484	1011
6484	1371
6484	1630
6484	1577
6484	1994
6484	2011
6484	1675
6484	1896
6484	1897
6484	2370
6484	2155
6484	2408
6484	2409
6484	2791
6484	2366
6484	3063
6484	2825
6484	4208
6484	5364
6484	4267
6484	4936
6484	3639
6484	4149
6484	4323
6484	6485
6484	4326
6484	4396
6484	4866
6484	5120
6484	5112
6484	5242
6484	5731
6484	6486
6484	5311
6484	6487
6484	6341
6484	5985
6484	5912
6484	6342
6484	5524
6484	5975
6484	6488
6484	6489
6484	6378
6484	6490
6484	6491
6484	6478
6484	6479
6492	544
6492	385
6492	387
6492	975
6492	1565
6492	2388
6492	979
6492	980
6492	981
6492	1566
6492	1343
6492	2306
6492	1915
6492	6493
6492	982
6492	983
6492	985
6492	4829
6492	4830
6492	1568
6492	1569
6492	1582
6492	1725
6492	1570
6492	6494
6492	1727
6492	1728
6492	2029
6492	1721
6492	2177
6492	2178
6492	2157
6492	4831
6492	6495
6492	2146
6492	2147
6492	6496
6492	6006
6492	2901
6492	2902
6492	6497
6492	6498
6492	4832
6492	6499
6492	6500
6492	3929
6492	6501
6492	6007
6492	4424
6492	4426
6492	6408
6492	6502
6503	657
6503	665
6503	666
6503	3133
6503	672
6503	680
6503	681
6503	2907
6503	3135
6503	1975
6503	962
6503	3707
6503	5154
6503	5162
6504	3953
6504	4841
6504	4865
6504	6505
6504	5442
6504	5443
6504	6506
6504	6507
6504	5904
6504	6508
6504	6509
6510	4217
6510	5043
6510	4149
6510	4323
6510	4326
6510	4379
6510	4380
6510	4796
6510	4803
6510	5654
6510	6511
6510	5657
6510	6433
6510	6512
6510	6513
6510	6514
6510	6515
6510	6516
6510	6337
6510	6517
6510	6518
6510	6519
6520	6521
6522	6523
6522	6524
6525	1020
6525	1024
6525	1118
6525	1369
6525	1911
6525	2366
6525	4249
6525	4250
6525	4254
6525	5735
6525	6257
6525	5814
6525	5256
6525	6526
6525	6527
6525	6528
6525	6529
6525	6530
6525	6531
6532	3448
6532	4149
6532	4240
6532	4260
6532	4974
6532	4976
6532	5721
6532	6033
6532	6055
6533	1257
6533	1993
6533	1577
6533	1994
6533	2552
6533	4323
6533	4326
6533	4380
6533	4396
6533	4397
6533	4398
6533	4807
6533	4865
6533	4866
6533	5128
6533	6487
6533	6284
6533	5232
6533	5442
6533	5443
6533	5439
6533	6534
6533	5949
6533	5902
6533	5904
6533	5952
6533	5953
6533	6535
6533	5954
6533	6536
6533	5955
6533	5956
6533	6537
6533	5958
6533	6538
6533	6337
6533	6539
6533	6540
6533	6541
6542	1742
6542	4871
6542	6543
6542	5337
6542	4149
6542	6544
6542	4323
6542	4326
6542	4436
6542	4573
6542	4795
6542	4797
6542	4718
6542	4801
6542	4802
6542	4692
6542	4717
6542	6545
6542	4967
6542	4794
6542	5799
6542	5653
6542	4966
6542	5446
6542	5182
6542	5183
6542	5184
6542	5801
6542	5655
6542	5803
6542	5804
6542	6546
6542	5798
6542	6547
6542	6071
6542	6072
6542	6548
6542	6075
6542	6549
6542	5971
6542	6550
6542	6526
6542	6551
6542	6337
6552	6553
6552	319
6552	470
6552	2276
6552	471
6552	4460
6552	6554
6552	2484
6552	765
6552	918
6552	766
6552	6555
6552	1458
6552	1941
6552	6556
6552	6557
6552	6558
5834	66
5834	696
5834	371
5834	364
5834	692
5834	957
5834	5691
5834	4091
5834	4093
5834	5833
5834	5690
5834	5831
5834	6559
5834	6560
5834	6561
6562	2152
6562	4994
6562	3186
6562	3188
6562	4217
6562	4024
6562	4149
6562	4323
6562	4326
6562	4376
6562	4382
6562	4390
6562	4567
6562	5068
6562	5200
6562	5037
6562	5038
6562	5440
6562	5195
6562	5442
6562	5443
6562	5439
6562	6506
6562	6563
6562	6507
6562	5904
6562	6564
6562	6508
6562	6509
6562	6565
6562	6566
6562	6567
6562	6537
6562	6062
6562	6424
6562	6568
6562	6569
6562	6570
6562	6571
6572	1204
6572	2032
6572	3033
6572	4149
6572	4323
6572	4326
6572	6573
6572	6000
6572	5890
6572	6574
6572	5996
6572	6337
6572	6575
6572	6576
6577	1024
6577	1993
6577	1994
6577	2399
6577	3255
6577	3945
6577	4372
6577	4373
6577	6578
6577	5115
6577	4303
6577	4400
6577	5117
6577	5118
6577	5120
6577	5121
6577	5122
6577	5123
6577	5125
6577	6341
6577	6342
6577	6344
6577	6289
6577	6287
6577	6579
6577	6490
6580	2503
6580	856
6580	1495
6580	2416
6580	2954
6580	2546
6580	2804
6580	2807
6580	2958
6580	2953
6580	3410
6580	6581
6580	4149
6580	4323
6580	4326
6580	6582
6580	6583
6580	6584
6580	6585
6580	6511
6580	6586
6580	6587
6580	6588
6589	4149
6589	4321
6589	4323
6589	4326
6589	4795
6589	4796
6589	4797
6589	6067
6589	4800
6589	4692
6589	4867
6589	4803
6589	5653
6589	5047
6589	5446
6589	5731
6589	6487
6589	6069
6589	5656
6589	5912
6589	6114
6589	5924
6589	5972
6589	6378
6589	6424
6589	6337
6589	6590
6589	6468
6591	342
6591	345
6591	1796
6591	2245
6591	6592
6591	3248
6591	6119
6591	6593
6594	700
6594	1035
6594	4149
6594	4191
6594	4323
6594	4326
6594	4379
6594	4380
6594	4347
6594	4807
6594	4692
6594	6046
6594	5242
6594	5731
6594	6429
6594	5243
6594	5311
6594	6433
6594	6114
6594	6070
6594	6071
6594	6072
6594	6115
6594	5926
6594	6074
6594	6514
6594	6378
6594	6427
6595	3067
6595	3729
6595	3913
6595	5367
6595	6596
6595	6597
6598	191
6598	3575
6598	3576
6598	6599
6598	6600
6598	5593
6598	1532
6598	3577
6598	3592
6598	6601
6598	6602
6598	5176
6598	6603
6598	3574
6598	6604
6598	6605
6606	6607
6606	3587
6606	6608
6606	4683
6606	6609
6606	6610
6606	6611
6606	6612
6606	5179
6606	6613
6606	5713
6606	6614
6606	6461
6615	1815
6615	6616
6615	6617
6615	6618
6615	6619
6615	6620
6615	6621
6615	6622
6615	1816
6615	1818
6615	1819
6615	2066
6615	1820
6615	1814
6615	6623
6615	6624
6625	4999
6625	5000
6625	5001
6626	2006
6626	2793
6626	3793
6626	3953
6626	3954
6626	3806
6626	3992
6626	5436
6626	4490
6626	5437
6626	6487
6626	5434
6626	5890
6626	5898
6626	5995
6627	6628
6629	1471
6629	4650
6629	1011
6629	1709
6629	1832
6629	1835
6629	4994
6629	5260
6629	3946
6629	3947
6629	5117
6629	5204
6629	5258
6629	5442
6629	6506
6629	6507
6629	5904
6629	6564
6629	6508
6629	6509
6629	6566
6629	6567
6629	6537
6629	6062
6629	6289
6629	6630
6629	6287
6629	6579
6629	6631
6629	6568
6629	6569
6629	6570
6629	6632
6629	6571
6629	6633
6629	6634
6629	6504
6629	6562
6635	405
6635	6636
6635	1105
6635	278
6635	6637
6635	280
6635	282
6635	383
6635	544
6635	1080
6635	6638
6635	385
6635	387
6635	975
6635	976
6635	856
6635	1082
6635	979
6635	1106
6635	1117
6635	1020
6635	982
6635	1024
6635	986
6635	1803
6635	1969
6635	4158
6635	1754
6635	1748
6635	6639
6635	6640
6635	2026
6635	2716
6635	2167
6635	2335
6635	2366
6635	2715
6635	3546
6635	3889
6635	4884
6635	6641
6642	6643
6642	3833
6644	1025
6644	3953
6644	3630
6644	3954
6644	3955
6644	4379
6644	5437
6644	6645
6644	6475
6646	1371
6646	2155
6646	4149
6646	4321
6646	4380
6646	6647
6646	6648
6646	6029
6646	6514
6646	6649
6646	6650
6646	6651
6652	1024
6652	1682
6652	2331
6652	2366
6652	2368
6652	3626
6652	3631
6652	4375
6652	4967
6652	5183
6653	281
6653	1861
6653	214
6653	383
6653	544
6653	385
6653	387
6653	976
6653	978
6653	979
6653	1106
6653	982
6653	983
6653	986
6653	1118
6653	1108
6653	973
6653	1103
6653	6654
6653	1786
6653	2029
6653	2450
6653	2446
6653	2641
6653	2901
6653	2902
6653	5878
6653	2786
6653	3517
6653	6655
6653	3546
6653	6181
6653	4494
6653	6405
6653	4426
6653	6656
6653	6641
6653	6657
6653	5876
6653	6658
6653	6659
6653	6180
6653	6660
6653	6661
6653	6662
6653	6413
6653	6400
6653	6663
6653	6664
6665	5787
6666	6667
6666	6668
6666	411
6666	716
6666	1133
6666	719
6666	1014
6666	383
6666	6669
6666	783
6666	514
6666	781
6666	2002
6666	1024
6666	1377
6666	2238
6666	2152
6666	2010
6666	3348
6666	2727
6666	2155
6666	2380
6666	2117
6666	2270
6666	2652
6666	2576
6666	4994
6666	3409
6666	3520
6666	4980
6666	4122
6666	3724
6666	3838
6666	4097
6666	4121
6666	4242
6666	4983
6666	4984
6666	4885
6666	5585
6666	5093
6666	5757
6666	5752
6666	6263
6666	6264
6666	6268
6666	6566
6666	6670
6666	6671
6666	6672
6666	6673
6666	6674
6666	6675
6676	3199
6676	1560
6676	1561
6676	383
6676	544
6676	1565
6676	1087
6676	1562
6676	1919
6676	1750
6676	2537
6676	3028
6676	2814
6676	6677
6676	3927
6676	3512
6676	5010
6399	3067
6399	2366
6399	2825
6399	2824
6399	3953
6399	3954
6399	3897
6399	3972
6399	6678
6399	6679
6399	6680
6399	6681
6399	6682
6399	6683
6399	6684
6399	6685
6399	6397
6399	6393
6686	6687
6688	193
6688	4844
6688	3155
6688	4845
6688	6689
6688	2277
6688	6690
6688	6691
6688	6692
6688	6693
6688	1993
6688	1996
6688	5981
6688	6578
6688	4048
6688	4995
6688	5982
6688	6694
6688	6234
6688	5984
6688	5985
6688	6345
6688	5979
6688	6695
6688	6696
6697	1581
6697	1701
6697	2786
6697	4032
6697	3896
6697	3956
6697	3958
6697	4033
6697	4030
6697	6698
6697	4660
6697	6699
6697	6700
6701	1507
6701	6702
6701	6703
6701	6704
6701	2270
6701	2574
6701	4895
6701	3612
6701	6705
6701	6706
6701	4892
6701	6707
6701	6708
6709	6710
6709	1287
6709	1574
6709	1576
6709	1630
6709	1631
6709	4994
6709	4196
6709	4191
6709	5006
6709	6711
6709	4600
6709	5442
6709	6506
6709	6507
6709	5904
6709	6509
6709	6567
6709	6568
6709	6562
6709	6712
6713	324
6713	318
6713	1694
6713	2702
6713	1711
6713	2585
6713	3912
6713	3909
6713	4355
6713	5144
6713	6714
6713	5749
6713	6574
6713	6715
6713	6716
6717	1703
6717	6718
6717	1705
6717	1180
6717	1182
6717	1024
6717	1708
6717	1709
6717	1832
6717	1994
6717	1836
6717	3349
6717	1719
6717	1838
6717	2361
6717	3114
6717	3945
6717	4372
6717	4373
6717	4255
6717	3982
6717	3939
6717	4295
6717	4400
6717	5116
6717	5117
6717	5118
6717	4688
6717	5120
6717	5121
6717	5122
6717	5124
6717	5125
6717	5204
6717	6341
6717	6719
6717	6720
6717	6140
6717	6721
6717	6722
6717	6723
6717	6724
6725	3186
6725	4149
6725	4323
6725	4326
6725	4380
6725	4796
6725	4719
6725	5912
6725	6066
6725	6337
6725	6427
6725	6590
6725	6468
6725	6589
6725	6594
6726	3882
6726	5966
6727	1579
6727	1581
6727	1584
6727	2537
6727	2786
6727	6130
6727	4149
6727	4833
6727	4376
6727	4380
6727	6728
6727	4401
6727	4807
6727	5200
6727	5993
6727	5890
6727	5898
6727	5995
6727	6337
6727	6575
6729	6730
6729	6731
6732	6733
6732	6734
6732	6735
6732	6736
6732	6737
6732	6738
6739	5984
6739	5987
6739	6339
6739	6478
6740	1117
6740	1011
6740	1374
6740	1442
6740	1497
6740	1498
6740	1716
6740	1699
6740	1504
6740	3397
6740	2768
6740	3046
6740	3045
6740	3562
6740	3563
6740	3564
6740	4132
6740	4672
6740	3895
6740	4149
6740	4377
6740	4610
6740	5795
6740	6741
6740	5720
6740	6742
6740	6743
6744	856
6744	1024
6744	1118
6744	2155
6744	2270
6744	2578
6744	3408
6744	3147
6744	3852
6744	3953
6744	3954
6744	3677
6744	3786
6744	5048
6744	6745
6744	6746
6744	5806
6744	5973
6744	6747
6748	6749
6750	1682
6750	2402
6750	3626
6750	5564
6750	6751
6750	6652
6752	1180
6752	1182
6752	1470
6752	1011
6752	1309
6752	1374
6752	1379
6752	1442
6752	1836
6752	3348
6752	3429
6752	2781
6752	3426
6752	3676
6752	4284
6752	3724
6752	3950
6752	4295
6752	4841
6752	4842
6752	5256
6752	5257
6752	5255
6752	3432
6752	3433
6752	3434
6752	6753
6752	6134
6426	3409
6426	5097
6426	4149
6426	4323
6426	4326
6426	4384
6426	4841
6426	5037
6426	5038
6426	5195
6426	5381
6426	5993
6426	6421
6426	6422
6426	6423
6426	6355
6426	6424
6426	6337
6426	6356
6426	6418
6754	747
6755	4541
6755	4546
6755	6756
6755	6757
6758	1005
6758	2152
6758	2343
6758	3409
6758	3541
6758	4149
6758	4321
6758	4323
6758	4326
6758	4384
6758	4394
6758	4438
6758	4841
6758	5068
6758	5199
6758	5037
6758	4958
6758	5038
6758	4965
6758	5195
6758	5381
6758	5399
6758	5558
6758	6132
6758	6421
6758	6355
6758	6424
6758	6356
6758	6418
6759	6760
6759	6761
6762	1322
6762	6763
6762	5594
6762	6183
6762	5793
6764	288
6764	1649
6764	1650
6764	3871
6764	599
6764	2400
6764	3872
6764	3873
6764	3965
6764	3809
6764	3870
6764	4359
6764	5226
6764	5227
6764	5335
6764	5561
6764	5848
6764	6765
6764	5865
6764	6766
6764	6767
6768	1079
6768	383
6768	3437
6768	544
6768	1080
6768	975
6768	1128
6768	2513
6768	5418
6768	1760
6768	1092
6768	6769
6768	1131
6768	6770
6768	2516
6768	1762
6768	1763
6768	1764
6768	6771
6768	1765
6768	1766
6768	6772
6768	1759
6768	2518
6768	2519
6768	2521
6768	2511
6768	3256
6768	6773
6768	5403
6768	4295
6768	6774
6768	4303
6768	6775
6768	5025
6768	6776
6768	6777
6768	5123
6768	5865
6778	1370
6778	1377
6778	2152
6778	1969
6778	1751
6778	1752
6778	1721
6778	5764
6778	2576
6778	5375
6778	5376
6778	4149
6778	4121
6778	4376
6778	4371
6778	5378
6778	5119
6778	4733
6778	5069
6778	5129
6778	5374
6778	6085
6778	6779
6778	6337
6778	6338
6778	6334
6778	6780
6778	6781
6778	6782
6783	1729
6783	3201
6783	3839
6783	4096
6783	4229
6783	6784
6785	6786
6785	129
6785	130
6785	131
6785	133
6785	124
6785	2937
6785	4024
6785	5440
6785	6787
6788	405
6788	6789
6788	411
6788	271
6788	6790
6788	272
6788	804
6788	438
6788	710
6788	1525
6788	2028
6788	3256
6788	3257
6788	3704
6788	5375
6788	4313
6788	4421
6788	4874
6791	6792
6791	6793
6794	6795
6796	6797
6796	6798
6799	6800
6801	1624
6801	2546
6801	2363
6801	2805
6801	2506
6801	6802
6801	2806
6801	4415
6801	6803
6801	6804
6801	4277
6801	6805
6801	6806
6801	6807
6808	6809
6808	6810
6811	1035
6811	1567
6811	1793
6811	1782
6811	2186
6811	3081
6811	3082
6811	3079
6811	6812
6811	6813
6811	6814
6811	6815
6811	6816
6817	2411
6817	3896
6817	3956
6817	3957
6817	3958
6817	3971
6817	3982
6817	4149
6817	4030
6817	4874
6817	4660
6817	6818
6817	6699
6817	5486
6817	6819
6817	6531
6817	6820
6817	6821
6817	6822
6817	6823
6817	6824
6825	1694
6825	4149
6825	4323
6825	4326
6825	6826
6825	5900
6825	5996
6825	6827
6825	6576
6825	6590
6825	6572
6825	6828
5793	5594
6829	6830
6829	966
6829	6058
6829	5983
6829	6057
6829	6478
6829	6831
6829	6832
6829	6833
6829	6834
6829	6835
6836	6837
6836	6188
6836	6189
6836	6823
6838	6839
6840	6363
6840	6176
6840	6841
6840	5086
6840	6842
6840	6843
6840	6844
6845	5301
6845	1560
6845	1561
6845	383
6845	1562
6845	3527
6845	3528
6845	3529
6845	3530
6845	6040
6845	3531
6845	3231
6845	6846
6845	3233
6845	3532
6845	3533
6845	3534
6845	3536
6845	3525
6845	6363
6845	5303
6845	3721
6845	5960
6845	6176
6845	5160
6845	5962
6845	6841
6845	5304
6845	6847
6845	5086
6845	5306
6845	6848
6845	6849
6845	5610
6845	5607
6845	6850
6845	6851
6845	6852
6845	6853
6854	6855
6854	6603
6854	6856
6854	6315
6854	6857
6854	6858
6859	6860
6859	6861
6859	6862
6859	6863
6864	1991
6864	6865
6864	299
6864	1123
6864	856
6864	1252
6864	1117
6864	4652
6864	1026
6864	1011
6864	1374
6864	1993
6864	1994
6864	1997
6864	2124
6864	2160
6864	1990
6864	3944
6864	4603
6864	5120
6864	6866
6864	5505
6864	4993
6864	5286
6864	6341
6864	6065
6864	6342
6864	5975
6864	6343
6864	6720
6864	6488
6864	6867
6864	6868
6864	6255
6864	6869
6864	6490
6864	6870
6864	6871
6864	6872
6864	6873
6864	6874
6864	6875
6876	197
6876	855
6876	856
6876	1118
6876	2270
6876	4356
6876	3610
6876	3774
6876	4606
6876	6877
6876	4376
6876	4382
6876	4605
6876	6878
6876	6072
6876	6029
6876	6879
6876	6880
6881	1632
6881	1680
6881	1682
6881	1806
6881	1701
6881	2269
6881	2366
6881	2402
6881	2715
6881	3971
6881	3982
6881	5063
6881	4603
6881	6882
6881	5287
6881	6883
6881	6507
6881	6884
6881	6823
6881	6885
6886	324
6886	1694
6886	2411
6886	6887
6886	3982
6886	4149
6886	4321
6886	4379
6886	4380
6886	5281
6886	4604
6886	5287
6886	6883
6886	6122
6886	5734
6886	6888
6886	6124
6886	6889
6886	6890
6886	5930
6886	6119
6886	6593
6886	6337
6886	6891
6886	6821
6886	6744
6886	6892
6886	6893
6886	6822
6886	6823
6886	6894
6886	6885
6886	6895
6886	6896
6886	6897
6886	6817
6898	582
6898	692
6898	847
6898	4090
6898	5692
6898	5584
6898	6899
6898	6900
6898	5932
6898	6901
6902	505
6902	6903
6904	5131
6904	1648
6904	6905
6904	6906
6904	5132
6904	6907
6904	4030
6904	4665
6904	4660
6904	6818
6904	6699
6904	6908
6904	6909
6904	6910
6904	6911
6904	6912
6904	6913
6904	6914
6915	324
6915	1151
6915	544
6915	856
6915	1117
6915	1370
6915	1377
6915	1495
6915	1751
6915	1752
6915	1753
6915	1754
6915	1748
6915	2270
6915	2347
6915	3397
6915	2768
6915	3046
6915	3042
6915	3043
6915	3044
6915	3045
6915	5196
6915	4132
6915	3855
6915	3895
6915	4883
6915	6916
6915	5311
6915	6917
6915	6743
6915	6918
6919	3147
6919	3677
6919	3786
6919	4096
6919	5062
6919	5065
6920	6921
6920	6922
6920	6923
6920	6459
6920	6924
6920	6925
6926	648
6926	1035
6926	2489
6926	3564
6926	4149
6926	4323
6926	4326
6926	4692
6926	4976
6926	5184
6926	6927
6926	6056
6926	6055
6926	6928
6926	6424
6926	6337
6926	6929
6930	656
6930	663
6930	6931
6930	959
6930	960
6930	961
6930	962
6930	958
6930	6932
6930	6933
6930	5154
6930	5155
6930	6934
6930	5153
6930	6935
6930	6936
6937	383
6937	544
6937	299
6937	385
6937	387
6937	978
6937	979
6937	980
6937	982
6937	983
6937	986
6937	973
6937	1103
6937	1785
6937	1786
6937	1801
6937	1802
6937	2015
6937	2308
6937	6938
6937	1790
6937	2029
6937	2033
6937	6939
6937	2160
6937	2026
6937	3723
6937	2149
6937	2786
6937	3546
6937	6940
6937	4419
6937	3889
6937	5880
6937	5885
6937	5876
6941	3022
6941	3023
6941	6942
6943	5323
6943	4326
6943	6944
6943	6396
6943	6393
6945	324
6945	709
6945	197
6945	299
6945	977
6945	855
6945	6946
6945	856
6945	1694
6945	1020
6945	1622
6945	1024
6945	1118
6945	1371
6945	1373
6945	1452
6945	2266
6945	1699
6945	2267
6945	2152
6945	1504
6945	2155
6945	2030
6945	2270
6945	2349
6945	2366
6945	2351
6945	2348
6945	3626
6945	2578
6945	3063
6945	2732
6945	3422
6945	2825
6945	2773
6945	2735
6945	2774
6945	2775
6945	2777
6945	3352
6945	3147
6945	3364
6945	3354
6945	3356
6945	3504
6945	3416
6945	4735
6945	4736
6945	3854
6945	3677
6945	3786
6945	3971
6945	4565
6945	4737
6945	4229
6945	4151
6945	5142
6945	6678
6945	5063
6945	6947
6945	4738
6945	6154
6945	5070
6945	5285
6945	5286
6945	5289
6945	5277
6945	6948
6945	6949
6945	6950
6945	6820
6951	2749
6951	1776
6951	4507
6951	6952
6951	3614
6951	5202
6951	6953
6951	5207
6951	5399
6951	6954
6951	6337
6955	411
6955	544
6955	802
6955	1000
6955	1003
6955	1004
6955	1117
6955	1161
6955	1370
6955	1315
6955	2152
6955	1618
6955	1754
6955	2449
6955	2768
6955	3042
6955	3043
6955	3044
6955	4507
6955	4687
6955	5504
6955	6956
6955	6055
6955	6957
6955	6958
6955	6823
6955	6959
6960	29
6960	27
6960	361
6960	362
6960	4920
6960	6961
6960	6962
6960	4921
6960	4922
6960	6963
6960	4927
6960	6964
6960	5003
6960	5560
6965	193
6965	559
6965	1011
6965	1993
6965	1717
6965	1996
6965	2370
6965	3367
6965	3425
6965	5981
6965	3745
6965	3741
6965	4048
6965	4045
6965	4510
6965	4505
6965	6966
6965	5985
6965	6967
6965	6688
6965	6968
6965	6969
6970	743
6970	6367
6970	4696
6970	5994
6970	6971
6972	1448
6972	6973
6972	6974
6972	2138
6972	2137
6972	6975
6972	6976
6972	6977
6978	515
6978	1151
6978	383
6978	514
6978	551
6978	1152
6978	1367
6978	1003
6978	1113
6978	1158
6978	1159
6978	1020
6978	1161
6978	988
6978	1149
6978	1495
6978	1503
6978	3348
6978	1751
6978	1837
6978	4271
6978	3686
6978	2717
6978	2377
6978	3063
6978	2786
6978	3424
6978	3426
6978	4032
6978	5535
6978	5868
6978	4269
6978	5503
6978	4654
6978	5256
6978	5239
6978	5542
6978	5530
6978	3432
6978	3433
6978	5870
6978	6093
6978	5867
6978	6094
6978	6092
6978	6979
6978	6782
6978	6980
6978	6981
6982	3255
6982	3257
6982	3258
6982	3254
6982	4961
6982	4962
6982	4963
6982	4964
6982	6373
6982	6983
6984	6985
6984	411
6984	413
6984	416
6984	804
6984	543
6984	383
6984	197
6984	388
6984	403
6984	3300
6984	6986
6987	1011
6987	1993
6987	1717
6987	1990
6987	3366
6987	3367
6987	3365
6987	3745
6987	5988
6988	2270
6988	2578
6988	2732
6988	2775
6988	2777
6988	3147
6988	4606
6988	4738
6989	6990
6989	1653
6989	1660
6989	5945
6989	6991
6992	5005
6992	2133
6992	4191
6992	5006
6992	4806
6992	6127
6992	4600
6992	5400
6992	6128
6992	6380
6992	6993
6992	6994
6995	5331
6995	1962
6995	6996
6995	6448
6995	6997
6995	4871
6995	6998
6995	6999
7000	692
7000	7001
7000	5691
7000	4090
7000	7002
7000	5690
7000	5831
7000	6559
7000	5834
7000	7003
7000	5835
7004	383
7004	1616
7004	1000
7004	1156
7004	1161
7004	1494
7004	1495
7004	1496
7004	1501
7004	1503
7004	1748
7004	2125
7004	2540
7004	3030
7004	2982
7004	2983
7004	5196
7004	3520
7004	5502
7004	7005
7004	5503
7004	5504
7004	5505
7004	5501
7004	5590
7004	7006
7004	6868
7004	6955
7007	778
7007	856
7007	1020
7007	1118
7007	1369
7007	1026
7007	1371
7007	1911
7007	2010
7007	2366
7007	4994
7007	3917
7007	5751
7007	5747
7007	4662
7007	4885
7007	5585
7007	5755
7007	5756
7007	5757
7007	5760
7007	6263
7007	6270
7007	6272
7007	6255
7007	6869
7007	6525
7007	7008
7007	6924
7007	7009
7007	7010
7011	7012
7011	7013
7011	4065
7011	7014
7011	3173
7011	3177
7011	3181
7011	3182
7011	3170
7011	7015
7011	6455
7011	7016
7011	7017
7011	7018
7011	7019
7011	7020
7011	7021
7022	4505
7022	6061
7022	6057
7022	6347
7022	6339
7022	6478
7022	7023
7022	7024
7022	7025
7026	4149
7026	5226
7026	5335
7026	5848
7026	7027
7026	6765
7026	7028
7026	7029
7026	7030
7026	6784
7026	7031
7026	7032
7026	7033
7034	7035
7036	375
7036	1396
7036	315
7036	2465
7036	3898
7036	2468
7036	544
7036	649
7036	975
7036	2469
7036	2470
7036	2472
7036	3142
7036	1536
7036	4342
7036	1537
7036	1118
7036	2165
7036	3143
7036	2474
7036	2270
7036	3145
7036	3146
7036	4344
7036	2898
7036	2777
7036	7037
7036	2816
7036	3147
7036	3141
7036	3897
7036	4096
7036	4149
7036	4229
7036	5063
7036	7038
7036	4321
7036	4833
7036	4323
7036	4326
7036	4317
7036	4379
7036	4380
7036	4383
7036	5635
7036	5636
7036	4341
7036	4604
7036	7039
7036	4867
7036	5637
7036	5646
7036	5638
7036	5639
7036	5640
7036	7040
7036	5641
7036	5634
7036	5904
7036	6461
7036	6648
7036	7041
7036	6337
7036	6649
7042	405
7042	7043
7042	311
7042	267
7042	415
7042	7044
7042	1463
7042	449
7042	454
7042	1462
7042	3891
7042	7045
7042	7046
7042	7047
7048	4191
7048	5400
7048	7028
7048	6992
7049	212
7049	394
7049	36
7049	1686
7049	7050
7049	2618
7049	2619
7049	7051
7049	545
7049	692
7049	877
7049	7052
7049	2622
7049	7053
7049	1690
7049	5691
7049	2623
7049	2624
7049	2629
7049	2616
7049	7054
7049	5878
7049	2920
7049	2917
7049	7055
7049	4078
7049	4716
7049	5833
7049	5100
7056	778
7056	1703
7056	779
7056	783
7056	1180
7056	1182
7056	1471
7056	7057
7056	1026
7056	1466
7056	1709
7056	1832
7056	1632
7056	1833
7056	1835
7056	1836
7056	3349
7056	2727
7056	1838
7056	2430
7056	2432
7056	2362
7056	1828
7056	3941
7056	3399
7056	4255
7056	4259
7056	3950
7056	3939
7056	4295
7056	4995
7056	4097
7056	7058
7056	4400
7056	5116
7056	5117
7056	5124
7056	6234
7056	3432
7056	3433
7056	6343
7056	3434
7056	6720
7056	7059
7056	7060
7056	6289
7056	6722
7056	6867
7056	6255
7056	6287
7056	6869
7056	6579
7056	7061
7056	6724
7056	7062
7056	6872
7056	6873
7056	7063
7056	7064
7056	6874
7056	6979
7056	7065
7056	7066
7056	7067
7068	383
7068	3255
7068	2786
7068	4963
7068	7069
7068	7070
7068	6373
7068	7071
7068	6374
7068	6369
7068	7072
7068	7073
7074	5020
7074	4677
7074	7075
7074	5018
7074	7076
7074	7077
7078	288
7078	5223
7078	5328
7079	4911
7079	7080
7081	4149
7081	4323
7081	4326
7081	4573
7081	6160
7081	7082
7081	6337
7081	7083
7084	7085
7086	6031
7086	6032
7086	6030
7087	7088
7087	1005
7087	1118
7087	1026
7087	1374
7087	1377
7087	1627
7087	1752
7087	1753
7087	7089
7087	2831
7087	2786
7087	3796
7087	3974
7087	3799
7087	3045
7087	3561
7087	3414
7087	4287
7087	5377
7087	3971
7087	3982
7087	6229
7087	6230
7087	4663
7087	5198
7087	6233
7087	5286
7087	6021
7087	7090
7087	7091
7087	6917
7087	7092
7087	7093
7087	6747
7087	6823
7087	6955
7087	7094
7095	1887
7095	2356
7095	1024
7095	1574
7095	1377
7095	1891
7095	1576
7095	1968
7095	1578
7095	1634
7095	1635
7095	1580
7095	1585
7095	3348
7095	2050
7095	2252
7095	1967
7095	2497
7095	2494
7095	4052
7095	4213
7095	4694
7095	4085
7095	3803
7095	4982
7095	4053
7095	4149
7095	4050
7095	4191
7095	4411
7095	5623
7095	5226
7095	5624
7095	7096
7095	5621
7095	6380
7095	5848
7095	7097
7095	7098
7095	7099
7100	856
7100	1000
7100	1003
7100	1004
7100	1005
7100	1370
7100	1753
7100	3111
7100	1754
7100	1748
7100	3028
7100	3029
7100	2347
7100	2343
7100	2446
7100	2810
7100	4507
7100	3561
7100	4687
7100	7101
7100	6955
7102	1560
7102	855
7102	1118
7102	1026
7102	1376
7102	7103
7102	7104
7102	4282
7102	3763
7102	6371
7102	7105
7106	383
7106	6052
7107	7108
7107	3626
7107	6131
7107	5762
7107	5734
7107	6274
7107	6255
7107	6869
7107	6891
7107	7109
7107	6924
7110	167
7110	169
7110	245
7110	7111
7110	246
7110	243
7112	5529
7112	5567
7112	5568
7113	700
7113	2131
7113	321
7113	2966
7113	4461
7113	789
7113	1823
7113	138
7113	2353
7113	1035
7113	1885
7113	1886
7113	1024
7113	1891
7113	1576
7113	4194
7113	4196
7113	4191
7113	7114
7113	7115
7113	7116
7113	7117
7113	7118
7113	5400
7113	6380
7113	6381
7113	7028
7113	7119
7113	7120
7113	7121
7113	7122
7123	4149
7123	4323
7123	4326
7123	4653
7123	6055
7124	778
7124	1703
7124	1832
7124	1498
7124	1716
7124	1834
7124	1835
7124	1836
7124	1751
7124	1837
7124	2430
7124	1828
7124	3941
7124	3475
7124	3477
7124	3042
7124	3043
7124	7125
7124	3946
7124	3947
7124	3949
7124	3762
7124	5262
7124	7126
7124	5117
7124	5263
7124	7127
7124	6873
7124	7064
7124	6874
7124	7065
7124	7128
7129	6380
7129	6379
7129	6994
7130	324
7130	1151
7130	383
7130	1003
7130	1113
7130	1156
7130	1158
7130	1005
7130	1161
7130	1494
7130	1496
7130	1714
7130	1501
7130	1754
7130	1748
7130	3029
7130	2117
7130	2717
7130	2446
7130	2982
7130	4470
7130	3044
7130	3850
7130	3561
7130	6404
7130	4687
7130	4686
7130	5504
7130	6957
7130	6955
7130	7100
7131	1004
7131	1369
7131	2727
7131	3727
7131	4248
7131	4994
7131	4980
7131	4254
7131	4257
7131	4097
7131	4242
7131	4983
7131	4833
7131	6257
7131	4984
7131	4662
7131	6258
7131	4885
7131	4790
7131	5585
7131	6261
7131	5755
7131	5756
7131	5757
7131	5578
7131	5760
7131	5762
7131	5752
7131	6263
7131	6264
7131	6266
7131	6268
7131	6270
7131	6255
7131	6869
7131	6672
7131	6673
7131	7132
7131	6666
7131	7109
7131	7133
7131	7008
7131	7134
7131	7135
7131	7009
7131	7010
7131	7136
7131	7007
7137	720
7137	383
7137	1126
7137	544
7137	1080
7137	1127
7137	1082
7137	986
7137	973
7137	2150
7137	7138
7137	2786
7137	5037
7137	5900
7137	5902
7137	6422
7137	7139
7137	6740
7140	1073
7140	743
7140	1774
7140	7141
7140	6367
7140	7142
7140	4718
7140	5189
7140	5994
7140	7143
7140	6767
7140	7144
7140	6971
7140	7145
7146	4149
7146	4323
7146	4326
7146	7147
7146	5996
7146	6827
7146	6348
7146	6576
7146	6590
7146	6572
7146	7148
7146	6828
7146	6825
7149	2708
7150	1137
7150	7151
7150	7152
7153	5040
7153	7154
7153	5043
7153	5044
7153	7155
7153	7156
7153	6335
7153	7157
7153	7158
7153	7159
7153	7133
7160	129
7160	131
7160	7161
7160	1024
7160	2270
7160	2366
7160	3147
7160	3677
7160	3786
7160	4149
7160	4321
7160	4323
7160	4326
7160	4379
7160	4380
7160	4807
7160	4805
7160	5051
7160	5311
7160	6511
7160	7162
7160	6073
7160	7163
7160	6514
7160	6337
7160	6787
7160	7164
7160	6785
7160	7165
7160	6926
7160	7166
7167	4986
7168	1118
7168	3982
7168	5736
7168	5281
7168	5287
7168	5289
7168	6883
7168	5734
7168	6888
7168	7169
7168	6891
7168	7170
7168	7171
7168	6893
7168	6823
7172	6332
7172	7173
7172	5575
7172	5576
7172	5574
7174	1694
7174	1315
7174	3045
7174	3680
7174	3652
7174	3855
7174	5795
7174	6743
7174	6568
7174	6632
7174	6633
7175	3067
7175	2366
7175	3953
7175	3954
7175	6680
7175	5437
7175	7176
7175	5957
7175	5938
7175	7177
7175	7178
7179	2550
7179	5353
7179	7180
7179	7181
7182	2378
7182	1118
7182	1370
7182	1371
7182	1377
7182	2011
7182	2581
7182	2730
7182	3971
7182	3982
7182	4874
7182	5283
7182	7171
7182	6823
7183	45
7183	1413
7183	311
7183	267
7183	270
7183	403
7183	1867
7183	3231
7183	7184
7185	2368
7185	2999
7185	3597
7185	5748
7185	4790
7185	4957
7185	5145
7185	5755
7185	5757
7185	5762
7185	5750
7185	6265
7185	6270
7185	6255
7185	6869
7185	7186
7185	7187
7185	7134
7185	6924
7188	5412
7188	4326
7188	5053
7188	7189
7188	7190
7188	7191
7188	6337
7188	7192
7193	856
7193	1494
7193	1496
7193	1501
7193	1503
7193	2123
7193	2124
7193	1754
7193	1748
7193	2117
7193	2347
7193	2343
7193	2982
7193	2768
7193	3042
7193	3043
7193	3044
7193	3026
7193	5196
7193	3520
7193	3561
7193	5501
7193	6868
7193	6955
7193	7004
7193	7100
7193	7130
7194	1011
7194	7195
7194	6058
7194	4505
7194	5983
7194	6070
7194	6478
7194	6829
7196	3212
7196	3213
7196	1495
7196	1625
7196	2447
7196	7197
7196	2331
7196	2327
7196	3475
7196	2367
7196	2368
7196	3626
7196	3217
7196	3476
7196	3218
7196	2960
7196	3211
7196	3479
7196	3914
7196	3953
7196	3967
7196	3630
7196	3954
7196	3968
7196	3975
7196	4615
7196	6099
7196	4619
7196	7198
7196	7199
7196	4804
7196	7200
7201	4149
7201	4323
7201	4326
7201	4380
7201	4396
7201	4805
7201	5051
7201	7163
7201	6422
7201	6337
7201	7202
7201	6726
7201	7203
7201	7204
7205	324
7205	113
7205	7206
7205	3232
7205	2777
7205	5583
7205	5735
7205	3971
7205	3982
7205	5736
7205	5279
7205	5281
7205	5287
7205	5289
7205	5734
7205	7169
7205	6891
7205	7170
7205	6823
7205	7207
7208	1511
7208	3985
7208	1512
7208	7209
7208	3987
7208	7210
7208	3984
7211	778
7211	1096
7211	1703
7211	6718
7211	1991
7211	779
7211	324
7211	1123
7211	777
7211	1829
7211	4650
7211	1026
7211	1011
7211	1993
7211	2437
7211	1833
7211	1994
7211	1838
7211	5260
7211	3944
7211	3366
7211	3946
7211	4255
7211	3745
7211	4603
7211	4662
7211	5116
7211	5117
7211	4885
7211	5120
7211	6866
7211	5755
7211	6341
7211	5258
7211	5760
7211	5975
7211	6343
7211	6720
7211	6488
7211	6630
7211	6867
7211	6255
7211	6869
7211	7212
7211	6629
7211	6872
7211	6873
7211	7064
7211	6874
7211	7213
7211	7214
7211	7215
7211	6864
7211	7216
7211	7217
7218	3663
7218	425
7218	1005
7218	1887
7218	1968
7218	2028
7218	3727
7218	2257
7218	2365
7218	2367
7218	2368
7218	3476
7218	3539
7218	3960
7218	3628
7218	4416
7218	3971
7218	4874
7218	4417
7218	7219
7218	6957
7218	6884
7218	6823
7218	6895
7220	7221
7220	7222
7223	405
7223	7224
7223	6151
7223	7225
7223	7226
7223	495
7223	442
7223	454
7223	7227
7223	6153
7223	7228
7223	7229
7223	7230
7223	7231
7223	7232
7223	7233
7234	4625
7234	5323
7234	6944
7234	6396
7234	6393
7234	6943
7235	2534
7235	1015
7235	2317
7235	7236
7235	6277
7235	7237
7235	7238
7235	7239
7235	6275
7235	7240
7241	2442
7241	2395
7241	2440
7241	7242
7241	7243
7241	7220
7244	2270
7244	2550
7244	6187
7245	7246
7245	7247
7245	7248
7245	3755
7245	7249
7245	7250
7245	5856
7245	7149
7245	7251
7252	1257
7252	4921
7252	4922
7252	4923
7252	4924
7252	3007
7252	3008
7252	4926
7252	4927
7252	4919
7252	5003
7252	7253
7252	5936
7252	7254
7252	7255
7252	5935
7252	7256
7252	7257
7252	6960
7258	4149
7258	4379
7258	4380
7258	4396
7258	5046
7258	5036
7258	4805
7258	5051
7258	7259
7258	5442
7258	7260
7258	5966
7258	7163
7258	6422
7258	7202
7258	7261
7258	7203
7262	4068
7262	5492
7262	7263
7262	4639
7262	7264
7262	4078
7262	7265
7262	7266
7267	167
7267	1011
7267	1717
7267	6059
7267	6060
7267	6339
7267	7268
7267	7269
7270	3791
7270	4957
7270	5890
7270	6478
7270	6476
7270	7271
7270	7272
7270	7273
7270	7025
7274	411
7274	606
7274	5821
7274	7275
7274	7276
7274	710
7274	7277
7278	3873
7278	2929
7278	2922
7278	4210
7278	3798
7278	3356
7278	3806
7278	3653
7278	4149
7278	5063
7278	4274
7278	5361
7278	7279
7278	4967
7278	5946
7278	5447
7278	5362
7278	5358
7278	7280
7278	7076
7278	5561
7278	6079
7278	7281
7278	6884
7278	7282
7283	786
7283	4149
7283	4323
7283	4326
7283	4795
7283	5127
7283	4800
7283	4803
7283	5129
7283	5653
7283	5654
7283	5321
7283	5446
7283	5448
7283	7284
7283	5655
7283	5656
7283	5318
7283	5657
7283	5658
7283	5660
7283	5652
7283	7285
7283	6085
7283	5925
7283	7286
7283	6075
7283	6512
7283	6779
7283	5972
7283	6515
7283	7287
7283	6337
7283	6517
7283	7288
7283	6518
7283	7289
7283	7290
7283	7291
7283	6780
7283	7292
7283	7293
7283	7294
7283	7295
7283	7296
7283	7297
7283	7298
7299	3348
7299	3426
7299	3724
7299	3432
7299	3433
7299	6753
7299	6724
7299	7094
7300	7301
7302	3437
7302	5418
7302	7303
7302	7304
7302	7305
7302	7306
7307	2127
7307	427
7307	2199
7307	7308
7307	2422
7307	6251
7307	6252
7309	7310
7309	7311
7309	128
7309	7312
7309	543
7309	1976
7309	7313
7309	7314
7309	7315
7309	6391
7309	6392
7309	6385
7316	778
7316	779
7316	1829
7316	4244
7316	5457
7316	1833
7316	4246
7316	4256
7316	5465
7316	7317
7318	4149
7318	5053
7318	4794
7318	5230
7318	5923
7318	5926
7318	5922
7318	6076
7318	6078
7318	6337
7318	7319
7318	7320
7318	7321
7318	7322
7318	7323
7324	5301
7324	1560
7324	1562
7324	1559
7324	5306
7324	6848
7324	6849
7324	6851
7324	6852
7324	6853
7325	6309
7325	578
7325	7326
7325	7327
7325	7328
7325	7329
7325	7330
7331	3776
7331	3777
7331	7332
7333	6058
7333	6339
7333	6479
7333	6739
7333	7271
7333	7334
7333	7335
7333	7336
7333	7337
7333	7338
7333	7339
7333	7023
7333	6832
7333	7340
7333	6835
7333	7341
7333	7273
7333	7342
7343	1058
7343	1059
7343	7344
7343	4647
7343	7345
7343	7346
7343	5875
7347	7348
7347	7349
7347	6347
7347	6339
7347	6476
7347	6739
7347	7271
7347	7334
7347	7335
7347	7337
7347	7148
7347	7023
7347	6833
7347	7340
7347	6835
7347	7341
7347	7273
7347	7350
7347	6965
7347	7351
7352	4486
7352	4149
7352	4323
7352	4326
7352	4345
7352	4795
7352	4796
7352	4797
7352	4800
7352	4803
7352	5446
7352	6301
7352	5655
7352	5656
7352	5652
7352	5924
7352	7353
7352	7354
7352	5972
7352	5996
7352	6827
7352	6348
7352	6337
7352	6576
7352	7355
7352	7128
7352	7356
7352	6825
7352	7357
7352	7358
7359	1448
7359	269
7359	427
7359	6622
7359	7360
7359	1818
7359	1548
7359	2066
7359	1550
7359	3093
7359	5919
7359	7361
7362	1127
7362	1887
7362	7154
7362	1968
7362	1578
7362	6080
7362	4149
7362	4323
7362	4326
7362	4692
7362	5053
7362	6222
7362	5241
7362	7156
7362	5235
7362	5232
7362	6335
7362	5900
7362	5902
7362	6422
7362	6827
7362	6590
7362	7363
7362	6835
7362	6825
7364	4381
7364	7180
7365	311
7365	267
7365	270
7365	383
7365	7366
7365	7367
7365	6040
7365	3231
7365	6041
7365	7368
7365	7369
7365	6363
7365	7370
7365	3721
7365	6042
7365	6176
7365	6841
7365	5086
7365	6052
7365	5440
7365	6842
7365	6177
7365	6039
7365	6843
7365	6844
7365	7371
7365	7372
7373	7374
7373	375
7373	315
7373	2465
7373	544
7373	975
7373	2472
7373	3142
7373	4149
7373	5635
7373	5636
7373	5637
7373	5639
7373	5640
7373	5641
7373	5634
7373	6461
7375	1240
7375	2053
7375	113
7375	2056
7375	846
7375	7376
7375	4039
7375	3231
7375	4431
7375	7377
7378	1118
7378	1370
7378	1377
7378	3873
7378	3971
7378	3982
7378	3972
7378	4874
7378	4875
7378	5279
7378	5280
7378	5244
7378	6884
7378	6823
7378	7379
7378	7380
7378	7218
7381	5700
7381	1369
7381	1830
7381	1309
7381	1377
7381	1831
7381	2011
7381	3348
7381	2155
7381	2270
7381	2765
7381	2265
7381	2366
7381	2575
7381	2793
7381	4210
7381	3795
7381	3796
7381	3797
7381	3799
7381	3806
7381	3653
7381	4220
7381	4149
7381	7382
7381	5063
7381	4274
7381	4376
7381	4382
7381	7383
7381	4567
7381	4718
7381	5814
7381	4967
7381	5355
7381	7384
7381	5347
7381	3432
7381	5904
7381	6509
7381	6565
7381	7385
7381	7386
7381	7094
7387	3578
7387	3574
7387	7388
7387	7389
7387	6605
7387	6315
7387	7390
7387	6857
7387	7391
7387	6854
7392	405
7392	311
7392	267
7392	270
7392	427
7392	1463
7392	1464
7392	449
7392	7393
7392	2732
7392	2777
7392	6152
7392	4738
7392	5074
7392	5070
7392	6155
7392	6156
7392	6158
7392	6159
7392	6149
7394	1024
7394	1377
7394	2155
7394	2270
7394	2550
7394	3971
7394	3982
7394	4875
7394	5279
7394	5280
7394	5281
7394	5282
7394	5109
7394	5287
7394	5734
7394	5778
7394	5934
7394	5930
7394	7169
7394	6891
7394	7395
7394	6893
7394	6823
7394	6896
7394	6897
7394	7396
7397	855
7397	856
7397	1011
7397	1717
7397	2270
7397	4356
7397	3610
7397	3794
7397	3774
7397	3839
7397	4606
7397	4226
7397	4229
7397	4605
7397	5143
7397	5061
7397	7398
7397	6879
7399	3203
7399	4
7399	832
7399	1933
7399	1881
7399	197
7399	1492
7399	4652
7399	1889
7399	1257
7399	1574
7399	1629
7399	1630
7399	1579
7399	1581
7399	1584
7399	7400
7399	3736
7399	2725
7399	2720
7399	7401
7399	7402
7399	4149
7399	5435
7399	4489
7399	4326
7399	4484
7399	7403
7399	5227
7399	7404
7399	5603
7399	7405
7399	7406
7399	6831
7399	7407
7399	7408
7399	7409
7410	7411
7410	7412
7413	383
7413	544
7413	1565
7413	980
7413	981
7413	2306
7413	984
7413	3176
7413	3103
7413	1728
7413	1721
7413	2179
7413	2877
7413	2613
7413	6497
7413	4933
7413	5378
7413	7414
7415	1240
7415	1246
7415	4107
7415	4431
7415	4110
7416	2654
7416	7417
7416	859
7416	7418
7416	4181
7416	36
7416	7419
7416	7420
7416	7421
7416	2198
7416	4542
7416	7422
7416	7423
7416	4310
7416	7424
7416	6147
7416	7425
7426	7427
7426	6242
7426	7428
7426	6243
7426	7429
7426	5519
7426	6244
7426	7430
7426	7431
7426	6245
7426	5618
7426	5518
7426	6240
7426	7432
7426	7433
7434	4650
7434	1709
7434	1832
7434	1994
7434	1835
7434	1836
7434	3349
7434	1719
7434	1838
7434	2430
7434	2432
7434	1828
7434	3941
7434	5260
7434	3945
7434	4372
7434	4373
7434	4255
7434	3939
7434	4295
7434	5116
7434	5117
7434	5120
7434	5121
7434	5124
7434	5204
7434	5258
7434	6289
7434	6630
7434	6722
7434	6287
7434	6579
7434	6629
7434	7064
7434	7065
7434	7213
7434	7056
7434	7217
7434	7435
7436	1524
7436	1008
7436	299
7436	7437
7436	1523
7436	2560
7436	2230
7436	3291
7436	7438
7436	7439
7436	7440
7436	7441
7442	778
7442	199
7442	553
7442	1703
7442	2746
7442	559
7442	7443
7442	1026
7442	1011
7442	1709
7442	1993
7442	1717
7442	1996
7442	1838
7442	3743
7442	3945
7442	3366
7442	3367
7442	4372
7442	4373
7442	3368
7442	3425
7442	3741
7442	4510
7442	4374
7442	4505
7442	5116
7442	5117
7442	5123
7442	5538
7442	5204
7442	6719
7442	6140
7442	6721
7442	6723
7442	6967
7442	6870
7442	6696
7442	7444
7442	7445
7442	7446
7442	7447
7448	2636
7448	5393
7448	7449
7448	2226
7448	2227
7448	7450
7448	5395
7448	7451
7448	5468
7448	4809
7448	5477
7448	5478
7448	5479
7448	5480
7448	5397
7448	7452
7453	1369
7453	1011
7453	1993
7453	1717
7453	1501
7453	3348
7453	1996
7453	1990
7453	2982
7453	2983
7453	4312
7453	4450
7453	4505
7453	6966
7453	5504
7453	5538
7453	7454
7453	5591
7453	5501
7453	5590
7453	7455
7453	7456
7453	7457
7453	7006
7453	6478
7458	4462
7458	4149
7458	4323
7458	4326
7458	4796
7458	4807
7458	4692
7458	4805
7458	5051
7458	5242
7458	5731
7458	6429
7458	5311
7458	5235
7458	6433
7458	6070
7458	6072
7458	6073
7458	7163
7458	6074
7458	6108
7458	6337
7458	6376
7458	6427
7458	6590
7458	6594
7458	6725
7458	7459
7458	7363
7458	7460
7458	6833
7458	6835
7458	7461
7458	7462
7463	4149
7463	4323
7463	4326
7463	4436
7463	4573
7463	4795
7463	4796
7463	4800
7463	4801
7463	4802
7463	4803
7463	4794
7463	5799
7463	5653
7463	5654
7463	5446
7463	5448
7463	5800
7463	5801
7463	7284
7463	5802
7463	5655
7463	5656
7463	5803
7463	5805
7463	5970
7463	5658
7463	7285
7463	5798
7463	5924
7463	5972
7463	6551
7463	7287
7463	6827
7463	7464
7463	7288
7463	6518
7463	7289
7463	7465
7463	7291
7463	7292
7463	7283
7463	7352
7463	7466
7467	6280
7467	6281
7467	4726
7467	4961
7467	6282
7467	6279
7468	657
7468	665
7468	1975
7468	3971
7468	5098
7468	4874
7468	5283
7468	5486
7468	6819
7468	6820
7468	6823
7468	7469
7470	1371
7470	2011
7470	2581
7470	2155
7470	3971
7470	6823
7471	3213
7471	2257
7471	3475
7471	3541
7471	3731
7471	4346
7471	3724
7471	4007
7471	4005
7471	4326
7471	4396
7471	4345
7471	7472
7473	3486
7473	499
7473	2885
7473	6327
7473	7474
7473	7475
7476	7477
7476	7478
7476	7479
7476	7480
7476	7481
7476	7482
7476	7483
7476	7484
7485	7486
7485	2597
7485	2600
7485	7487
7485	4539
7485	7488
7489	778
7489	1703
7489	779
7489	324
7489	777
7489	1829
7489	4650
7489	7490
7489	1024
7489	5457
7489	2670
7489	1833
7489	1835
7489	1836
7489	1838
7489	1828
7489	2269
7489	2461
7489	4097
7489	4242
7489	4400
7489	5117
7489	7060
7489	6289
7489	6579
7489	7491
7489	7492
7489	6873
7489	7063
7489	7064
7489	7065
7489	7066
7489	6864
7489	7056
7489	7217
7489	7435
7489	7211
7489	7434
7493	7494
7493	5529
7493	7495
7493	5567
7493	7496
7493	7497
7493	5849
7493	7498
7499	7500
7499	6169
7499	6171
7501	7502
7501	7500
7501	6169
7501	6171
7501	6174
7501	6164
7501	7503
7501	7504
7505	3871
7505	2581
7505	3873
7505	2725
7505	2720
7505	3965
7505	3809
7505	6130
7505	3959
7505	7506
7505	5565
7505	5561
7505	5600
7505	7507
7505	7508
7505	7509
7510	4767
7510	3577
7510	7389
7510	7511
7510	6605
7510	7390
7510	7512
7510	7513
7510	7391
7510	6858
7510	6854
7510	7514
7510	7515
7516	70
7516	1287
7516	1576
7516	1630
7516	1636
7516	2894
7516	2896
7516	2898
7516	3642
7516	4340
7516	7517
7518	856
7518	1020
7518	1023
7518	988
7518	2274
7518	2270
7518	2271
7518	2411
7518	2377
7518	3422
7518	3364
7518	3504
7518	3948
7518	5364
7518	7519
7518	7520
7518	7521
7518	7522
7523	3539
7523	3960
7523	3914
7523	3630
7523	3975
7523	4414
7523	7524
7523	7525
7526	197
7526	3427
7526	1821
7526	3301
7526	2270
7526	2349
7526	2366
7526	4952
7526	2773
7526	2777
7526	2770
7526	3147
7526	3306
7526	3048
7526	4736
7526	3920
7526	3839
7526	4149
7526	4883
7526	4229
7526	5063
7526	4738
7526	5074
7526	5070
7526	6159
7526	6950
7526	7527
7526	7528
7529	7530
7531	2517
7531	1762
7531	2399
7531	7532
7531	7533
7534	786
7534	7535
7534	1408
7534	1024
7534	2104
7534	1404
7534	2115
7534	2100
7534	3129
7534	3130
7534	6887
7534	7536
7534	7537
7534	6488
7534	6478
7534	6476
7534	7271
7534	7334
7534	7335
7534	7538
7534	7339
7534	6832
7534	7539
7534	7340
7534	7025
7534	7022
7534	7347
7534	7540
7541	1024
7541	2399
7541	3255
7541	3277
7541	4149
7541	4323
7541	4326
7541	6339
7541	6478
7541	6479
7541	6968
7541	6739
7541	7271
7541	7338
7541	6832
7541	6835
7541	7025
7541	7542
7541	7270
7541	7543
7544	1011
7544	1717
7544	6058
7544	6478
7544	6832
7544	6834
7544	6829
7544	7025
7544	7350
7544	7545
7544	7546
7544	7547
7544	7548
7544	7543
7544	7549
7550	1589
7550	655
7550	669
7550	1242
7550	689
7550	7551
7550	650
7550	1593
7550	5453
7550	7552
7550	2948
7550	1768
7550	7553
7550	7554
7550	4585
7550	5455
7550	7555
7556	5529
7556	7495
7556	5567
7556	7496
7556	7497
7556	7498
7556	7493
7557	289
7557	7558
7557	1733
7557	856
7557	1694
7557	1735
7557	1711
7557	1632
7557	2366
7557	5483
7557	6819
7557	6715
7557	6716
7557	6713
7557	7171
7557	7559
7557	7560
7561	5176
7561	7512
7561	7562
7563	6188
7563	6823
7564	1013
7564	777
7564	1833
7564	4242
7564	5932
7564	7565
7564	6901
7564	7566
7564	7317
7564	7567
7564	7568
7569	4549
7569	7570
7569	7571
7569	4924
7569	7572
7569	3008
7569	3006
7569	4925
7569	4926
7569	4929
7569	7254
7569	7255
7569	7257
7569	7573
7569	7574
7569	7575
7569	7576
7577	1336
7577	2270
7577	2265
7577	2732
7577	2775
7577	2777
7577	2770
7577	3048
7577	3562
7577	3563
7577	7578
7577	4672
7577	4149
7577	4883
7577	4321
7577	4323
7577	4326
7577	4673
7577	5440
7577	6337
7577	7579
7577	6959
7577	7580
7581	6384
7581	6478
7581	6739
7581	7272
7581	6834
7581	7194
7581	7582
7583	659
7583	7584
7583	2544
7583	7585
7583	7586
7583	3931
7587	411
7587	719
7587	856
7587	802
7587	1000
7587	1118
7587	1709
7587	2152
7587	1618
7587	2270
7587	2576
7587	2732
7587	2775
7587	2777
7587	3563
7587	4149
7587	4321
7587	4323
7587	4326
7587	4376
7587	4382
7587	4390
7587	4567
7587	4996
7587	6563
7587	6055
7587	6672
7587	6569
7587	7588
7587	6959
7587	7589
7590	2312
7590	7591
7590	7592
7590	7593
7590	7594
7595	1280
7595	1281
7595	7596
7595	7597
7595	7598
7595	7599
7595	7600
7595	7601
7602	361
7602	650
7602	4986
7602	2201
7602	4109
7602	4989
7602	7603
7602	4985
7604	3486
7604	501
7604	4368
7604	503
7604	7605
7604	6320
7604	843
7604	7606
7604	4369
7604	4367
7604	7607
7604	7608
7609	3132
7609	659
7609	1878
7609	6256
7609	2488
7609	7610
7609	7586
7609	3140
7609	3131
7609	4885
7609	4790
7609	6259
7609	5755
7609	5757
7609	5578
7609	5760
7609	6265
7609	6267
7609	7009
7609	7611
7466	4149
7466	4323
7466	4326
7466	4796
7466	5127
7466	4803
7466	5129
7466	5654
7466	5448
7466	5657
7466	5659
7466	5652
7466	6085
7466	6512
7466	7287
7466	6517
7466	6518
7466	7465
7466	7290
7466	7291
7466	7292
7466	7295
7466	7296
7466	7297
7466	7283
7466	7463
7612	7613
7612	6201
7612	7614
7615	692
7615	7616
7615	5691
7615	5833
7615	7617
7615	7618
7619	2290
7620	1781
7620	2270
7620	2550
7620	2578
7620	7621
7620	5287
7620	5734
7620	6888
7620	5934
7620	5930
7620	7169
7620	6891
7620	7622
7620	6823
7620	7623
7620	6824
7620	6897
7620	7396
7620	7624
7620	7625
7620	7626
7627	1024
7627	4885
7627	4790
7627	5757
7627	6265
7627	6823
7627	7009
7627	7611
7627	7628
7629	3822
7629	7630
7629	1008
7629	2132
7629	7631
7629	7632
7633	778
7633	779
7633	975
7633	777
7633	1829
7633	4650
7633	1833
7633	5260
7633	4149
7633	4323
7633	4326
7633	4376
7633	4382
7633	4390
7633	4371
7633	4567
7633	4841
7633	5258
7633	5442
7633	5443
7633	6506
7633	5904
7633	6564
7633	7189
7633	6508
7633	6509
7633	6565
7633	6566
7633	6073
7633	6536
7633	6537
7633	6630
7633	6337
7633	6568
7633	6570
7633	6571
7633	6562
7633	6629
7633	6873
7633	6874
7633	6782
7633	7213
7633	7634
7633	7217
7633	7635
7633	7462
7633	7636
7633	7637
7638	1024
7638	1377
7638	1576
7638	2270
7638	2411
7638	2366
7638	2412
7638	2550
7638	2734
7638	2772
7638	2777
7638	3798
7638	5349
7638	3971
7638	5063
7638	4874
7638	7639
7638	6012
7638	6821
7638	7180
7638	6822
7638	7622
7638	6823
7638	7640
7638	7641
7638	7642
7643	700
7643	4192
7643	5385
7643	7644
7645	1024
7645	2270
7645	2366
7645	3147
7645	5875
7645	7646
7647	289
7647	518
7647	1885
7647	1313
7647	1377
7647	1576
7647	1629
7647	1630
7647	1634
7647	1635
7647	1639
7647	1505
7647	2537
7647	7648
7649	501
7649	503
7649	840
7649	6320
7649	843
7649	7650
7649	7606
7649	2158
7649	4704
7649	7651
7652	1008
7652	7653
7652	1227
7652	1229
7652	1224
7652	7654
7655	3914
7655	4615
7655	7506
7655	6133
7655	6129
7655	6588
7655	7508
7655	7656
7655	7509
7655	7657
7658	7659
7658	4901
7658	5930
7658	6823
7660	1694
7660	1005
7660	1109
7660	1374
7660	1503
7660	3027
7660	2786
7660	3520
7660	3982
7660	4149
7660	4305
7660	4607
7660	5068
7660	5198
7660	5037
7660	5202
7660	5195
7660	5558
7660	5559
7660	5903
7660	5890
7660	5898
7660	5995
7660	6466
7660	5989
7660	6475
7660	6337
7660	7661
7660	7409
7662	134
7662	2936
7662	4911
7662	4908
7662	7663
7662	7664
7665	2903
7666	7667
7666	357
7666	1243
7666	1952
7666	1954
7666	2165
7666	7668
7666	3150
7666	7669
7666	1957
7666	3151
7666	5647
7666	7670
7671	880
7672	5247
7672	7673
7672	1079
7672	383
7672	2142
7672	299
7672	387
7672	775
7672	7674
7672	978
7672	1484
7672	2388
7672	979
7672	1087
7672	980
7672	981
7672	1003
7672	1566
7672	1567
7672	1343
7672	982
7672	983
7672	984
7672	985
7672	986
7672	1917
7672	987
7672	1108
7672	973
7672	4830
7672	1790
7672	2123
7672	6494
7672	2029
7672	2033
7672	2146
7672	6939
7672	2117
7672	2149
7672	4318
7672	2718
7672	2641
7672	7675
7672	2902
7672	5877
7672	2786
7672	6498
7672	6500
7672	3090
7672	3515
7672	3087
7672	3520
7672	4284
7672	6940
7672	4419
7672	6403
7672	3889
7672	4494
7672	4149
7672	4323
7672	4326
7672	4425
7672	6135
7672	7676
7672	7677
7672	5783
7672	5784
7672	6406
7672	7678
7672	7679
7672	5785
7672	5899
7672	4803
7672	7680
7672	5654
7672	7681
7672	5448
7672	5786
7672	7682
7672	5885
7672	6409
7672	7683
7672	7684
7672	6460
7672	5876
7672	6182
7672	6411
7672	7685
7672	6412
7672	6515
7672	6413
7672	6400
7672	7686
7672	7687
7672	7688
7672	7689
7672	7690
7672	7691
7672	6937
7672	7692
7672	7693
7672	7694
7695	1024
7695	1118
7695	1309
7695	1576
7695	3348
7695	2380
7695	2270
7695	2826
7695	3113
7695	2824
7695	7696
7695	4132
7695	3971
7695	3982
7695	4228
7695	4232
7695	3977
7695	5098
7695	5278
7695	4607
7695	4833
7695	4874
7695	5279
7695	5280
7695	5282
7695	5484
7695	5283
7695	5485
7695	5287
7695	5288
7695	5289
7695	5244
7695	6883
7695	5290
7695	5757
7695	5277
7695	5483
7695	6917
7695	7697
7695	5934
7695	6821
7695	6822
7695	6823
7695	7698
7699	411
7699	3409
7699	5094
7699	4305
7699	4376
7699	4382
7699	5198
7699	5407
7699	5404
7699	5662
7699	5417
7699	5661
7699	6464
7699	7700
7699	7701
7702	1781
7702	3132
7702	1024
7702	3131
7702	7703
7702	3971
7702	3982
7702	5279
7702	5280
7702	7704
7702	5734
7702	5930
7702	7705
7702	6891
7702	6823
7702	6895
7702	6824
7702	6897
7702	7396
7702	7628
7702	7706
7702	7620
7707	1015
7707	1020
7707	1024
7707	1026
7707	1371
7707	1372
7707	1911
7707	1632
7707	2010
7707	2155
7707	2366
7707	4249
7707	4250
7707	4359
7707	4662
7707	4885
7707	4790
7707	7176
7707	5755
7707	5756
7707	5760
7707	6272
7707	6527
7707	6528
7707	6255
7707	6869
7707	6529
7707	6530
7707	6525
7707	6924
7707	7708
7707	7709
7707	7710
7711	6478
7711	7636
7712	4149
7712	4323
7712	4326
7712	4384
7712	6337
7712	7713
7712	7714
7712	7715
7712	7716
7717	3401
7717	7608
7717	7604
7718	7719
7718	1309
7718	2330
7718	3348
7718	2005
7718	2257
7718	5583
7718	3724
7718	3838
7718	4841
7718	4790
7718	7720
7718	5757
7718	6264
7718	7721
7718	7722
7718	7723
7724	2270
7724	2460
7724	2573
7724	2777
7724	3971
7724	3982
7724	4149
7724	5098
7724	4607
7724	4326
7724	4870
7724	6744
7724	6823
7724	7657
7724	7580
7725	3287
7725	2560
7725	3290
7725	3292
7725	7726
7725	7727
7725	7728
7725	7729
7725	7730
7731	1137
7731	7632
7731	7732
7733	7734
7733	6314
7733	6735
7733	6736
7735	4718
7735	4958
7735	4966
7735	5182
7735	5183
7735	5184
7735	5185
7735	5186
7735	5188
7735	5189
7735	5181
7735	5722
7735	6548
7735	6542
7735	7736
7737	7738
7737	7739
7737	1954
7737	7740
7737	1955
7737	2069
7737	4679
7737	4680
7737	5009
7737	7741
7737	7742
7743	4582
7743	6314
7743	6733
7743	6734
7743	4803
7743	6735
7743	7744
7743	6736
7745	4149
7745	5326
7745	6347
7745	6337
7745	6478
7745	7023
7745	7025
7745	7350
7745	7022
7745	7546
7745	7548
7745	7746
7745	7318
7745	7543
7745	7549
7745	7544
7747	7748
7747	966
7747	968
7747	3188
7747	4217
7747	3971
7747	3982
7747	4149
7747	4467
7747	4323
7747	4383
7747	4782
7747	4783
7747	6068
7747	6883
7747	7749
7747	6712
7747	6821
7747	6893
7747	7750
7747	6822
7747	6823
7747	6885
7747	7751
7747	7752
7747	7753
7747	7754
7747	7755
7747	7756
7747	7757
7758	7759
7758	6166
7758	6167
7758	7760
7758	6169
7758	6171
7758	6172
7758	6174
7758	6164
7758	7504
7758	7761
7758	7762
7763	7764
7763	7765
7763	7766
7763	7767
7768	3871
7768	2581
7768	3873
7768	2725
7768	2720
7768	3965
7768	3809
7768	6130
7768	3959
7768	7506
7768	5565
7768	5561
7768	5600
7768	7507
7768	7508
7768	7509
7769	3971
7769	6744
7769	6884
7769	6823
7769	6895
7769	7623
