4261	553
4261	561
4262	1376
4262	1821
4262	2331
4262	2327
4262	2365
4262	2367
4262	2368
4262	3626
4262	3539
4262	4263
4262	3820
4264	4265
4266	856
4266	1011
4266	2670
4266	1717
4266	3742
4266	3743
4266	3366
4266	3368
4266	4267
4266	3741
4266	4268
4266	4045
4269	544
4269	1020
4269	1021
4269	1025
4269	1118
4269	1495
4269	1715
4269	2329
4269	1751
4269	2123
4269	1837
4269	1701
4269	4270
4269	4271
4269	2446
4269	2813
4269	3514
4269	3795
4269	3796
4269	3799
4269	4032
4269	3896
4269	3956
4269	3958
4269	3951
4269	4033
4269	4272
4269	4030
4269	4273
4274	1823
4274	1378
4274	1495
4274	1578
4274	2546
4274	4275
4274	3476
4274	4276
4274	4195
4274	4277
4274	4196
4274	4153
4274	4149
4274	4154
4274	4152
4274	4278
4279	975
4279	1082
4279	1128
4279	1374
4279	1376
4279	1709
4279	1632
4279	1503
4279	2124
4279	1767
4279	1759
4279	2117
4279	2366
4279	3030
4279	2446
4279	3031
4279	2810
4279	3032
4279	2784
4279	2813
4279	2785
4279	2786
4279	2781
4279	3036
4279	3037
4279	3038
4279	3039
4279	3040
4279	3088
4279	3041
4279	3042
4279	3089
4279	3515
4279	3087
4279	3516
4279	3518
4279	3519
4279	3258
4279	3520
4279	4280
4279	3521
4279	3523
4279	3512
4279	3544
4279	3593
4279	4281
4279	4282
4279	4283
4279	4284
4279	4285
4279	4286
4279	4287
4279	4288
4279	4289
4279	4290
4279	4291
4279	4292
4279	4293
4279	4294
4279	4295
4279	4296
4279	4297
4279	4298
4279	4299
4279	4300
4279	4301
4279	4302
4279	4303
4279	4304
4279	4305
4279	4306
4307	762
4307	3171
4307	36
4307	475
4307	85
4307	88
4307	94
4307	4308
4307	4309
4307	4310
4307	761
4307	4115
4307	4311
4312	1501
4312	1627
4312	2123
4312	2124
4312	2980
4312	2005
4312	2117
4312	3030
4312	3031
4312	3429
4312	2982
4312	2983
4312	3156
4312	3044
4312	3690
4312	3692
4312	4313
4312	4314
4312	4315
4312	4316
4317	1823
4317	1916
4317	1920
4317	4318
4317	4319
4317	4320
4317	3044
4317	4196
4317	4153
4317	4154
4317	4274
4317	4321
4317	4322
4317	4323
4317	4324
4317	4325
4317	4326
4327	4328
4327	3389
4327	483
4327	735
4327	3390
4327	4329
4327	4330
4327	1231
4327	1610
4327	3393
4327	3388
4327	4331
4327	4332
4333	1548
4333	1550
4333	1551
4333	1552
4333	4334
4335	4336
4335	2929
4335	3937
4337	2353
4337	1572
4337	3954
4337	4338
4337	4339
4337	4340
4341	1396
4341	317
4341	2468
4341	1535
4341	1399
4341	1536
4341	4342
4341	1537
4341	2911
4341	4343
4341	1481
4341	2270
4341	4344
4341	4229
4345	1572
4345	403
4345	1254
4345	2261
4345	2257
4345	3541
4345	3731
4345	4346
4345	4053
4345	4005
4345	4347
4348	1823
4348	2353
4348	1572
4348	3954
4348	4337
4349	4350
4351	4352
4351	1519
4351	1521
4351	596
4351	4353
4351	2704
4351	4354
4355	299
4355	1015
4355	855
4355	856
4355	1011
4355	1374
4355	1376
4355	1712
4355	1717
4355	2270
4355	2352
4355	2733
4355	2726
4355	3408
4355	4356
4355	3540
4355	3610
4355	3061
4355	3543
4355	3537
4355	3852
4355	3774
4355	3788
4355	3773
4355	3971
4355	3982
4355	4149
4355	4357
4355	4358
4355	4326
4355	4359
4360	4361
4360	4362
4360	4363
4360	4364
4360	4365
4360	4366
4367	3486
4367	4368
4367	840
4367	4369
4370	23
4370	24
4370	25
4370	2711
4371	200
4371	406
4371	1026
4371	1709
4371	1495
4371	1577
4371	1835
4371	1836
4371	3349
4371	1838
4371	3186
4371	2793
4371	3188
4371	3945
4371	3042
4371	3043
4371	4372
4371	4373
4371	4217
4371	4255
4371	4132
4371	3855
4371	4024
4371	4196
4371	4149
4371	4298
4371	4152
4371	4321
4371	4322
4371	4374
4371	4323
4371	4324
4371	4326
4371	4375
4371	4376
4371	4377
4371	4378
4371	4317
4371	4379
4371	4380
4371	4381
4371	4382
4371	4334
4371	4383
4371	4384
4371	4385
4371	4386
4371	4387
4371	4388
4371	4389
4371	4390
4371	4391
4371	4392
4371	4347
4371	4393
4371	4394
4371	4395
4371	4396
4371	4397
4371	4398
4371	4399
4371	4400
4371	4401
4371	4402
4371	4403
4371	4404
4371	4405
4406	611
4406	1772
4406	1450
4406	1884
4406	1451
4406	1887
4406	1889
4406	4407
4406	4408
4406	1578
4406	1579
4406	1580
4406	1581
4406	2703
4406	2250
4406	4051
4406	2502
4406	3339
4406	4409
4406	4084
4406	4085
4406	4410
4406	4053
4406	4079
4406	4411
4406	4412
4406	4413
4414	1005
4414	1579
4414	1581
4414	1584
4414	2581
4414	3727
4414	2365
4414	2724
4414	2506
4414	3539
4414	2720
4414	2786
4414	4415
4414	3308
4414	4416
4414	3565
4414	3953
4414	3630
4414	3954
4414	3975
4414	4290
4414	3809
4414	3976
4414	3972
4414	4226
4414	4417
4418	543
4418	383
4418	544
4418	385
4418	982
4418	983
4418	986
4418	1103
4418	1785
4418	1786
4418	1789
4418	1802
4418	1790
4418	1791
4418	2029
4418	2149
4418	2901
4418	4419
4418	4420
4418	4421
4418	4422
4418	4423
4418	4424
4418	4425
4418	4426
4427	289
4427	663
4427	1240
4427	4428
4427	4429
4427	4430
4427	4038
4427	4431
4427	4432
4433	4434
4435	4196
4435	4149
4435	4154
4435	4152
4435	4278
4435	4274
4435	4321
4435	4322
4435	4323
4435	4324
4435	4325
4435	4326
4435	4376
4435	4377
4435	4378
4435	4317
4435	4379
4435	4380
4435	4381
4435	4382
4435	4383
4435	4436
4435	4384
4435	4385
4435	4386
4435	4388
4435	4389
4435	4390
4435	4391
4435	4392
4435	4347
4435	4437
4435	4394
4435	4395
4435	4438
4435	4396
4435	4397
4435	4398
4435	4399
4435	4401
4435	4402
4435	4403
4435	4404
4435	4405
4435	4371
4439	1730
4439	4440
4439	4441
4439	1732
4439	1736
4439	4442
4443	4444
4443	361
4443	4445
4446	4447
4446	4448
4446	4449
4450	1496
4450	1501
4450	2123
4450	2124
4450	2005
4450	3429
4450	2982
4450	2983
4450	3156
4450	2986
4450	3690
4450	2979
4450	3692
4450	4313
4450	3647
4450	4300
4450	4315
4451	1079
4451	383
4451	544
4451	975
4451	1486
4451	1092
4451	1483
4451	3601
4451	3602
4451	4452
4451	2392
4451	3603
4451	3605
4451	3606
4451	3607
4451	4453
4451	4454
4451	4455
4456	3717
4456	4457
4456	4458
4459	700
4459	4460
4459	966
4459	321
4459	2966
4459	4461
4459	822
4459	2973
4459	4462
4459	1675
4459	2371
4459	2895
4459	2373
4459	2816
4459	4463
4459	4464
4459	4465
4459	4466
4459	4218
4459	4196
4459	4149
4459	4467
4459	4324
4459	4326
4459	4468
4459	4347
4459	4396
4469	378
4469	713
4469	515
4469	383
4469	544
4469	1122
4469	1003
4469	1004
4469	1154
4469	1113
4469	1158
4469	1159
4469	1161
4469	1024
4469	1149
4469	1503
4469	1776
4469	2117
4469	2717
4469	4470
4469	2786
4469	3090
4471	2655
4471	4472
4471	4473
4471	4474
4471	4475
4471	1701
4471	2270
4471	2550
4471	4476
4471	4477
4478	4479
4478	4480
4478	3264
4478	4481
4478	3935
4478	3260
4478	4482
4478	4483
4484	700
4484	3331
4484	321
4484	1121
4484	4485
4484	789
4484	1823
4484	119
4484	4192
4484	825
4484	1572
4484	297
4484	299
4484	856
4484	1492
4484	1118
4484	1011
4484	1204
4484	1579
4484	1583
4484	1584
4484	2723
4484	2006
4484	2270
4484	2478
4484	3791
4484	2725
4484	2720
4484	4194
4484	3596
4484	4276
4484	4415
4484	4195
4484	3772
4484	4196
4484	4153
4484	4486
4484	4149
4484	4154
4484	4152
4484	4487
4484	4488
4484	4278
4484	4489
4484	4274
4484	4321
4484	4322
4484	4323
4484	4324
4484	4325
4484	4326
4484	4376
4484	4377
4484	4317
4484	4379
4484	4380
4484	4381
4484	4382
4484	4436
4484	4384
4484	4385
4484	4386
4484	4387
4484	4388
4484	4389
4484	4390
4484	4391
4484	4347
4484	4437
4484	4490
4484	4394
4484	4395
4484	4438
4484	4491
4484	4396
4484	4397
4484	4398
4484	4399
4484	4401
4484	4402
4484	4403
4484	4404
4484	4435
4492	383
4492	544
4492	299
4492	975
4492	1003
4492	1004
4492	1155
4492	1113
4492	1161
4492	1109
4492	1149
4492	1315
4492	2119
4492	1377
4492	2120
4492	1709
4492	2121
4492	2122
4492	2152
4492	1503
4492	1751
4492	2338
4492	1752
4492	1753
4492	2032
4492	2759
4492	2160
4492	2117
4492	2540
4492	3030
4492	2446
4492	3031
4492	2576
4492	2784
4492	2768
4492	2785
4492	2786
4492	3036
4492	3039
4492	3409
4492	3518
4492	3519
4492	3257
4492	3258
4492	3520
4492	4493
4492	3680
4492	4313
4492	4494
4492	4149
4492	3983
4492	4495
4492	4134
4492	4135
4492	4121
4492	4305
4492	4376
4492	4382
4492	4496
4492	4497
4492	4413
4492	4393
4492	4498
4492	4499
4500	4501
4502	319
4502	1926
4502	1931
4502	4503
4502	4504
4505	2336
4505	1369
4505	1011
4505	1120
4505	1258
4505	1204
4505	1711
4505	1993
4505	4506
4505	1717
4505	3348
4505	1996
4505	1997
4505	2370
4505	2585
4505	1990
4505	2372
4505	2375
4505	4046
4505	3742
4505	3366
4505	3744
4505	4507
4505	3368
4505	3365
4505	3425
4505	4508
4505	3745
4505	3746
4505	3659
4505	3741
4505	4509
4505	4049
4505	4045
4505	4510
4505	4511
4505	4512
4505	4266
4505	4513
4505	4514
4515	4516
4515	4517
4515	4518
4515	4519
4515	4520
4515	4521
4522	2931
4522	1396
4522	4523
4522	4524
4522	3868
4522	1395
4522	1665
4522	3244
4522	3859
4522	3857
4522	4525
4522	4526
4527	4528
4527	4529
4527	4530
4527	4531
4532	418
4532	2738
4532	324
4532	905
4532	299
4532	906
4532	909
4532	4236
4532	2270
4532	3147
4532	3308
4532	3415
4532	3298
4532	4416
4532	3677
4532	3786
4532	3912
4532	3839
4532	4234
4533	172
4533	173
4533	2798
4533	1054
4533	4534
4533	174
4533	2799
4533	1055
4533	2594
4533	4535
4533	4536
4533	1053
4533	4537
4533	2597
4533	1907
4533	2600
4533	4538
4533	3322
4533	4539
4540	3310
4540	2123
4540	3116
4540	3312
4541	3171
4541	1190
4541	1192
4541	4542
4541	4310
4541	4543
4541	4544
4541	4545
4546	3171
4546	475
4546	87
4546	88
4546	1190
4546	4547
4546	1192
4546	4542
4546	4309
4546	4310
4546	4543
4546	4544
4546	4545
4548	4549
4548	4550
4548	4551
4548	4501
4552	2248
4552	4340
4553	662
4553	4554
4553	4555
4553	4556
4553	4557
4553	4558
4553	4559
4553	4560
4553	4561
4553	4562
4553	4563
4553	4564
4553	4565
4566	577
4566	1327
4566	1328
4566	4189
4567	4375
4567	4376
4567	4382
4567	4390
4567	4371
4568	2705
4568	1521
4568	1334
4568	4569
4568	4570
4568	4571
4568	2728
4568	4572
4573	1823
4573	4196
4573	4153
4573	4149
4573	4152
4573	4274
4573	4322
4573	4323
4573	4325
4573	4326
4573	4376
4573	4377
4573	4317
4573	4379
4573	4380
4573	4382
4573	4436
4573	4385
4573	4386
4573	4388
4573	4389
4573	4390
4573	4391
4573	4394
4573	4395
4573	4438
4573	4396
4573	4397
4573	4398
4573	4401
4573	4402
4573	4403
4573	4404
4573	4435
4574	2793
4574	3188
4574	2786
4574	3953
4574	4024
4574	4149
4574	4321
4574	4326
4574	4378
4574	4379
4574	4380
4574	4395
4574	4396
4574	4397
4574	4398
4575	4542
4575	4310
4575	4576
4577	1254
4577	1442
4577	1717
4577	2005
4577	2003
4577	3742
4577	3743
4577	3366
4577	3541
4577	3368
4577	4508
4577	4267
4577	3741
4577	4268
4577	4266
4578	2670
4578	2391
4578	4579
4580	2131
4580	4581
4580	2133
4580	299
4580	1015
4580	2135
4580	856
4580	1576
4580	1631
4580	1638
4580	4582
4580	4583
4580	4222
4580	4584
4585	1241
4585	2944
4585	4586
4585	1242
4585	4587
4585	2946
4585	2947
4585	1239
4585	2949
4585	3267
4585	4588
4589	518
4589	1704
4589	418
4589	1823
4589	2353
4589	1572
4589	1015
4589	1694
4589	1205
4589	1257
4589	2047
4589	2048
4589	1495
4589	2495
4589	2341
4589	1583
4589	1584
4589	2280
4589	1571
4589	2342
4589	2723
4589	4590
4589	2552
4589	4591
4589	4592
4589	2806
4589	4276
4589	3362
4589	4593
4589	4594
4589	3912
4589	4196
4589	4489
4589	4437
4589	4359
4589	4348
4589	4484
4589	4532
4595	984
4595	1309
4595	2727
4595	2581
4595	3727
4595	4415
4595	3803
4595	4257
4595	3809
4595	4417
4595	4414
4596	700
4596	4204
4596	2881
4596	4597
4596	4598
4596	4194
4596	4195
4596	4191
4596	4197
4596	4599
4596	4600
4601	1095
4601	1097
4601	1382
4601	1177
4601	2670
4601	1993
4601	1501
4601	2430
4601	2431
4601	2432
4601	1701
4601	2269
4601	2506
4601	2715
4601	4602
4601	3746
4601	4603
4604	1681
4604	1894
4604	2898
4604	4194
4604	3786
4604	3855
4604	4196
4604	4153
4604	4154
4604	4152
4604	4274
4604	4321
4604	4322
4604	4323
4604	4324
4604	4325
4604	4326
4604	4376
4604	4377
4604	4378
4604	4317
4604	4379
4604	4380
4604	4381
4604	4382
4604	4383
4604	4436
4604	4384
4604	4385
4604	4386
4604	4389
4604	4390
4604	4392
4604	4394
4604	4395
4604	4438
4604	4396
4604	4397
4604	4399
4604	4401
4604	4402
4604	4403
4604	4404
4604	4405
4605	405
4605	543
4605	197
4605	855
4605	856
4605	1118
4605	2026
4605	2366
4605	2550
4605	4356
4605	3610
4605	3730
4605	3774
4605	4606
4605	4155
4605	4607
4605	4608
4605	4609
4610	248
4610	4611
4610	4612
4610	1722
4610	1117
4610	1026
4610	1370
4610	1709
4610	1632
4610	1497
4610	1969
4610	1719
4610	2366
4610	2793
4610	3564
4610	4613
4614	3471
4614	299
4614	855
4614	856
4614	1019
4614	1711
4614	1579
4614	2006
4614	2368
4614	2506
4614	3217
4614	3476
4614	3218
4614	4108
4614	2999
4614	3599
4614	3914
4614	3975
4614	4615
4614	3976
4614	4226
4614	4616
4614	4008
4614	4617
4614	4355
4614	4618
4614	4619
4620	751
4620	1945
4620	1946
4620	1947
4620	4621
4620	4622
4620	4623
4624	4625
4624	4626
4624	4627
4628	4629
4628	4523
4628	4630
4628	1397
4628	4631
4628	4632
4628	1979
4628	1482
4628	4633
4628	1479
4628	2297
4628	2298
4628	827
4628	4634
4628	2299
4628	2165
4628	2068
4628	4635
4628	4636
4628	4637
4628	4638
4628	4639
4628	4640
4628	4641
4628	4642
4628	4643
4628	2292
4628	4644
4628	4645
4646	1524
4646	3287
4646	735
4646	3288
4646	743
4646	745
4646	885
4646	1312
4646	2325
4646	1525
4646	1624
4646	1626
4646	1672
4646	2661
4646	2028
4646	3289
4646	2662
4646	3290
4646	2549
4646	3291
4646	3292
4646	3293
4646	3286
4646	4647
4648	778
4648	1703
4648	4649
4648	324
4648	383
4648	544
4648	299
4648	1017
4648	1156
4648	1020
4648	4650
4648	1024
4648	1119
4648	1369
4648	1026
4648	1011
4648	1370
4648	1379
4648	1442
4648	1709
4648	3473
4648	1495
4648	1832
4648	1632
4648	1496
4648	1498
4648	3841
4648	1501
4648	2025
4648	1835
4648	1836
4648	1751
4648	1719
4648	1752
4648	2344
4648	2361
4648	2430
4648	2431
4648	2432
4648	2461
4648	2366
4648	2433
4648	4603
4651	4652
4651	1374
4651	1498
4651	4024
4651	4149
4651	4323
4651	4324
4651	4326
4651	4376
4651	4388
4651	4390
4651	4347
4651	4396
4651	4653
4654	544
4654	1495
4654	1715
4654	1751
4654	1752
4654	1837
4654	1701
4654	4270
4654	4271
4654	2366
4654	2717
4654	2446
4654	4655
4654	3514
4654	3795
4654	3796
4654	3799
4654	4032
4654	3896
4654	3991
4654	3956
4654	3958
4654	3951
4654	4033
4654	4272
4654	4656
4654	4030
4654	4273
4654	4269
4654	4657
4654	4658
4654	4659
4654	4660
4654	4661
4654	4662
4654	4663
4664	3722
4664	4665
4664	4666
4664	4667
4668	856
4668	1024
4668	1371
4668	1373
4668	2011
4668	2735
4668	4147
4669	4670
4669	4671
4669	2928
4669	3801
4669	4672
4669	4673
4674	4675
4674	4676
4674	4677
4674	4678
4674	4679
4674	4680
4674	4681
4674	4682
4674	4683
4674	4684
4685	4108
4685	4375
4686	856
4686	1370
4686	1708
4686	1496
4686	1498
4686	1501
4686	2152
4686	1718
4686	1719
4686	2717
4686	3397
4686	2982
4686	2768
4686	3042
4686	3043
4686	3044
4686	4315
4686	4687
4686	4688
4686	4689
4690	700
4690	2830
4690	2340
4690	3186
4690	2793
4690	4217
4690	4149
4690	4691
4690	4323
4690	4324
4690	4326
4690	4376
4690	4382
4690	4653
4690	4692
4693	197
4693	1885
4693	1886
4693	1574
4693	1576
4693	1892
4693	1580
4693	1639
4693	1896
4693	2050
4693	2529
4693	2252
4693	2030
4693	2409
4693	2895
4693	2373
4693	2821
4693	2816
4693	3189
4693	3190
4693	3192
4693	4214
4693	4195
4693	4694
4693	4053
4693	4088
4693	4225
4693	4149
4693	4230
4693	4191
4693	4323
4693	4326
4693	4459
4693	4653
4693	4695
4693	4696
4693	4697
4693	4698
4693	4699
4700	855
4700	856
4700	2007
4700	1026
4700	1711
4700	1579
4700	1913
4700	1581
4700	2330
4700	1584
4700	2006
4700	2366
4700	2368
4700	2506
4700	3596
4700	4108
4700	2999
4700	3599
4700	3914
4700	4615
4700	3976
4700	4229
4700	4008
4700	4617
4700	4619
4700	4614
4701	2883
4701	4702
4701	4703
4701	4704
4705	119
4705	324
4705	318
4705	2385
4705	3256
4705	4706
4707	4708
4707	44
4707	1412
4707	4709
4707	48
4707	42
4707	1148
4707	2270
4707	2550
4707	2778
4707	4710
4707	4711
4712	1926
4712	764
4712	1931
4712	4713
4714	212
4714	4715
4714	1686
4714	352
4714	2481
4714	2482
4714	1690
4714	4716
4717	4149
4717	4274
4717	4323
4717	4326
4717	4718
4717	4719
4717	4720
4721	1079
4721	1080
4721	975
4721	1484
4721	1092
4721	2152
4721	2520
4721	3037
4721	4722
4721	4723
4721	4724
4721	3258
4721	4725
4721	4285
4721	4287
4721	4726
4721	4149
4721	4298
4721	4376
4721	4390
4721	4371
4721	4567
4727	1482
4727	4642
4727	4728
4727	4729
4730	383
4730	544
4730	1020
4730	1118
4730	2238
4730	1715
4730	1805
4730	1752
4730	1837
4730	1701
4730	2156
4730	2032
4730	2161
4730	4731
4730	4032
4730	4030
4730	4269
4730	4657
4730	4608
4730	4658
4730	4659
4730	4661
4730	4663
4730	4654
4730	4732
4730	4733
4734	1118
4734	2266
4734	2267
4734	2270
4734	2732
4734	2775
4734	2777
4734	4735
4734	4736
4734	3839
4734	4737
4734	4738
4734	4739
4740	2535
4740	4741
4740	4742
4743	4744
4743	1339
4743	4745
4743	4746
4743	4747
4743	4748
4749	1079
4749	720
4749	383
4749	544
4749	3223
4749	1485
4749	1486
4749	1487
4749	1092
4749	4750
4749	1483
4749	3601
4749	3602
4749	3603
4749	3604
4749	3256
4749	3605
4749	3606
4749	4751
4749	3607
4749	3600
4749	4752
4749	4753
4754	654
4754	662
4754	4564
4754	4755
4754	4756
4757	4758
4757	4759
4757	4339
4757	4340
4757	4337
4760	4169
4761	3018
4761	3717
4761	4457
4761	4458
4761	4456
4761	4762
4763	4764
4763	4765
4763	4766
4763	1076
4763	4767
4763	4768
4769	2293
4769	4770
4769	2687
4769	4644
4769	4771
4772	2298
4772	4773
4772	2299
4772	4774
4772	4637
4772	4638
4772	4639
4772	4640
4772	4641
4772	4775
4772	4644
4772	4645
4772	4776
4772	4628
4777	2298
4777	4773
4777	2299
4777	4778
4777	4774
4777	4637
4777	4638
4777	4639
4777	4640
4777	4641
4777	4775
4777	4644
4777	4645
4777	4776
4777	4628
4779	4780
4779	1576
4779	1630
4779	1631
4779	1675
4779	2895
4779	2373
4779	2819
4779	2821
4779	2816
4779	4194
4779	3191
4779	4218
4779	4196
4779	4149
4779	4323
4779	4326
4779	4781
4779	4782
4779	4698
4779	4783
4779	4692
4779	4600
4779	4784
4779	4785
4786	2378
4786	1371
4786	1373
4786	2155
4786	2020
4786	2270
4786	2410
4786	2575
4786	2793
4786	3784
4786	3785
4786	3697
4786	3780
4786	3830
4786	4144
4786	3990
4786	3980
4786	3981
4786	4149
4786	3992
4786	4143
4786	4787
4786	4788
4786	4789
4786	4790
4791	4537
4791	4792
4791	4793
4794	3479
4794	4149
4794	4323
4794	4326
4794	4436
4794	4573
4794	4795
4794	4796
4794	4797
4794	4798
4794	4799
4794	4800
4794	4801
4794	4802
4794	4803
4794	4804
4805	1856
4805	1015
4805	1024
4805	1118
4805	1632
4805	2152
4805	2270
4805	2366
4805	2446
4805	2825
4805	2715
4805	2793
4805	3188
4805	2786
4805	4217
4805	3855
4805	4149
4805	4806
4805	4323
4805	4326
4805	4383
4805	4718
4805	4807
4808	2636
4808	4809
4808	4810
4808	4811
4808	4812
4813	2467
4813	827
4813	3834
4813	2687
4813	4814
4815	1321
4815	1843
4815	4816
4815	1322
4815	4817
4815	1845
4815	4818
4815	4819
4820	1396
4820	1399
4820	4821
4820	4822
4820	4636
4820	4343
4820	2270
4820	4823
4820	4824
4825	850
4825	2081
4825	847
4825	4826
4825	4827
4828	1130
4828	986
4828	1870
4828	1785
4828	4829
4828	4830
4828	1753
4828	1837
4828	1754
4828	2157
4828	4271
4828	4831
4828	2446
4828	2785
4828	2786
4828	4832
4828	2781
4828	3039
4828	3769
4828	3140
4828	3515
4828	3087
4828	3258
4828	3542
4828	4284
4828	4286
4828	4032
4828	4419
4828	4289
4828	4304
4828	4833
4828	4834
4835	4836
4835	966
4835	1117
4835	1374
4835	1679
4835	1681
4835	1894
4835	2537
4835	4204
4835	2270
4835	2898
4835	3147
4835	3784
4835	3785
4835	3677
4835	3697
4835	3786
4835	3780
4835	3830
4835	3839
4835	4144
4835	3990
4835	4837
4835	3992
4835	4229
4835	4143
4835	4838
4835	4839
4835	4788
4840	1021
4840	1025
4840	1379
4840	1442
4840	2366
4840	2786
4840	2781
4840	4284
4840	4295
4840	4301
4840	4833
4840	4841
4840	4842
4843	934
4843	2272
4843	223
4843	556
4843	4844
4843	4845
4843	4846
4843	4847
4848	1079
4848	383
4848	544
4848	975
4848	1092
4848	3601
4848	3602
4848	2392
4848	3285
4848	3606
4848	3607
4848	4453
4848	4849
4848	4455
4848	4451
4848	4850
4851	167
4851	820
4851	169
4851	4852
4851	165
4851	4853
4851	4854
4851	3273
4851	3274
4851	3275
4851	3276
4851	3278
4851	3279
4851	3268
4851	4855
4851	4856
4851	4340
4857	375
4857	317
4857	1536
4857	2913
4857	4858
4857	4341
4857	4859
4860	167
4860	169
4860	165
4860	4861
4860	3276
4860	3279
4860	3268
4860	4856
4860	4851
4862	544
4862	981
4862	2306
4862	3176
4862	3103
4862	2786
4863	4149
4863	4326
4863	4379
4863	4380
4863	4396
4863	4397
4863	4398
4863	4574
4863	4604
4863	4864
4863	4865
4863	4866
4863	4867
4863	4868
4863	4869
4870	2508
4870	4871
4870	3971
4870	3982
4870	4149
4870	4872
4870	4152
4870	4164
4870	4873
4870	4322
4870	4874
4870	4875
4870	4323
4870	4326
4870	4697
4870	4876
4877	1648
4877	4878
4877	4665
4877	4879
4877	4667
4877	4880
4881	986
4881	4882
4881	1379
4881	1442
4881	2152
4881	2025
4881	1748
4881	2347
4881	2446
4881	2786
4881	3520
4881	4672
4881	4883
4881	4673
4881	4884
4881	4885
4886	2258
4886	4887
4886	425
4886	743
4886	1312
4886	1525
4886	1919
4886	1624
4886	2841
4886	2661
4886	4382
4886	4888
4886	4889
4886	4890
4886	4891
4892	634
4892	138
4892	1264
4892	195
4892	1035
4892	1270
4892	856
4892	1275
4892	1622
4892	1024
4892	1118
4892	1336
4892	1576
4892	4893
4892	1806
4892	1875
4892	2155
4892	2716
4892	2270
4892	2574
4892	2550
4892	2898
4892	4894
4892	3186
4892	2777
4892	3188
4892	4895
4892	3147
4892	3354
4892	3356
4892	4896
4892	4897
4892	3784
4892	3677
4892	3786
4892	4898
4892	3787
4892	3780
4892	3830
4892	3990
4892	4149
4892	3992
4892	4229
4892	4200
4892	4788
4892	4321
4892	4323
4892	4326
4892	4789
4892	4738
4892	4899
4892	4900
4892	4901
4892	4807
4892	4902
4892	4903
4892	4904
4892	4905
4892	4906
4892	4907
4892	4786
4908	128
4908	132
4908	2936
4908	4909
4908	4910
4908	4911
4912	4913
4912	299
4912	855
4912	856
4912	1024
4912	1576
4912	3987
4912	2270
4912	2366
4912	2351
4912	2348
4912	3147
4912	3784
4912	3785
4912	3677
4912	3786
4912	3780
4912	3830
4912	4144
4912	3990
4912	3984
4912	4143
4912	4788
4912	4835
4914	4915
4914	4916
4914	4917
4914	4872
4914	4918
4919	4920
4919	4921
4919	4922
4919	4923
4919	4924
4919	3007
4919	3008
4919	3006
4919	4925
4919	4926
4919	4927
4919	4928
4919	4929
4930	2270
4930	2787
4930	3147
4930	3640
4930	3784
4930	3785
4930	4219
4930	3677
4930	3786
4930	3780
4930	3830
4930	3990
4930	3984
4930	4143
4930	4788
4930	4835
4930	4912
4931	544
4931	1087
4931	980
4931	981
4931	2306
4931	3176
4931	3103
4931	2391
4931	1727
4931	2877
4931	2786
4931	4031
4931	4932
4931	4933
4931	4862
4934	2207
4934	4935
4934	4936
4934	4222
4937	3668
4937	4938
4937	4939
4940	674
4940	2398
4940	1035
4940	4149
4940	4191
4941	212
4941	4942
4941	4943
4941	2628
4941	4944
4945	1041
4945	1822
4945	1044
4945	1045
4945	4946
4945	1046
4945	4947
4945	4948
4945	1047
4945	4949
4945	1051
4945	1052
4945	3212
4945	4950
4945	1821
4945	4951
4945	2331
4945	2327
4945	2365
4945	2367
4945	2368
4945	3217
4945	4952
4945	3476
4945	3218
4945	3539
4945	3627
4945	3962
4945	3966
4945	3975
4945	4290
4945	4953
4945	4954
4945	4955
4945	4414
4945	4956
4945	4957
4945	4958
4959	3255
4959	3257
4959	3258
4959	3259
4959	3254
4959	4960
4959	4961
4959	4962
4959	4963
4959	4964
4965	1715
4965	1491
4965	3258
4965	4149
4965	4323
4965	4326
4965	4379
4965	4380
4965	4388
4965	4396
4965	4841
4965	4865
4966	3625
4966	3628
4966	3629
4966	3624
4966	4153
4966	4274
4966	4384
4966	4718
4966	4719
4966	4720
4966	4717
4966	4967
4966	4958
4968	3255
4968	3257
4968	3258
4968	4726
4968	4961
4968	4963
4968	4969
4968	4970
4971	1624
4971	1626
4971	2549
4971	2524
4971	4972
4971	4973
4971	4331
4971	4149
4971	4152
4971	4323
4971	4326
4971	4974
4971	4975
4971	4976
4971	4977
4978	1024
4978	2753
4978	1585
4978	2251
4978	3185
4978	4979
4978	4249
4978	4980
4978	4254
4978	3803
4978	4981
4978	4982
4978	4983
4978	4984
4985	29
4985	27
4985	361
4985	362
4985	382
4985	286
4985	650
4985	1284
4985	4105
4985	4986
4985	4107
4985	2202
4985	4987
4985	4988
4985	4109
4985	4110
4985	4989
4985	4111
4985	4990
4991	4992
4993	1153
4993	1004
4993	1156
4993	1341
4993	4994
4993	3946
4993	3947
4993	4149
4993	4995
4993	4323
4993	4326
4993	4376
4993	4996
4997	4998
4997	4999
4997	5000
4997	5001
5002	5003
5004	5005
5004	4191
5004	5006
5004	4806
5004	4600
5004	5007
5004	5008
5009	1308
5009	1480
5010	383
5010	5011
5010	3924
5010	2928
5012	5013
5012	5014
5015	5016
5015	5017
5015	2224
5015	5014
5018	5019
5018	5020
5018	4677
5018	4678
5018	4683
5021	1079
5021	1082
5021	1128
5021	2514
5021	2515
5021	1130
5021	1760
5021	1131
5021	1767
5021	1759
5021	2521
5021	2511
5021	5022
5021	4960
5021	4294
5021	5023
5021	5024
5021	5025
5021	5026
5027	1929
5027	787
5027	5028
5027	5029
5027	2486
5027	1543
5027	5030
5027	5031
5027	5032
5027	5033
5027	5034
5027	5035
5027	3130
5027	4024
5027	4149
5027	4323
5027	4326
5027	4399
5027	4718
5027	5036
5027	5037
5027	5038
5039	975
5039	1081
5039	1085
5039	1128
5039	1086
5039	1089
5039	1129
5039	1130
5039	5040
5039	5041
5039	2522
5039	3766
5039	5042
5039	5043
5039	5044
5039	5045
5039	5046
5047	1751
5047	1752
5047	1753
5047	2155
5047	2574
5047	3186
5047	2793
5047	3188
5047	4210
5047	4149
5047	5048
5047	5049
5047	4323
5047	4326
5047	5050
5047	4892
5051	1035
5051	3231
5051	4024
5051	4149
5051	4323
5051	4326
5051	4379
5051	4380
5051	4383
5051	4396
5051	5045
5051	5046
5051	4807
5051	5052
5051	5036
5051	5053
5054	565
5054	5055
5054	276
5054	5056
5054	4116
5054	4117
5054	4307
5057	5058
5057	5059
5057	5060
5061	2635
5061	2638
5061	2270
5061	3147
5061	3065
5061	3610
5061	3443
5061	3677
5061	3786
5061	4151
5061	4647
5061	5062
5061	5063
5061	5064
5061	5065
5061	4904
5066	1267
5066	1577
5066	4210
5066	4217
5066	3784
5066	3785
5066	3697
5066	3780
5066	3830
5066	4024
5066	3990
5066	4149
5066	3992
5066	5048
5066	4143
5066	4787
5066	4788
5066	4323
5066	4326
5066	4789
5066	4390
5066	4347
5066	4396
5066	4567
5066	4695
5066	5050
5066	5067
5066	4807
5066	4865
5066	5068
5066	5069
5066	4786
5066	5047
5070	3427
5070	986
5070	2030
5070	2270
5070	2349
5070	2348
5070	2578
5070	2732
5070	2775
5070	2777
5070	3147
5070	5071
5070	5072
5070	4736
5070	3854
5070	5073
5070	4738
5070	5074
5075	5076
5075	1333
5075	5077
5075	5078
5075	5079
5075	2728
5075	3573
5075	5080
5075	5081
5075	5082
5075	4522
5075	5083
5075	5084
5075	5085
5075	5086
5075	5087
5075	5088
5089	3098
5089	4328
5089	5090
5089	1231
5089	5091
5089	1610
5089	3393
5089	3394
5089	3388
5089	4332
5089	5092
5089	4327
5093	783
5093	1709
5093	2152
5093	2344
5093	2155
5093	2346
5093	2576
5093	2726
5093	3409
5093	5094
5093	4122
5093	3405
5093	3788
5093	5095
5093	5096
5093	5097
5093	3971
5093	3982
5093	4121
5093	5098
5093	4376
5093	4382
5093	4390
5093	4567
5093	5099
5100	853
5100	754
5100	3448
5100	1232
5100	4186
5100	2479
5100	5101
5100	2919
5100	2920
5100	5102
5100	4078
5103	1660
5103	3542
5103	5104
5103	4494
5103	5105
5106	5107
5106	5108
5109	299
5109	1024
5109	1118
5109	1369
5109	1676
5109	1371
5109	1372
5109	1678
5109	2405
5109	1632
5109	2266
5109	2267
5109	1680
5109	1682
5109	2011
5109	1969
5109	1806
5109	2155
5109	3350
5109	2270
5109	3351
5109	2550
5109	3628
5109	3629
5109	3355
5109	3964
5109	5110
5109	3854
5109	3920
5109	4229
5109	5111
5109	5112
5113	1095
5113	203
5113	204
5113	198
5113	975
5113	1179
5113	1082
5113	1099
5113	1100
5113	1181
5113	1101
5113	1102
5113	1092
5113	1024
5113	1177
5113	1613
5113	2670
5113	1993
5113	1994
5113	5114
5113	3551
5113	3349
5113	1612
5113	1838
5113	3552
5113	3553
5113	3554
5113	3555
5113	3556
5113	3945
5113	3557
5113	4372
5113	4373
5113	3549
5113	4255
5113	5115
5113	5116
5113	5117
5113	5118
5113	5119
5113	5120
5113	5121
5113	5122
5113	5123
5113	5124
5113	5125
5126	1035
5126	1257
5126	4149
5126	4323
5126	4326
5126	5127
5126	4841
5126	4807
5126	5128
5126	5129
5130	5131
5130	2450
5130	5132
5130	5133
5130	5134
5135	383
5135	544
5135	1161
5135	1503
5135	1776
5135	2718
5135	4470
5135	4469
5136	467
5136	1363
5136	1322
5136	1323
5136	5137
5136	1364
5136	3714
5136	1325
5136	3715
5136	5138
5136	3548
5136	5139
5136	3716
5136	3717
5136	3017
5136	3547
5136	3718
5136	3712
5136	4762
5140	1702
5140	324
5140	2353
5140	383
5140	299
5140	5141
5140	1015
5140	855
5140	1051
5140	1052
5140	856
5140	2566
5140	1311
5140	1254
5140	1019
5140	1024
5140	1025
5140	1011
5140	1257
5140	1378
5140	1715
5140	1579
5140	1701
5140	1821
5140	2568
5140	2005
5140	2270
5140	2365
5140	4871
5140	2366
5140	2352
5140	2724
5140	2506
5140	3539
5140	4415
5140	3963
5140	2999
5140	3597
5140	3910
5140	3558
5140	4290
5140	3820
5140	4149
5140	5142
5140	4262
5140	4274
5140	4603
5140	4323
5140	4326
5140	4955
5140	4399
5140	4876
5140	5143
5140	4717
5140	5144
5140	5145
5140	4958
5140	5146
5140	5147
5140	5148
5149	2087
5150	992
5150	5151
5150	5152
5153	656
5153	663
5153	959
5153	961
5153	958
5153	1557
5153	5154
5153	5155
5156	1981
5156	5157
5156	5158
5156	5159
5156	5160
5156	5161
5162	5163
5162	5164
5162	426
5162	1975
5162	961
5162	962
5162	5165
5162	958
5162	1557
5162	2909
5162	2906
5162	5166
5162	5154
5162	5155
5162	5153
5167	3576
5167	5168
5167	5169
5167	5170
5167	5171
5167	3592
5167	5172
5167	5173
5167	5174
5167	5175
5167	5176
5167	5177
5167	5178
5167	5179
5167	5180
5181	1051
5181	2327
5181	2365
5181	2367
5181	2368
5181	3476
5181	3218
5181	3539
5181	3962
5181	3963
5181	4153
5181	4149
5181	4274
5181	4323
5181	4326
5181	4718
5181	4720
5181	4717
5181	4967
5181	4958
5181	4966
5181	5182
5181	5183
5181	5147
5181	5184
5181	5185
5181	5186
5181	5187
5181	5188
5181	5189
5190	4447
5190	4448
5190	3592
5190	5176
5190	5191
5190	5192
5190	5193
5192	4447
5192	4448
5192	5191
5194	5191
5194	5190
5195	411
5195	714
5195	710
5195	1127
5195	1000
5195	1001
5195	1115
5195	1011
5195	2583
5195	1377
5195	1379
5195	1442
5195	2120
5195	1494
5195	2121
5195	1497
5195	1498
5195	1500
5195	1501
5195	2152
5195	2722
5195	1719
5195	3111
5195	2344
5195	2032
5195	2034
5195	2035
5195	3409
5195	3044
5195	5196
5195	5096
5195	5097
5195	4121
5195	4323
5195	4376
5195	4377
5195	4382
5195	4384
5195	4385
5195	4387
5195	4388
5195	4390
5195	4393
5195	4394
5195	4438
5195	4401
5195	4404
5195	4567
5195	5197
5195	4733
5195	4841
5195	4807
5195	5068
5195	5198
5195	5199
5195	5069
5195	5200
5195	5037
5195	5201
5195	5038
5195	4965
5195	5202
5195	5203
5195	5204
5195	5205
5195	5206
5195	5207
5195	5208
5209	369
5209	5210
5209	5211
5209	5212
5213	856
5213	1020
5213	1118
5213	1912
5213	2331
5213	2367
5213	2368
5213	4263
5213	3967
5213	5214
5213	4898
5213	5215
5213	5216
5213	5217
5213	5218
5213	5187
5213	5219
5213	5220
5221	5222
5221	5223
5221	1633
5221	1636
5221	2606
5221	2478
5221	5224
5221	5225
5221	5226
5221	5227
5228	700
5228	4192
5228	2506
5228	4194
5228	4149
5228	4191
5228	4323
5228	4326
5228	4396
5228	5229
5228	4651
5228	4867
5228	4600
5228	5230
5228	5231
5232	975
5232	1919
5232	3048
5232	4149
5232	4323
5232	4326
5232	4376
5232	4317
5232	4380
5232	4385
5232	4386
5232	4391
5232	4396
5232	5233
5232	5234
5232	5235
5236	36
5236	89
5236	97
5236	76
5237	5238
5239	1150
5239	418
5239	1151
5239	1310
5239	1887
5239	1024
5239	1118
5239	1369
5239	988
5239	1109
5239	1314
5239	1377
5239	1677
5239	3346
5239	1576
5239	1699
5239	1504
5239	3348
5239	2030
5239	2380
5239	2257
5239	2717
5239	3560
5239	3045
5239	3562
5239	3563
5239	3558
5239	3854
5239	4149
5239	4133
5239	4191
5239	4874
5239	5240
5239	4653
5239	4695
5239	4784
5239	4976
5239	5241
5239	5242
5239	5243
5239	5244
5239	5245
5246	265
5246	5247
5246	1105
5246	5248
5246	275
5246	5249
5246	5250
5251	942
5251	1556
5251	408
5251	672
5251	650
5251	1975
5251	755
5251	5252
5251	1440
5251	1557
5251	1555
5251	5253
5251	4109
5251	5254
5255	1311
5255	1254
5255	1309
5255	1379
5255	1442
5255	1495
5255	3348
5255	2722
5255	3111
5255	2538
5255	2005
5255	3429
5255	3426
5255	3675
5255	5256
5255	5257
5258	778
5258	1703
5258	779
5258	1123
5258	777
5258	1829
5258	4650
5258	1709
5258	1833
5258	5259
5258	1834
5258	1836
5258	1838
5258	1828
5258	4994
5258	5260
5258	3947
5258	5261
5258	5262
5258	3939
5258	4295
5258	4400
5258	5263
5264	2244
5264	3247
5264	3970
5264	3249
5264	3250
5264	4894
5264	3245
5264	3971
5264	4901
5264	5265
5264	5266
5267	5268
5269	4587
5269	5270
5269	5271
5269	3267
5269	4354
5269	5272
5269	5273
5274	5275
5274	5276
5277	2270
5277	2349
5277	2348
5277	2825
5277	3971
5277	3982
5277	3977
5277	5098
5277	5278
5277	4607
5277	5279
5277	5280
5277	5281
5277	5282
5277	5283
5277	5284
5277	5285
5277	5286
5277	5287
5277	5288
5277	5289
5277	5290
5291	5292
5291	5293
5291	4156
5291	5294
5291	5295
5296	5297
5296	5298
5296	5299
5300	5301
5300	1198
5300	5302
5300	1560
5300	1561
5300	1562
5300	3231
5300	3233
5300	5303
5300	4024
5300	5304
5300	5305
5300	5306
5300	5307
5308	1079
5308	384
5308	975
5308	1127
5308	1082
5308	5309
5308	1754
5308	1748
5308	2347
5308	2446
5308	2810
5308	2785
5308	3034
5308	2814
5308	3040
5308	5037
5310	966
5310	324
5310	968
5310	2270
5310	2898
5310	2770
5310	3147
5310	3786
5310	4096
5310	4149
5310	4321
5310	4323
5310	4326
5310	4807
5310	5311
5310	5312
5310	5313
5314	646
5314	647
5314	648
5314	649
5314	1024
5314	1118
5314	1577
5314	2603
5314	4866
5314	5315
5314	5316
5314	5317
5318	1823
5318	1020
5318	1118
5318	1577
5318	3186
5318	2793
5318	3188
5318	4194
5318	4217
5318	3967
5318	3855
5318	4196
5318	4149
5318	4030
5318	4152
5318	4322
5318	4323
5318	4326
5318	4388
5318	4396
5318	4399
5318	4663
5318	5319
5318	5320
5318	5321
5318	5148
5322	5323
5322	3615
5322	2336
5322	5324
5322	1289
5322	1637
5322	4083
5322	4149
5322	4079
5322	4323
5322	4326
5322	5325
5322	5326
5322	5230
5322	5327
5322	5328
5322	5329
5330	5331
5330	4871
5330	4350
5330	5332
5333	4999
5333	5000
5333	5001
5333	5334
5333	4997
5335	5226
5336	5337
5338	5339
5340	5341
5340	5342
5340	5343
5340	4013
5340	5344
5345	4001
5346	4867
5346	4857
5347	1024
5347	1118
5347	1370
5347	1377
5347	1969
5347	1751
5347	5348
5347	2270
5347	2265
5347	2349
5347	2366
5347	2348
5347	2550
5347	2733
5347	2829
5347	3843
5347	3844
5347	3794
5347	5349
5347	5350
5347	5351
5347	5352
5347	5353
5347	5354
5347	5355
5347	4975
5356	5357
5356	1950
5356	1244
5356	1246
5358	383
5358	385
5358	387
5358	1566
5358	3934
5358	2929
5358	2922
5358	4210
5358	3937
5358	3938
5358	5359
5358	5049
5358	5360
5358	5361
5358	5362
5363	1008
5363	194
5363	220
5363	324
5363	197
5363	299
5363	318
5363	1270
5363	1015
5363	1051
5363	856
5363	2391
5363	2604
5363	1821
5363	2024
5363	2366
5363	2352
5363	4671
5363	2506
5363	3185
5363	5364
5363	4936
5363	5365
5363	5366
5363	5367
5363	4603
5363	4375
5363	4685
5363	5112
5368	5369
5370	5371
5370	5372
5370	5373
5374	1377
5374	1577
5374	1505
5374	1969
5374	2613
5374	3422
5374	4217
5374	5375
5374	5376
5374	5377
5374	4606
5374	4149
5374	4323
5374	4326
5374	4609
5374	4605
5374	5378
5374	5379
5374	5127
5374	4841
5374	5129
5374	5380
5381	714
5381	710
5381	4149
5381	4323
5381	4326
5381	4376
5381	4377
5381	4382
5381	4385
5381	4386
5381	4389
5381	4391
5381	4394
5381	4438
5381	4401
5381	5233
5381	5197
5381	4733
5381	5068
5381	5382
5381	5199
5381	5069
5381	5037
5381	5038
5381	5202
5381	5203
5381	5205
5381	5207
5381	5195
5381	5308
5383	700
5383	321
5383	5384
5383	5385
5383	5386
5383	5387
5383	5388
5383	3942
5383	5389
5390	5391
5392	2636
5392	5393
5392	2226
5392	5394
5392	5395
5392	4809
5392	5396
5392	4811
5392	4812
5392	5397
5398	2073
5398	2072
5399	4149
5399	4326
5399	4384
5399	5037
5399	5201
5399	5202
5399	5207
5399	5195
5399	5381
5400	2133
5400	1576
5400	4149
5400	4191
5400	4326
5400	4396
5400	4600
5401	4350
5401	4349
5402	1079
5402	720
5402	2517
5402	1762
5402	5403
5404	383
5404	387
5404	5405
5404	1127
5404	2446
5404	2814
5404	2786
5404	3040
5404	3514
5404	3518
5404	3258
5404	4292
5404	4300
5404	4305
5404	4496
5404	4393
5404	4417
5404	4499
5404	4492
5404	5198
5404	5406
5404	5407
5404	5408
5409	266
5409	312
5409	275
5410	5411
5410	5412
5410	5413
5410	4528
5410	3118
5410	4529
5410	5414
5410	998
5410	4530
5410	4531
5410	4616
5410	5415
5416	975
5416	1115
5416	1709
5416	1719
5416	2344
5416	1748
5416	2768
5416	3048
5416	4390
5416	4841
5416	5208
5417	411
5417	1150
5417	714
5417	1080
5417	975
5417	5418
5417	1622
5417	1024
5417	1709
5417	2152
5417	2155
5417	2346
5417	2576
5417	3409
5417	5419
5417	5094
5417	3405
5417	4283
5417	3991
5417	5095
5417	5096
5417	3971
5417	3982
5417	4149
5417	3983
5417	4133
5417	4121
5417	5098
5417	4874
5417	4323
5417	4326
5417	4376
5417	4382
5417	4567
5417	5420
5417	5200
5417	5037
5417	5038
5417	5021
5417	5202
5417	5195
5421	1520
5421	5422
5421	3750
5421	3751
5421	3752
5421	3747
5423	5424
5423	5425
5426	5427
5426	5428
5426	3354
5426	3356
5426	3787
5426	4902
5426	4904
5426	4905
5426	4907
5426	5429
5430	643
5430	644
5430	645
5430	128
5430	134
5430	2098
5430	1419
5430	648
5430	649
5430	5431
5430	2936
5430	4909
5432	829
5432	4773
5432	4642
5432	5433
5434	3204
5434	1653
5434	1020
5434	1118
5434	1374
5434	1579
5434	2720
5434	3628
5434	3201
5434	3953
5434	3954
5434	3968
5434	5435
5434	5436
5434	5437
5434	5438
5439	4650
5439	1577
5439	1894
5439	4994
5439	4149
5439	4323
5439	4326
5439	4379
5439	4380
5439	4396
5439	4397
5439	4604
5439	4865
5439	4867
5439	4868
5439	5440
5439	5441
5439	5317
5439	5258
5439	5442
5439	5443
5444	2841
5444	1920
5444	1914
5444	4320
5444	5445
5444	4889
5444	4796
5444	5046
5444	5446
5444	5447
5444	5448
5444	5449
5444	5450
5451	5452
5451	1241
5451	2944
5451	4586
5451	1242
5451	5453
5451	5454
5451	4588
5451	4585
5451	5455
5456	213
5456	1829
5456	4244
5456	1024
5456	5457
5456	1833
5456	5259
5456	4245
5456	5458
5456	5459
5456	5460
5456	5461
5456	4097
5456	4242
5456	5462
5456	5463
5456	5464
5456	5465
5466	2636
5466	5393
5466	2226
5466	2227
5466	5394
5466	5467
5466	5468
5466	5469
5466	5470
5466	4809
5466	5396
5466	5471
5466	4810
5466	5472
5466	5473
5466	5474
5466	5475
5466	5476
5466	5477
5466	5478
5466	5479
5466	5480
5466	5481
5466	5482
5483	195
5483	1369
5483	2270
5483	2349
5483	3147
5483	3677
5483	3786
5483	3971
5483	3982
5483	3977
5483	5098
5483	5278
5483	5279
5483	5280
5483	5281
5483	5282
5483	5484
5483	5283
5483	5485
5483	5284
5483	5287
5483	5288
5483	5290
5483	5277
5483	5486
5487	712
5487	1971
5487	543
5487	388
5487	1622
5487	1753
5487	1754
5487	3029
5487	3300
5487	5488
5487	2446
5487	2576
5487	2786
5487	2876
5487	4420
5487	4421
5487	4423
5487	4833
5487	4425
5487	5489
5487	5490
5491	5492
5491	5493
5491	2918
5491	2920
5491	5494
5491	5495
5496	2635
5496	5497
5496	5498
5496	5499
5496	5500
5496	2637
5496	2638
5496	2640
5501	714
5501	718
5501	383
5501	544
5501	1352
5501	1180
5501	1156
5501	1161
5501	1370
5501	1494
5501	2121
5501	1495
5501	1496
5501	1501
5501	3310
5501	1627
5501	1503
5501	1969
5501	3348
5501	2722
5501	1751
5501	1719
5501	2123
5501	1614
5501	2124
5501	3111
5501	1748
5501	2125
5501	2117
5501	3112
5501	2540
5501	2347
5501	2343
5501	3397
5501	3688
5501	3689
5501	2982
5501	2983
5501	3311
5501	3943
5501	3116
5501	3042
5501	3043
5501	3044
5501	3690
5501	3026
5501	5196
5501	3520
5501	3309
5501	3991
5501	5502
5501	4687
5501	4312
5501	4450
5501	5503
5501	4689
5501	5504
5501	5505
5506	5507
5506	5508
5509	3579
5509	3574
5510	2270
5510	2550
5510	5511
5510	5512
5510	5353
5510	5513
5514	1321
5514	1843
5514	1323
5514	1844
5514	5515
5514	5516
5514	5517
5518	5519
5520	657
5520	666
5520	672
5520	5521
5520	5522
5520	5523
5524	4149
5524	4396
5524	4866
5524	5315
5525	505
5525	541
5525	730
5525	335
5525	540
5525	5526
5525	729
5525	5527
5525	4643
5528	5529
5528	4500
5528	4501
5530	712
5530	555
5530	425
5530	383
5530	514
5530	1113
5530	1158
5530	1159
5530	988
5530	1309
5530	5531
5530	1495
5530	1496
5530	1501
5530	5532
5530	4270
5530	5533
5530	3686
5530	2366
5530	3428
5530	3743
5530	3423
5530	3424
5530	5534
5530	5535
5530	4011
5530	5536
5530	5503
5530	5537
5530	5538
5530	5539
5530	5540
5530	5541
5530	5245
5530	5239
5530	5542
5530	5543
5544	5545
5544	5546
5544	5547
5544	5548
5544	5549
5544	1962
5544	5550
5544	5551
5544	5552
5544	5553
5544	5554
5544	5555
5544	4439
5556	986
5556	2152
5556	2449
5556	2366
5556	3409
5556	4149
5556	4121
5556	4323
5556	4326
5556	4376
5556	4382
5556	5068
5556	5200
5556	5037
5556	5038
5556	5203
5556	5557
5556	5235
5556	5195
5556	5232
5556	5558
5556	5559
5560	383
5560	4920
5560	975
5560	650
5560	3742
5560	4927
5560	5003
5560	5002
5561	194
5561	220
5561	113
5561	3871
5561	383
5561	517
5561	3212
5561	3427
5561	1707
5561	3067
5561	3213
5561	3224
5561	1024
5561	2400
5561	1376
5561	3872
5561	1911
5561	1625
5561	5562
5561	3873
5561	2331
5561	2327
5561	3475
5561	2368
5561	2399
5561	3626
5561	2825
5561	3476
5561	3218
5561	3186
5561	3188
5561	3627
5561	3965
5561	3870
5561	5563
5561	5564
5561	5565
5566	4549
5566	5529
5566	5567
5566	4551
5566	5568
5566	4501
5569	1011
5569	1712
5569	5570
5571	5572
5571	5573
5574	5575
5574	5576
5574	5577
5578	778
5578	5579
5578	3319
5578	5580
5578	1878
5578	851
5578	5581
5578	777
5578	1829
5578	1005
5578	2626
5578	5582
5578	1371
5578	1372
5578	1833
5578	2010
5578	2155
5578	4994
5578	4249
5578	5260
5578	5583
5578	3409
5578	3327
5578	4254
5578	4256
5578	3971
5578	3982
5578	5584
5578	4242
5578	4833
5578	5463
5578	5585
5578	5112
5578	5465
5586	2414
5587	5588
5587	5589
5590	1352
5590	1495
5590	1496
5590	1501
5590	3310
5590	2123
5590	3111
5590	2005
5590	2117
5590	3112
5590	2717
5590	3429
5590	2982
5590	2983
5590	3311
5590	3116
5590	3690
5590	3692
5590	3401
5590	4315
5590	4450
5590	5591
5590	5501
5592	5593
5592	5594
5592	5595
5592	5596
5592	5597
5598	1035
5598	2270
5598	4149
5598	4323
5598	4326
5598	5599
5600	3871
5600	1051
5600	1052
5600	1821
5600	3873
5600	3476
5600	3218
5600	3963
5600	3965
5600	3631
5600	4153
5600	3959
5600	4956
5600	5601
5600	5602
5600	5565
5603	4489
5603	4484
5603	4976
5603	5227
5604	2131
5604	621
5604	915
5604	5605
5604	2421
5604	2136
5604	2425
5606	521
5606	1924
5607	5248
5607	5608
5607	5157
5607	5158
5607	5160
5607	5609
5607	4880
5607	5161
5607	5156
5607	5610
5611	5076
5611	1333
5611	3868
5611	310
5611	5077
5611	5078
5611	5612
5611	5079
5611	5613
5611	5614
5611	2728
5611	3573
5611	5615
5611	5080
5611	3867
5611	5081
5611	5082
5611	4522
5611	5616
5611	5085
5611	5087
5611	5088
5611	5075
5611	5617
5611	5618
5611	5346
5619	5620
5621	299
5621	1015
5621	856
5621	1252
5621	1885
5621	1887
5621	1024
5621	1574
5621	1891
5621	1968
5621	4506
5621	1580
5621	1893
5621	1585
5621	1776
5621	2050
5621	2251
5621	2252
5621	2497
5621	4080
5621	2494
5621	5622
5621	4052
5621	4084
5621	4694
5621	4153
5621	4149
5621	4050
5621	4079
5621	4983
5621	5623
5621	4984
5621	4359
5621	5226
5621	5624
5621	5148
5621	5625
5626	657
5626	666
5626	672
5626	5521
5626	5522
5626	5523
5626	5520
5627	5628
5627	5629
5627	5630
5627	5631
5627	5632
5627	5633
5634	1396
5634	2468
5634	2469
5634	2472
5634	1536
5634	4342
5634	1537
5634	3143
5634	2474
5634	2270
5634	4344
5634	2732
5634	2775
5634	2777
5634	5635
5634	5636
5634	4341
5634	5637
5634	5638
5634	5639
5634	5640
5634	5641
5642	2165
5642	4637
5642	5643
5642	5644
5642	3151
5642	5645
5642	3900
5642	5646
5642	5647
5648	289
5648	114
5648	16
5648	119
5648	5649
5648	121
5648	113
5648	326
5648	1548
5648	846
5648	5650
5648	3225
5648	1550
5648	1551
5648	1552
5648	1553
5648	1546
5648	3095
5648	5651
5652	3875
5652	3878
5652	4149
5652	4323
5652	4326
5652	4795
5652	4796
5652	4803
5652	5653
5652	5654
5652	5446
5652	5617
5652	5655
5652	5656
5652	5235
5652	5232
5652	5657
5652	5658
5652	5659
5652	5660
5661	411
5661	714
5661	2152
5661	2346
5661	3409
5661	5095
5661	5096
5661	5097
5661	4376
5661	4382
5661	5198
5661	5558
5661	5662
5661	5417
5663	1117
5663	1806
5663	3237
5663	2366
5663	4671
5663	3919
5663	4603
5663	5664
5663	5665
5663	5143
5666	459
5666	5667
5666	5668
5669	5670
5671	1091
5671	5324
5671	1344
5671	1092
5671	2119
5671	1309
5671	2121
5671	5672
5671	1627
5671	2025
5671	2123
5671	2005
5671	2117
5671	3030
5671	2717
5671	2446
5671	3031
5671	3032
5671	5673
5671	3285
5671	2813
5671	4723
5671	3518
5671	3258
5671	5674
5671	4121
5671	5502
5671	4833
5671	4498
5671	5675
5676	700
5676	4149
5676	4191
5676	5006
5676	4323
5676	4326
5676	4396
5676	4653
5676	4695
5676	4600
5677	320
5677	114
5677	16
5677	119
5677	121
5677	113
5677	318
5677	1739
5677	3281
5677	5678
5679	2840
5679	5680
5679	5681
5682	5683
5682	5684
5682	988
5682	1309
5682	1495
5682	1751
5682	3104
5682	2980
5682	2339
5682	4271
5682	2380
5682	2035
5682	2335
5682	2717
5682	3102
5682	4032
5682	4269
5682	4608
5682	4658
5682	5503
5682	4654
5682	5068
5682	4730
5682	5241
5682	5685
5682	5245
5682	5530
5682	5686
5687	778
5687	1248
5687	5688
5687	1012
5687	299
5687	856
5687	1017
5687	1018
5687	1020
5687	1021
5687	1026
5687	1011
5687	1370
5687	1257
5687	1378
5687	5689
5687	2329
5687	2366
5687	2999
5687	4006
5687	4648
5690	367
5690	66
5690	853
5690	5691
5690	4090
5690	5692
5690	4093
5690	5693
5694	3933
5694	1660
5694	1754
5694	2345
5694	2450
5694	2446
5694	3542
5694	5104
5694	4494
5694	5105
5695	5411
5695	5696
5695	5697
5695	5698
5695	1323
5695	5699
5695	5700
5695	5701
5695	5702
5695	5703
5695	5704
5695	5705
5695	5706
5695	5707
5695	5708
5695	5709
5695	5710
5695	5711
5695	5712
5695	5713
5695	5714
5715	5716
5715	4149
5715	4191
5715	4323
5715	4326
5715	4718
5715	4976
5715	5717
5715	5184
5715	5718
5715	5189
5715	5719
5715	5603
5715	5720
5715	5721
5715	5722
5715	5723
5724	5725
5724	335
5724	5726
5724	5727
5728	2638
5728	856
5728	2342
5728	2270
5728	2265
5728	2366
5728	2550
5728	3147
5728	3356
5728	3562
5728	3443
5728	3677
5728	3786
5728	4096
5728	4149
5728	4154
5728	4133
5728	5729
5728	4603
5728	4874
5728	4323
5728	4326
5728	4385
5728	4386
5728	4389
5728	4796
5728	4901
5728	5065
5728	4807
5728	5730
5728	4692
5728	4892
5728	5061
5728	5731
5728	5311
5728	5732
5728	5733
5734	1632
5734	2270
5734	2349
5734	2574
5734	4254
5734	5735
5734	3786
5734	3971
5734	3982
5734	5736
5734	5098
5734	4607
5734	5279
5734	5280
5734	5281
5734	5282
5734	4901
5734	5289
5737	1823
5737	4149
5737	4274
5737	4323
5737	4326
5737	4718
5737	4719
5737	4717
5737	5147
5737	5186
5737	5738
5739	5740
5739	5741
5739	5742
5743	5372
5744	856
5744	1694
5744	1020
5744	1021
5744	1026
5744	1830
5744	1011
5744	1257
5744	1309
5744	1831
5744	2329
5744	3348
5744	2034
5744	2366
5744	2579
5744	2825
5744	2767
5744	2999
5744	3597
5744	3414
5744	3426
5744	3675
5744	4226
5744	5745
5744	5746
5744	4358
5744	5747
5744	5748
5744	4648
5744	4957
5744	5144
5744	5145
5744	5112
5744	5286
5744	5749
5744	5687
5750	1026
5750	1257
5750	1711
5750	1717
5750	2329
5750	2366
5750	3596
5750	2960
5750	2999
5750	3597
5750	3414
5750	3921
5750	5751
5750	4226
5750	5745
5750	5746
5750	4358
5750	5748
5750	4957
5750	5144
5750	5145
5750	5286
5750	5744
5752	1370
5752	1377
5752	1442
5752	2152
5752	3348
5752	2160
5752	2346
5752	2366
5752	2768
5752	3409
5752	3042
5752	3043
5752	5094
5752	4132
5752	3724
5752	3838
5752	4149
5752	4833
5752	4323
5752	4326
5752	4376
5752	4382
5752	4662
5752	4885
5752	5198
5752	5753
5752	5099
5752	5407
5752	5037
5752	5754
5752	5755
5752	5756
5752	5757
5752	5195
5752	5381
5752	5558
5752	5758
5752	5559
5752	5759
5752	5760
5752	5761
5752	5762
5763	383
5763	544
5763	2238
5763	1805
5763	1751
5763	1752
5763	4270
5763	2156
5763	2032
5763	2160
5763	2161
5763	5764
5763	4655
5763	3927
5763	4032
5763	3958
5763	4033
5763	4272
5763	4656
5763	4657
5763	4658
5763	4661
5763	4654
5763	4733
5763	4730
5763	5069
5763	5765
5766	5139
5766	5767
5768	5696
5768	502
5768	5698
5768	5699
5768	5769
5768	5700
5768	5770
5768	5702
5768	5771
5768	5705
5768	3882
5768	5706
5768	5707
5768	5772
5768	5708
5768	5709
5768	5773
5768	3623
5768	5710
5768	5774
5768	5711
5768	5775
5768	5776
5768	5777
5778	1133
5778	299
5778	856
5778	1020
5778	1024
5778	1118
5778	1676
5778	1132
5778	1371
5778	1257
5778	1372
5778	1377
5778	2695
5778	1632
5778	1680
5778	1682
5778	2331
5778	2366
5778	2367
5778	2412
5778	3351
5778	3626
5778	4249
5778	3355
5778	2960
5778	5110
5778	5112
5778	5109
5778	5779
5778	5780
5781	4535
5781	2597
5781	1907
5781	4533
5782	383
5782	5783
5782	5784
5782	5785
5782	5786
5787	990
5787	991
5788	324
5788	2600
5788	3323
5788	3325
5788	3326
5788	3327
5788	3317
5788	4010
5788	4009
5788	5789
5788	5485
5790	5594
5790	5791
5790	5792
5790	5793
5794	1741
5794	1035
5794	3297
5794	1577
5794	1894
5794	1700
5794	2270
5794	2732
5794	2775
5794	2777
5794	3046
5794	3045
5794	3562
5794	3563
5794	3784
5794	3786
5794	3855
5794	3839
5794	3990
5794	4149
5794	4883
5794	4094
5794	4323
5794	4326
5794	4396
5794	5242
5794	5795
5794	5311
5794	5796
5794	5797
5798	4149
5798	4323
5798	4326
5798	4436
5798	4573
5798	4795
5798	4796
5798	4797
5798	4799
5798	4800
5798	4801
5798	4802
5798	4803
5798	4794
5798	5799
5798	5800
5798	5801
5798	5802
5798	5803
5798	5804
5798	5805
5806	2155
5806	2270
5806	2265
5806	2348
5806	2550
5806	2578
5806	2580
5806	2825
5806	2726
5806	2777
5806	2827
5806	3408
5806	3610
5806	4210
5806	3356
5806	5807
5806	3849
5806	4215
5806	3443
5806	3852
5806	3806
5806	3988
5806	3989
5806	3786
5806	3920
5806	3787
5806	3788
5806	3839
5806	4096
5806	3980
5806	4149
5806	4229
5806	4151
5806	5808
5806	5809
5806	5048
5806	5810
5806	5063
5806	5811
5806	5812
5806	5813
5806	4355
5806	4900
5806	5814
5806	4902
5806	5815
5806	5816
5806	4904
5806	5429
5806	5817
5806	5818
5806	5819
5820	5821
5820	1115
5820	1314
5820	1576
5820	2030
5820	3563
5820	3855
5820	4149
5820	4324
5820	4653
5820	4696
5820	4697
5820	4693
5820	4784
5820	5243
5820	5239
5820	5797
5822	543
5822	388
5823	2508
5823	4166
5823	4870
5824	5825
5824	5826
5827	3287
5827	1525
5827	1526
5827	3292
5827	5828
5827	4872
5829	2728
5829	3151
5829	5618
5830	5391
5830	5390
5831	5832
5831	5691
5831	4090
5831	5833
5831	5693
5831	5690
5831	5834
5831	5835
5836	5837
5838	5839
5838	5840
5838	2032
5838	2814
5838	5841
5838	3564
5838	5842
5843	974
5843	1105
5843	5844
5843	281
5843	383
5843	544
5843	979
5843	1106
5843	986
5843	1969
5843	2642
5843	2643
5843	2450
5843	2149
5843	2641
5843	5845
5843	2786
5843	3546
5843	4583
5843	4420
5843	5846
5843	4421
5843	4149
5843	4422
5843	4423
5843	4424
5843	4323
5843	4326
5843	4396
5843	4653
5843	5127
5843	4807
5843	5128
5843	5847
5843	4805
5843	5129
5843	5051
5843	5243
5843	5311
5843	5796
5843	5235
5843	5232
5843	5848
5849	5850
5849	5851
5849	5852
5849	3865
5849	3866
5849	5853
5849	5854
5849	5855
5849	5856
5857	761
5857	1889
5857	1629
5857	2964
5857	4149
5857	4653
5857	4974
5857	4784
5857	4976
5857	5858
5857	5859
5857	5720
5857	5721
5860	713
5860	515
5860	1003
5860	1004
5860	1370
5860	2338
5860	2717
5860	3044
5860	5196
5860	3401
5860	4413
5861	5391
5861	5390
5861	5830
