2715	299
2715	856
2715	1000
2715	1001
2715	1003
2715	1118
2715	1026
2715	1011
2715	1109
2715	1309
2715	1374
2715	1576
2715	1495
2715	1504
2715	1806
2715	1701
2715	2155
2715	2461
2715	2716
2715	2366
2715	2717
2715	2718
2715	2352
2715	2506
2715	2712
2715	2719
2720	2721
2720	2353
2720	1572
2720	855
2720	1651
2720	1694
2720	1653
2720	2583
2720	1657
2720	1579
2720	1581
2720	1584
2720	2722
2720	2581
2720	2723
2720	2449
2720	2446
2720	2724
2720	2506
2720	2502
2720	2725
2726	2378
2726	1024
2726	2266
2726	2267
2726	2152
2726	2329
2726	2727
2726	2155
2726	2270
2726	2349
2726	2348
2726	2576
2728	1334
2728	1330
2729	1694
2729	2007
2729	1574
2729	1579
2729	1913
2729	1581
2729	1583
2729	1584
2729	1585
2729	2581
2729	2050
2729	2505
2729	2411
2729	2730
2729	2412
2729	2502
2729	2725
2731	1133
2731	299
2731	856
2731	1024
2731	1371
2731	1377
2731	2011
2731	2581
2731	2270
2731	2381
2731	2265
2731	2349
2731	2411
2731	2351
2731	2412
2731	2348
2731	2410
2731	2575
2731	2550
2731	2576
2731	2578
2731	2579
2731	2573
2731	2580
2731	2706
2731	2732
2731	2733
2731	2734
2731	2735
2731	2725
2731	2726
2731	2736
2737	115
2737	2738
2737	2739
2737	1361
2737	2740
2741	2742
2743	299
2743	855
2743	856
2743	1694
2743	1885
2743	2007
2743	1024
2743	1889
2743	1118
2743	2047
2743	1574
2743	1377
2743	2048
2743	1576
2743	1711
2743	1629
2743	1630
2743	1633
2743	1634
2743	1635
2743	1579
2743	1581
2743	1505
2743	1583
2743	1584
2743	1585
2743	1586
2743	2504
2743	2581
2743	2050
2743	2505
2743	2381
2743	2411
2743	2366
2743	2730
2743	2412
2743	2724
2743	2502
2743	2725
2743	2729
2743	2736
2744	199
2744	2272
2744	223
2744	553
2744	200
2744	2745
2744	471
2744	763
2744	5
2744	2746
2744	116
2744	555
2744	556
2744	224
2744	421
2744	2747
2744	225
2744	557
2744	2748
2744	324
2744	559
2744	226
2744	561
2744	222
2744	551
2744	2749
2744	2273
2744	1099
2744	1100
2744	2750
2744	2751
2744	2752
2744	1317
2744	988
2744	1316
2744	1831
2744	2274
2744	2753
2744	2670
2744	1993
2744	2754
2744	1994
2744	2755
2744	2756
2744	2757
2744	1997
2744	1998
2744	2758
2744	2759
2744	2523
2744	2377
2760	2761
2760	2659
2760	2762
2760	2763
2764	1705
2764	1708
2764	1379
2764	1442
2764	2160
2764	2270
2764	2765
2764	2265
2764	2349
2764	2351
2764	2348
2764	2578
2764	2579
2764	2766
2764	2733
2764	2767
2764	2768
2764	2769
2764	2770
2771	311
2771	267
2771	270
2771	856
2771	1025
2771	1118
2771	2165
2771	1376
2771	2266
2771	2267
2771	2686
2771	2155
2771	2265
2771	2349
2771	2351
2771	2348
2771	2410
2771	2575
2771	2550
2771	2578
2771	2579
2771	2573
2771	2580
2771	2706
2771	2732
2771	2733
2771	2734
2771	2772
2771	2773
2771	2735
2771	2774
2771	2775
2771	2726
2771	2776
2771	2777
2771	2778
2771	2779
2771	2770
2771	2780
2781	778
2781	2782
2781	1014
2781	383
2781	544
2781	975
2781	1015
2781	1082
2781	2388
2781	1343
2781	984
2781	1709
2781	1750
2781	2152
2781	1835
2781	2344
2781	1748
2781	2783
2781	2346
2781	2366
2781	2446
2781	2784
2781	2785
2781	2786
2787	1385
2787	636
2787	2788
2787	2789
2787	2790
2787	1289
2787	1290
2787	1576
2787	1630
2787	1631
2787	1634
2787	1635
2787	1638
2787	1639
2787	1581
2787	1505
2787	1628
2787	1896
2787	1875
2787	2155
2787	2409
2787	2791
2787	2270
2787	2699
2787	2373
2787	2349
2787	2411
2787	2348
2787	2792
2787	2732
2787	2725
2787	2775
2787	2776
2787	2777
2787	2793
2787	2779
2787	2770
2794	2795
2796	2797
2796	2798
2796	1054
2796	2799
2796	2800
2796	2801
2796	2802
2803	1495
2803	1624
2803	1626
2803	1500
2803	1839
2803	2363
2803	1701
2803	2804
2803	2269
2803	2352
2803	2805
2803	2552
2803	2806
2803	2807
2803	2808
2809	1079
2809	975
2809	2512
2809	1128
2809	1092
2809	1750
2809	1748
2809	2347
2809	2446
2809	2810
2809	2784
2809	2811
2809	2812
2809	2813
2809	2814
2809	2815
2816	288
2816	1885
2816	1886
2816	1887
2816	1889
2816	1574
2816	1576
2816	1629
2816	1630
2816	1578
2816	1634
2816	1635
2816	1580
2816	1637
2816	1638
2816	1681
2816	1505
2816	1675
2816	1896
2816	2817
2816	1897
2816	2408
2816	2371
2816	2409
2816	2791
2816	2373
2816	2818
2816	2819
2816	2820
2816	2821
2816	2822
2816	2823
2824	1024
2824	1118
2824	1369
2824	1370
2824	1371
2824	1314
2824	1372
2824	1373
2824	1377
2824	1677
2824	1576
2824	1679
2824	1630
2824	1681
2824	2011
2824	2581
2824	2030
2824	2333
2824	2270
2824	2332
2824	2349
2824	2366
2824	2730
2824	2348
2824	2578
2824	2825
2824	2826
2824	2735
2824	2720
2824	2729
2824	2777
2824	2827
2824	2736
2824	2828
2824	2743
2829	1026
2829	1376
2829	2830
2829	1681
2829	1896
2829	2030
2829	2270
2829	2765
2829	2349
2829	2579
2829	2766
2829	2732
2829	2733
2829	2767
2829	2775
2829	2777
2829	2831
2832	2833
2832	251
2832	2834
2832	2835
2832	2836
2832	1756
2832	2837
2832	2838
2832	2839
2832	250
2832	1234
2832	2840
2832	2841
2832	1758
2842	2843
2842	2844
2842	2845
2846	2847
2846	2848
2846	39
2846	2618
2846	2849
2846	2850
2846	2851
2846	723
2846	2852
2846	1785
2846	2104
2846	2853
2846	2854
2846	2855
2846	2856
2857	2858
2857	2859
2857	880
2857	383
2857	2860
2857	2861
2857	979
2857	1431
2857	2862
2857	2863
2857	2864
2857	2865
2857	2866
2867	2868
2867	2869
2867	2870
2867	2871
2867	2872
2873	2874
2875	383
2875	544
2875	1485
2875	2513
2875	1092
2875	1762
2875	1763
2876	1135
2876	1569
2876	1753
2876	1754
2876	1721
2876	1748
2876	2345
2876	2877
2876	2347
2876	2446
2876	2810
2878	140
2878	2879
2878	1576
2878	2880
2878	2881
2882	841
2882	842
2882	2883
2882	839
2882	2884
2882	2214
2882	2885
2882	2093
2882	2886
2882	2887
2882	2888
2882	2889
2882	2890
2882	2891
2882	2892
2893	70
2893	1882
2893	1287
2893	1576
2893	1630
2893	1631
2893	1637
2893	1638
2893	1700
2893	2894
2893	1896
2893	1875
2893	2408
2893	2409
2893	2895
2893	2896
2893	2791
2893	2897
2893	2373
2893	2818
2893	2881
2893	2819
2893	2898
2893	2820
2893	2822
2893	2899
2893	2823
2900	438
2900	383
2900	2388
2900	979
2900	980
2900	1343
2900	982
2900	983
2900	984
2900	985
2900	986
2900	988
2900	973
2900	1103
2900	1870
2900	1785
2900	1786
2900	1788
2900	1801
2900	1802
2900	1803
2900	2308
2900	1790
2900	2029
2900	2026
2900	2901
2900	2902
2903	1331
2903	383
2903	2904
2903	1334
2903	1335
2903	2905
2903	1330
2903	2728
2906	666
2906	672
2906	680
2906	2907
2906	961
2906	2908
2906	2909
2910	375
2910	317
2910	1536
2910	2911
2910	2912
2910	2913
2910	2914
2915	2916
2917	212
2917	2480
2917	352
2917	2619
2917	2622
2917	2918
2917	2479
2917	2919
2917	2920
2917	2921
2922	383
2922	1787
2922	2923
2922	2924
2922	2925
2922	2926
2922	2927
2922	2928
2922	2929
2930	2931
2930	1396
2930	335
2930	1535
2930	1482
2930	1399
2930	1536
2930	2912
2930	1665
2932	1233
2932	720
2932	2933
2932	383
2932	197
2932	544
2934	1007
2934	128
2934	130
2934	134
2934	124
2934	2935
2934	2936
2934	2937
2934	2938
2934	2939
2934	2940
2934	2941
2934	2942
2943	655
2943	668
2943	2944
2943	2945
2943	1242
2943	2946
2943	2947
2943	650
2943	2948
2943	2949
2943	2950
2951	1907
2951	2600
2951	2601
2951	2952
2953	1495
2953	1624
2953	1496
2953	1626
2953	1500
2953	2416
2953	2954
2953	2546
2953	2363
2953	2364
2953	2804
2953	2547
2953	2955
2953	2350
2953	2805
2953	2549
2953	2956
2953	2552
2953	2807
2953	2808
2953	2803
2953	2957
2953	2958
2953	2959
2953	2960
2961	2962
2961	2963
2964	700
2964	2965
2964	321
2964	2966
2964	1121
2964	767
2964	2967
2964	761
2964	1629
2964	2968
2969	700
2969	471
2969	2965
2969	762
2969	1145
2969	1355
2969	764
2969	1348
2969	321
2969	2966
2969	69
2969	1121
2969	634
2969	2970
2969	2971
2969	2972
2969	71
2969	72
2969	73
2969	2973
2969	767
2969	921
2969	923
2969	2974
2969	2975
2969	2967
2969	761
2969	1576
2969	1630
2969	1631
2969	2976
2969	2977
2969	1675
2969	1896
2969	1897
2969	2409
2969	2978
2969	2373
2969	2968
2979	411
2979	803
2979	197
2979	1617
2979	802
2979	1000
2979	1001
2979	1346
2979	1351
2979	1677
2979	1494
2979	1495
2979	1496
2979	1501
2979	1627
2979	1618
2979	1718
2979	2123
2979	2980
2979	2339
2979	2117
2979	2981
2979	2982
2979	2983
2979	2984
2979	2985
2979	2986
2987	2988
2987	338
2987	172
2987	2989
2987	2990
2987	2991
2987	1796
2987	2992
2987	2993
2987	2994
2987	2995
2987	2247
2987	2996
2987	2997
2987	1118
2987	2270
2987	2460
2998	195
2998	458
2998	299
2998	1885
2998	1370
2998	1655
2998	1656
2998	1720
2998	2268
2998	2999
3000	3001
3000	3002
3000	3003
3004	456
3004	457
3004	1267
3004	1270
3004	1271
3004	1274
3004	3005
3004	2270
3006	3007
3006	3008
3009	3010
3009	3011
3009	3012
3009	3013
3009	3014
3009	3015
3009	3016
3017	1322
3017	3018
3019	265
3019	24
3019	25
3019	1105
3019	280
3019	3020
3019	870
3019	3021
3019	877
3019	3022
3019	3023
3019	3024
3019	3025
3026	783
3026	937
3026	856
3026	1000
3026	1001
3026	1707
3026	984
3026	1109
3026	1315
3026	2120
3026	2121
3026	1498
3026	1750
3026	1503
3026	2338
3026	2123
3026	3027
3026	2124
3026	1748
3026	3028
3026	2156
3026	3029
3026	2034
3026	2035
3026	2117
3026	2161
3026	2162
3026	2335
3026	2347
3026	3030
3026	2343
3026	2446
3026	3031
3026	2652
3026	2810
3026	3032
3026	2982
3026	2784
3026	2768
3026	2812
3026	2813
3026	3033
3026	3034
3026	2814
3026	2786
3026	3035
3026	2781
3026	3036
3026	3037
3026	3038
3026	3039
3026	3040
3026	3041
3026	3042
3026	3043
3026	3044
3045	1118
3045	1370
3045	1374
3045	1377
3045	1379
3045	1442
3045	1632
3045	1497
3045	1498
3045	1716
3045	1699
3045	1504
3045	2362
3045	2270
3045	2349
3045	2366
3045	2351
3045	2348
3045	2578
3045	2773
3045	2774
3045	2775
3045	2777
3045	2770
3045	2764
3045	3046
3045	3047
3045	3048
3045	3049
3045	3050
3051	3052
3051	3053
3051	3054
3051	3055
3051	3056
3057	3058
3057	700
3057	1899
3057	1900
3057	2087
3057	3059
3057	3060
3061	855
3061	856
3061	1024
3061	1118
3061	1376
3061	1632
3061	2266
3061	2267
3061	2155
3061	2264
3061	2270
3061	2349
3061	2366
3061	2351
3061	2348
3061	3062
3061	2506
3061	2578
3061	3063
3061	2732
3061	3064
3061	2773
3061	2775
3061	2777
3061	3065
3066	194
3066	220
3066	937
3066	856
3066	3067
3066	933
3066	3068
3069	2991
3069	3070
3069	3071
3069	2995
3072	3073
3072	757
3072	3074
3072	3075
3072	3076
3072	3077
3072	3078
3079	1783
3079	1567
3079	983
3079	986
3079	1785
3079	1786
3079	1788
3079	1789
3079	3080
3079	1792
3079	1793
3079	1782
3079	2186
3079	3081
3079	3082
3083	3084
3083	3085
3083	3086
3087	383
3087	544
3087	855
3087	2388
3087	1343
3087	1005
3087	1161
3087	982
3087	984
3087	1503
3087	2117
3087	2718
3087	2446
3087	3031
3087	2652
3087	3032
3087	2902
3087	2784
3087	2813
3087	2786
3087	2781
3087	3036
3087	3037
3087	3038
3087	3039
3087	3088
3087	2900
3087	3041
3087	3089
3087	3090
3091	114
3091	269
3091	16
3091	323
3091	113
3091	1548
3091	1734
3091	3092
3091	1550
3091	1551
3091	1552
3091	1553
3091	1546
3091	3093
3091	3094
3091	3095
3091	3096
3097	3098
3097	1601
3097	2181
3097	1605
3097	1607
3097	1611
3099	610
3099	3100
3099	3101
3102	438
3102	383
3102	544
3102	2306
3102	3103
3102	1497
3102	1498
3102	1716
3102	1500
3102	1503
3102	3104
3102	2339
3102	2031
3102	2032
3102	2034
3102	2035
3102	2159
3102	3105
3102	2335
3102	2718
3102	2652
3102	3106
3102	3107
3108	3109
3108	1003
3108	1113
3108	1115
3108	1370
3108	2119
3108	3110
3108	1495
3108	1496
3108	1501
3108	3027
3108	3111
3108	2432
3108	1748
3108	3112
3108	2717
3108	2343
3108	2446
3108	3031
3108	3032
3108	3113
3108	3114
3108	2786
3108	3115
3108	2985
3108	3116
3117	3118
3117	1287
3117	1289
3117	1290
3117	1576
3117	1631
3117	1639
3117	1587
3117	1675
3117	1896
3117	1897
3117	2408
3117	2380
3117	2409
3117	1967
3117	2373
3117	2818
3117	3119
3117	2898
3117	3120
3117	3121
3117	3122
3123	786
3123	1406
3123	3124
3123	785
3123	3125
3123	1408
3123	1409
3123	2104
3123	1404
3123	2107
3123	2110
3123	1545
3123	2853
3123	2112
3123	3126
3123	2113
3123	3127
3123	2115
3123	3128
3123	3129
3123	3130
3131	3132
3131	659
3131	3133
3131	3134
3131	3135
3131	2037
3131	3136
3131	2038
3131	2039
3131	3137
3131	3138
3131	3139
3131	2366
3131	3140
3141	2472
3141	3142
3141	2912
3141	2913
3141	3143
3141	3144
3141	2270
3141	3145
3141	3146
3141	3147
3148	2165
3148	3149
3148	3150
3148	3151
3148	3152
3153	199
3153	193
3153	3154
3153	560
3153	3155
3153	2980
3153	3156
3157	167
3157	2435
3157	169
3157	165
3157	3158
3157	3159
3157	3160
3157	3161
3157	3162
3157	2281
3157	3163
3157	2282
3157	3164
3157	3165
3166	3167
3166	3168
3166	3169
3170	3171
3170	572
3170	184
3170	2078
3170	577
3170	1930
3170	1932
3170	3172
3170	1328
3170	3173
3170	3174
3170	1937
3170	3175
3170	3176
3170	1655
3170	1656
3170	1657
3170	3177
3170	3178
3170	3179
3170	3180
3170	3181
3170	3182
3170	3183
3184	611
3184	70
3184	639
3184	1572
3184	1287
3184	1576
3184	1630
3184	1577
3184	1505
3184	1675
3184	1896
3184	1897
3184	2408
3184	2409
3184	2895
3184	2896
3184	2791
3184	2373
3184	2898
3184	3185
3184	2820
3184	2821
3184	2822
3184	3186
3184	2823
3184	3187
3184	3188
3184	2816
3184	3189
3184	3190
3184	3191
3184	3192
3184	2893
3184	3193
3184	3194
3184	3195
3184	3196
3197	3198
3197	3199
3197	3200
3201	3202
3201	3203
3201	3204
3201	1730
3201	3205
3201	789
3201	1621
3201	3206
3201	1490
3201	1733
3201	3207
3201	1653
3201	1575
3201	1630
3201	3208
3201	1579
3201	1581
3201	1586
3201	1587
3201	1729
3201	2155
3201	2895
3201	3209
3201	2720
3201	2793
3201	3210
3211	194
3211	856
3211	3212
3211	1707
3211	3067
3211	3213
3211	1020
3211	3068
3211	1376
3211	1625
3211	3214
3211	2230
3211	2366
3211	3215
3211	3216
3211	3217
3211	3218
3211	3066
3219	3220
3221	319
3221	114
3221	411
3221	118
3221	16
3221	119
3221	323
3221	1950
3221	324
3221	1547
3221	121
3221	325
3221	2074
3221	1243
3221	298
3221	299
3221	318
3221	975
3221	3222
3221	1015
3221	3223
3221	1548
3221	856
3221	844
3221	3224
3221	2389
3221	1749
3221	3225
3221	3226
3221	1552
3221	3227
3221	3228
3221	3229
3221	3027
3221	3230
3221	3231
3221	1701
3221	3232
3221	3233
3221	2506
3221	3234
3235	778
3235	1703
3235	2746
3235	3236
3235	712
3235	421
3235	713
3235	425
3235	299
3235	856
3235	1152
3235	1367
3235	1003
3235	1155
3235	1113
3235	1116
3235	1161
3235	1024
3235	1026
3235	988
3235	1011
3235	1377
3235	1709
3235	1713
3235	1498
3235	2152
3235	1995
3235	1719
3235	1806
3235	3237
3235	3238
3235	1701
3235	1999
3235	3239
3235	2366
3235	3240
3235	3241
3235	3242
3243	335
3243	1665
3243	3244
3245	2242
3245	2244
3245	3246
3245	1544
3245	3247
3245	3248
3245	2241
3245	3249
3245	3250
3251	1152
3251	2500
3251	1775
3251	2754
3251	1771
3251	2501
3251	2499
3251	3252
3251	3253
3254	974
3254	383
3254	2687
3254	2399
3254	3255
3254	3256
3254	3257
3254	3258
3254	3259
3260	225
3260	1731
3260	3261
3260	3262
3260	3263
3260	3264
3260	3265
3266	2289
3266	2291
3266	2288
3266	3267
3268	114
3268	167
3268	118
3268	169
3268	121
3268	165
3268	326
3268	3158
3268	3159
3268	3160
3268	3161
3268	2278
3268	3162
3268	3269
3268	3270
3268	3271
3268	2282
3268	2285
3268	2286
3268	3272
3268	2287
3268	2275
3268	3273
3268	3165
3268	3274
3268	3275
3268	3276
3268	3277
3268	3278
3268	3279
3268	3280
3268	3281
3282	3283
3282	1079
3282	383
3282	1454
3282	3284
3282	3285
3286	1524
3286	3287
3286	735
3286	3288
3286	1312
3286	2325
3286	1525
3286	1624
3286	1626
3286	1672
3286	2661
3286	2028
3286	3289
3286	2662
3286	3290
3286	2549
3286	3291
3286	3292
3286	3293
3294	241
3294	3295
3294	297
3294	907
3294	908
3294	909
3294	1000
3294	3296
3294	3297
3298	197
3298	1310
3298	3299
3298	1118
3298	1309
3298	2028
3298	3300
3298	3301
3298	3302
3298	3303
3298	3304
3298	3305
3298	3306
3298	3048
3298	3307
3298	3308
3309	299
3309	1352
3309	856
3309	1370
3309	1380
3309	2120
3309	2121
3309	1495
3309	1496
3309	1498
3309	1501
3309	3310
3309	1718
3309	3112
3309	2982
3309	3311
3309	3116
3309	3312
3309	3044
3313	3314
3313	3070
3313	3071
3313	3315
3313	3316
3317	942
3317	172
3317	418
3317	3318
3317	3319
3317	2739
3317	324
3317	1065
3317	856
3317	1622
3317	1025
3317	1118
3317	1063
3317	1361
3317	2597
3317	2266
3317	2267
3317	2740
3317	1907
3317	2600
3317	3320
3317	1701
3317	2155
3317	2269
3317	2716
3317	2270
3317	2460
3317	3321
3317	3250
3317	2507
3317	2928
3317	3322
3317	3323
3317	3324
3317	3325
3317	3326
3317	3327
3328	3329
3328	378
3328	3330
3328	288
3328	3331
3328	3332
3328	220
3328	70
3328	71
3328	2355
3328	1882
3328	1015
3328	1122
3328	856
3328	1000
3328	1001
3328	1287
3328	1252
3328	1003
3328	1004
3328	1113
3328	2336
3328	1019
3328	1885
3328	1117
3328	1887
3328	2356
3328	3333
3328	1024
3328	1291
3328	1258
3328	1574
3328	1576
3328	1892
3328	1495
3328	1630
3328	1631
3328	1632
3328	2261
3328	1968
3328	1496
3328	1578
3328	1498
3328	1580
3328	1699
3328	1500
3328	1501
3328	1834
3328	2416
3328	2050
3328	1766
3328	1806
3328	2817
3328	1701
3328	1875
3328	3334
3328	2804
3328	3335
3328	3029
3328	2269
3328	2461
3328	1967
3328	2955
3328	2497
3328	3336
3328	2498
3328	3337
3328	3338
3328	3339
3328	3340
3341	3342
3341	892
3341	3343
3341	3344
3345	324
3345	1014
3345	299
3345	856
3345	1000
3345	1115
3345	1117
3345	1005
3345	1160
3345	1024
3345	1118
3345	1369
3345	1109
3345	1132
3345	1313
3345	1370
3345	1314
3345	1372
3345	1376
3345	1377
3345	1677
3345	3346
3345	1911
3345	1576
3345	1632
3345	1579
3345	1584
3345	3347
3345	3348
3345	3349
3345	1586
3345	2581
3345	2380
3345	3350
3345	2270
3345	2366
3345	3351
3345	2550
3345	2825
3345	2777
3345	3352
3345	3353
3345	3354
3345	3355
3345	3356
3357	3358
3357	3359
3357	3360
3357	3361
3362	1040
3362	518
3362	1704
3362	3363
3362	299
3362	1458
3362	1205
3362	1255
3362	1020
3362	2007
3362	2047
3362	1575
3362	2048
3362	2495
3362	1586
3362	2280
3362	1587
3362	3364
3365	2336
3365	1011
3365	1258
3365	1993
3365	1717
3365	2370
3365	1990
3365	3366
3365	3367
3365	3368
3369	654
3369	662
3369	3370
3369	3371
3369	756
3369	2195
3369	361
3369	362
3369	544
3369	386
3369	3372
3369	3373
3369	3374
3369	3375
3369	3376
3369	3377
3369	3378
3369	2201
3369	3379
3369	3380
3369	3381
3369	3382
3369	2928
3369	3383
3384	3385
3384	1243
3384	1952
3384	3386
3384	1948
3384	3387
3388	3389
3388	483
3388	3390
3388	1231
3388	3391
3388	1230
3388	3392
3388	3393
3388	3394
3395	1703
3395	712
3395	713
3395	425
3395	1079
3395	2273
3395	856
3395	802
3395	1000
3395	1001
3395	1128
3395	1086
3395	1113
3395	1129
3395	1156
3395	1370
3395	1494
3395	1709
3395	1496
3395	1497
3395	1498
3395	1501
3395	2152
3395	1618
3395	1719
3395	1767
3395	1759
3395	2125
3395	2521
3395	3396
3395	3397
3395	2511
3395	2768
3395	2986
3395	3042
3395	3043
3395	3044
3395	3398
3395	3399
3395	3400
3395	3401
3402	795
3402	3403
3402	3404
3405	411
3405	714
3405	3406
3405	1500
3405	2152
3405	2155
3405	2270
3405	3407
3405	2726
3405	3408
3405	3147
3405	3409
3410	1495
3410	1624
3410	1496
3410	1626
3410	1500
3410	2416
3410	2954
3410	2546
3410	2363
3410	2804
3410	2547
3410	2955
3410	2350
3410	2549
3410	2956
3410	2807
3410	2808
3410	2803
3410	2958
3410	2959
3410	2953
3410	3411
3412	1033
3412	2242
3412	2244
3412	3246
3412	1544
3412	3248
3412	3413
3414	324
3414	299
3414	1117
3414	1025
3414	3297
3414	1624
3414	2266
3414	1699
3414	2267
3414	1504
3414	1824
3414	2155
3414	2270
3414	2349
3414	2366
3414	2351
3414	2348
3414	2578
3414	2732
3414	2774
3414	2775
3414	2777
3414	2770
3414	3046
3414	3048
3414	3045
3414	3415
3414	3293
3414	3416
3417	3418
3417	3419
3420	2272
3420	223
3420	712
3420	421
3420	425
3420	299
3420	1116
3420	1005
3420	1024
3420	2271
3420	2366
3420	2717
3420	3421
3420	3422
3420	3364
3420	3423
3420	3424
3425	559
3425	2273
3425	1993
3425	1717
3425	1996
3425	1806
3425	2370
3425	1990
3425	3366
3425	3367
3425	3368
3425	3365
3426	197
3426	3427
3426	1024
3426	1011
3426	1309
3426	1379
3426	1442
3426	1632
3426	1717
3426	2025
3426	3348
3426	1751
3426	1753
3426	1837
3426	3111
3426	1754
3426	2032
3426	2034
3426	2005
3426	2270
3426	2271
3426	3428
3426	2428
3426	3429
3426	3430
3426	3431
3426	3045
3426	3432
3426	3433
3426	3434
3435	1702
3435	787
3435	1543
3435	299
3435	856
3435	1117
3435	1020
3435	1024
3435	1376
3435	1911
3435	2270
3436	1079
3436	383
3436	3437
3436	384
3436	975
3436	1082
3438	1520
3438	3439
3438	3440
3438	3441
3438	3442
3443	2635
3443	2788
3443	1339
3443	1024
3443	1369
3443	1371
3443	1376
3443	2152
3443	2329
3443	2011
3443	1995
3443	2344
3443	2155
3443	2270
3443	2265
3443	2349
3443	2366
3443	2351
3443	2348
3443	2576
3443	2578
3443	2580
3443	2825
3443	2775
3443	2726
3443	2777
3443	2831
3443	3408
3443	2824
3443	3147
3443	3444
3443	3409
3443	3047
3443	3050
3443	3415
3443	3405
3445	3446
3445	3447
3445	3448
3449	149
3450	3451
3450	3201
3452	288
3452	3453
3452	519
3452	636
3452	3454
3452	1879
3452	3455
3452	1578
3456	3457
3456	3458
3456	3459
3456	3086
3456	3460
3461	565
3461	574
3461	575
3461	576
3461	578
3461	580
3461	582
3461	585
3461	3462
3461	2080
3461	2081
3461	3463
3461	3464
3461	3465
3461	3466
3461	2082
3461	3467
3461	1599
3461	2084
3461	3468
3461	1595
3461	2077
3461	3469
3470	194
3470	219
3470	3471
3470	299
3470	856
3470	3472
3470	1025
3470	2208
3470	3473
3470	1495
3470	1834
3470	1776
3470	3474
3470	3475
3470	2367
3470	3217
3470	3476
3470	3218
3470	3477
3470	3478
3470	3479
3480	3481
3480	3482
3480	2054
3480	3439
3480	3440
3480	3441
3480	3442
3483	3484
3485	3486
3485	501
3485	840
3485	3487
3485	3488
3489	3490
3489	3491
3489	3492
3489	737
3489	738
3489	1357
3489	685
3489	3493
3489	740
3489	741
3489	3494
3489	3495
3489	1985
3489	3496
3489	1358
3489	3497
3489	1359
3489	3498
3489	3499
3489	1986
3489	3500
3489	1495
3489	3501
3489	3502
3489	2953
3503	425
3503	856
3503	1116
3503	1020
3503	1831
3503	2269
3503	2024
3503	3422
3503	3364
3503	3504
3503	3423
3503	3505
3503	3420
3506	225
3506	324
3506	241
3506	226
3506	3507
3506	3508
3506	3509
3506	3510
3506	2282
3506	2275
3506	3274
3506	3511
3512	3199
3512	383
3512	544
3512	385
3512	387
3512	855
3512	856
3512	1484
3512	980
3512	981
3512	1024
3512	1374
3512	1376
3512	1503
3512	3028
3512	3030
3512	2446
3512	3031
3512	3255
3512	3032
3512	2784
3512	2812
3512	2813
3512	2785
3512	2814
3512	2786
3512	2781
3512	3036
3512	3037
3512	3038
3512	3039
3512	3040
3512	3088
3512	3041
3512	3513
3512	3514
3512	3089
3512	3515
3512	3087
3512	3516
3512	3517
3512	3518
3512	3519
3512	3257
3512	3258
3512	3520
3512	3521
3512	3259
3512	3522
3512	3523
3512	3524
3525	1560
3525	3526
3525	3527
3525	3528
3525	3529
3525	3530
3525	3531
3525	3231
3525	3233
3525	3532
3525	3533
3525	3534
3525	3535
3525	3536
3537	1254
3537	1117
3537	1025
3537	1011
3537	1374
3537	1376
3537	1442
3537	1497
3537	1498
3537	1699
3537	1717
3537	1504
3537	1824
3537	1825
3537	2004
3537	1701
3537	2257
3537	2365
3537	3538
3537	2352
3537	2506
3537	3217
3537	3476
3537	3218
3537	3539
3537	3540
3537	3541
3537	3542
3537	3543
3544	383
3544	544
3544	1081
3544	1085
3544	1078
3544	1632
3544	2366
3544	2446
3544	2784
3544	2812
3544	2785
3544	2786
3544	2781
3544	3036
3544	3039
3544	3088
3544	3515
3544	3087
3544	3545
3544	3518
3544	3258
3544	3521
3544	3259
3544	3546
3547	467
3547	1322
3547	3548
3549	1095
3549	204
3549	198
3549	975
3549	1179
3549	1082
3549	1181
3549	1101
3549	1102
3549	1092
3549	1177
3549	3550
3549	1613
3549	3551
3549	1612
3549	3552
3549	3553
3549	3554
3549	3555
3549	3556
3549	3557
3558	299
3558	855
3558	856
3558	1117
3558	1374
3558	1576
3558	1495
3558	1632
3558	1496
3558	1699
3558	1501
3558	1504
3558	3559
3558	1751
3558	1752
3558	1753
3558	2155
3558	2026
3558	2270
3558	2366
3558	2793
3558	3560
3558	3046
3558	2998
3558	3045
3558	3258
3558	3561
3558	3562
3558	3563
3558	3542
3558	3564
3558	3414
3565	383
3565	544
3565	980
3565	981
3565	1019
3565	1918
3565	1374
3565	2238
3565	2786
3565	3515
3565	3519
3566	3567
3566	1924
3566	1923
3566	3568
3566	3569
3566	3570
3566	3571
3566	3572
3566	3573
3574	3575
3574	3576
3574	1076
3574	3577
3574	3578
3574	3579
3580	3581
3580	3582
3580	3583
3580	2203
3584	3585
3584	737
3584	741
3584	1983
3584	1984
3584	1985
3584	3586
3584	1986
3584	1989
3584	1982
3587	3588
3587	3589
3587	3590
3587	2297
3587	3591
3587	1981
3587	3592
3587	3322
3587	3099
3593	383
3593	544
3593	385
3593	387
3593	975
3593	980
3593	981
3593	1092
3593	1750
3593	2446
3593	2784
3593	2785
3593	2786
3593	3518
3593	3258
3594	855
3594	856
3594	1711
3594	2270
3594	2349
3594	2366
3594	2351
3594	2502
3594	3064
3594	2735
3594	2774
3594	2770
3594	3560
3594	3595
3594	3046
3594	3596
3594	3047
3594	2999
3594	3050
3594	2998
3594	3045
3594	3597
3594	3598
3594	3415
3594	3201
3594	3561
3594	3562
3594	3542
3594	3599
3594	3416
3594	3414
3594	3558
3600	1079
3600	975
3600	1565
3600	1485
3600	1486
3600	1487
3600	1483
3600	3601
3600	3602
3600	3603
3600	3604
3600	3255
3600	3256
3600	3605
3600	3606
3600	3257
3600	3607
3608	855
3608	856
3608	1024
3608	1118
3608	1376
3608	1632
3608	2266
3608	2267
3608	2155
3608	2264
3608	2270
3608	2349
3608	2366
3608	2351
3608	2348
3608	3062
3608	2506
3608	2578
3608	3063
3608	2732
3608	3609
3608	2773
3608	2775
3608	2777
3608	3065
3608	3610
3608	3354
3608	3061
3608	3611
3608	3612
3608	3356
3608	3613
3614	3615
3614	2508
3614	1772
3614	383
3614	544
3614	385
3614	387
3614	1122
3614	1152
3614	1367
3614	1003
3614	1566
3614	1004
3614	1155
3614	1113
3614	1116
3614	1162
3614	2118
3614	3616
3614	988
3614	1149
3614	2274
3614	3617
3614	3618
3614	3619
3614	1776
3614	1754
3614	3620
3614	1748
3614	2345
3614	2347
3614	2446
3614	2810
3614	2720
3614	2814
3614	2876
3621	995
3621	3622
3621	3623
3624	1000
3624	3625
3624	2331
3624	2327
3624	2365
3624	2367
3624	2368
3624	3626
3624	3217
3624	3476
3624	3218
3624	3539
3624	3627
3624	3628
3624	3629
3624	3630
3624	3631
3632	543
3632	3633
3632	388
3632	749
3632	3634
3632	3427
3632	3635
3636	2708
3636	2713
3636	3637
3638	2239
3639	70
3639	75
3639	639
3639	1882
3639	1287
3639	1887
3639	1289
3639	1830
3639	1831
3639	1576
3639	1678
3639	1679
3639	1630
3639	1631
3639	1633
3639	2447
3639	1577
3639	1578
3639	1634
3639	1635
3639	1636
3639	1580
3639	1680
3639	1681
3639	1894
3639	1587
3639	1675
3639	1896
3639	2817
3639	1897
3639	2408
3639	2371
3639	2409
3639	2895
3639	2334
3639	2791
3639	2270
3639	2373
3639	2818
3639	2881
3639	3119
3639	2819
3639	2898
3639	2625
3639	2820
3639	3120
3639	3186
3639	2823
3639	3188
3639	3121
3639	3122
3639	2787
3639	2816
3639	3560
3639	3189
3639	3640
3639	3190
3639	3192
3639	3193
3639	3117
3639	3641
3639	3642
3639	3643
3644	2168
3644	548
3644	549
3644	3645
3644	978
3644	2169
3644	3646
3644	2167
3647	411
3647	714
3647	803
3647	383
3647	856
3647	802
3647	1001
3647	1092
3647	1011
3647	1497
3647	1498
3647	1618
3647	2270
3647	2982
3647	2983
3647	2814
3647	2986
3647	3399
3647	3400
3648	23
3648	24
3648	865
3648	3649
3648	1174
3650	383
3650	544
3650	385
3650	387
3650	855
3650	1000
3650	1003
3650	1161
3650	1092
3650	1315
3650	1495
3650	1496
3650	1750
3650	1501
3650	1503
3650	3030
3650	2446
3650	3031
3650	2784
3650	3651
3650	2785
3650	2786
3650	3518
3650	3258
3650	3521
3650	3652
3650	3653
3654	1528
3654	2971
3654	921
3654	3655
3654	3656
3654	924
3654	926
3654	928
3654	930
3654	1530
3654	2237
3654	1531
3654	3657
3654	3658
3654	2963
3659	1015
3659	856
3659	1011
3659	1993
3659	1717
3659	2370
3659	3660
3661	652
3661	659
3661	661
3661	3662
3661	3663
3661	678
3661	3134
3661	3664
3661	3135
3661	2037
3661	3136
3661	2038
3661	3138
3661	3665
3661	3131
3661	3666
3661	3667
3668	3669
3668	3670
3671	3672
3673	383
3673	3674
3675	783
3675	1369
3675	1309
3675	1379
3675	1442
3675	1709
3675	1495
3675	1834
3675	3348
3675	1751
3675	1719
3675	3111
3675	2431
3675	2432
3675	2034
3675	2433
3675	3426
3675	3676
3677	299
3677	855
3677	2270
3677	2349
3677	2351
3677	2348
3677	2732
3677	2735
3677	2774
3677	2775
3677	2777
3677	2770
3677	3147
3677	3595
3677	3046
3677	3354
3677	3047
3677	3050
3677	3045
3677	3356
3677	3293
3677	3414
3677	3558
3677	3594
3677	3678
3677	3679
3677	3680
3677	3681
3682	3683
3682	3684
3685	705
3685	194
3685	219
3685	709
3685	196
3685	299
3685	192
3685	856
3685	938
3685	1152
3685	1367
3685	1003
3685	1004
3685	1155
3685	1113
3685	1020
3685	988
3685	1011
3685	1495
3685	1496
3685	1498
3685	2122
3685	1501
3685	1627
3685	2123
3685	3111
3685	2647
3685	2980
3685	2339
3685	2759
3685	3686
3685	2270
3685	2540
3685	2981
3685	3429
3685	3687
3685	3688
3685	3689
3685	2982
3685	2983
3685	3156
3685	2986
3685	3690
3685	3691
3685	2953
3685	2979
3685	3692
3685	3400
3693	3694
3695	610
3695	621
3695	3099
3695	3696
3697	70
3697	1699
3697	1504
3697	1894
3697	1700
3697	2894
3697	2896
3697	2270
3697	2897
3697	3698
3697	2770
3697	2787
3697	3560
3697	3147
3697	3640
3697	3699
3697	3045
3700	3701
3700	856
3700	2269
3700	2270
3700	2506
3700	3064
3700	3702
3703	411
3703	975
3703	1115
3703	1117
3703	1749
3703	1315
3703	1753
3703	1754
3703	1748
3703	2345
3703	2446
3703	2786
3703	3046
3703	3039
3703	3040
3703	3513
3703	3045
3703	3221
3703	3563
3703	3564
3703	3704
3703	3679
3703	3652
3705	408
3705	667
3705	328
3705	329
3705	330
3705	327
3705	3706
3705	3707
3705	2586
3708	1495
3708	2349
3708	2960
3709	3710
3709	3711
3712	467
3712	1363
3712	1323
3712	3713
3712	3159
3712	1364
3712	3714
3712	1325
3712	3715
3712	3548
3712	3716
3712	3717
3712	3547
3712	3718
3712	3719
3720	2270
3720	2349
3720	2777
3721	1560
3721	1562
3721	3722
3721	3723
3724	194
3724	3725
3724	1012
3724	1005
3724	3726
3724	1024
3724	1109
3724	1370
3724	1315
3724	1309
3724	1377
3724	1677
3724	1969
3724	3348
3724	2727
3724	2581
3724	3727
3724	2257
3724	3728
3724	3031
3724	3303
3724	2541
3724	3032
3724	3113
3724	2813
3724	3729
3724	3479
3724	3730
3724	3731
3732	299
3732	3733
3732	1011
3732	3734
3732	1717
3732	1701
3732	3735
3732	2269
3732	3736
3732	3185
3732	3737
3732	2807
3732	2803
3732	3738
3732	3739
3732	3740
3741	1311
3741	1254
3741	1011
3741	1993
3741	1717
3741	1996
3741	3742
3741	3422
3741	3743
3741	3366
3741	3744
3741	3504
3741	3368
3741	3365
3741	3425
3741	3745
3741	3746
3741	3659
3747	3748
3747	1520
3747	3749
3747	3750
3747	3751
3747	3752
3753	567
3753	3754
3753	3755
3753	2557
3753	3756
3757	3751
3758	383
3758	544
3758	385
3758	387
3758	1152
3758	1566
3758	1774
3758	2500
3758	1498
3758	3601
3758	1834
3758	3474
3758	2360
3758	1754
3758	1748
3758	3029
3758	2501
3758	2347
3758	2810
3758	2499
3758	3477
3758	3252
3758	3253
3758	3251
3758	3470
3758	3759
3758	3760
3758	3761
3758	3762
3763	1079
3763	720
3763	1126
3763	384
3763	975
3763	2512
3763	1081
3763	1127
3763	1082
3763	1084
3763	1085
3763	2014
3763	1086
3763	1088
3763	1089
3763	2514
3763	1129
3763	1130
3763	1092
3763	1131
3763	1078
3763	1125
3763	2516
3763	3764
3763	1761
3763	1764
3763	1671
3763	1759
3763	3765
3763	2071
3763	2522
3763	3766
3763	2523
3763	3767
3763	3768
3763	3769
3763	3770
3763	3771
3772	1205
3772	1204
3772	2723
3772	2585
3773	855
3773	856
3773	1024
3773	1118
3773	1011
3773	1374
3773	1376
3773	1632
3773	1712
3773	2266
3773	2267
3773	1717
3773	2155
3773	2264
3773	2270
3773	2349
3773	2366
3773	2351
3773	2348
3773	2410
3773	3062
3773	2575
3773	2506
3773	2578
3773	2580
3773	3063
3773	3609
3773	2733
3773	3064
3773	2735
3773	2827
3773	3352
3773	3147
3773	3540
3773	3065
3773	3610
3773	3354
3773	3061
3773	3356
3773	3543
3773	3774
3775	3776
3775	3777
3775	3778
3775	3779
3780	966
3780	3205
3780	1035
3780	1024
3780	1576
3780	1630
3780	1631
3780	1633
3780	1636
3780	2155
3780	2270
3780	2366
3780	2898
3780	3781
3780	2770
3780	3560
3780	3782
3780	3783
3780	3147
3780	3640
3780	3353
3780	3784
3780	3785
3780	3677
3780	3786
3780	3787
3780	3788
3789	1024
3789	1579
3789	1581
3789	1584
3789	3348
3789	2581
3789	2155
3789	2270
3789	2366
3789	3790
3789	2730
3789	2410
3789	2446
3789	2575
3789	2578
3789	2580
3789	3791
3789	3792
3789	2720
3789	2831
3789	2731
3789	3793
3789	3794
3789	3795
3789	3796
3789	3797
3789	3798
3789	3799
3789	3800
3789	3801
3789	3802
3789	3803
3789	3804
3789	3805
3789	3806
3789	3643
3789	3807
3789	3808
3789	3809
3810	1371
3810	2155
3810	2270
3810	3311
3810	3352
3810	3356
3810	3504
3810	3653
3810	3677
3810	3786
3810	3787
3810	3788
3811	1842
3811	3812
3811	3813
3811	3814
3811	3815
3811	3816
3811	3817
3811	3818
3819	411
3819	3199
3819	383
3819	544
3819	1565
3819	1569
3819	2179
3819	3034
3819	2814
3820	1011
3820	1374
3820	1376
3820	1712
3820	1821
3820	2270
3820	2257
3820	2265
3820	2365
3820	3539
3820	3540
3820	3541
3820	3543
3820	3443
3820	3537
3820	3731
3821	3822
3821	3823
3821	3824
3821	3078
3821	3825
3821	3826
3821	3072
3827	3828
3827	3829
3830	1681
3830	2155
3830	2270
3830	3560
3830	3640
3830	3045
3830	3831
3830	3832
3830	3784
3830	3785
3830	3677
3830	3697
3830	3786
3830	3787
3830	3780
3833	2294
3833	2296
3833	827
3833	1981
3833	2068
3833	3834
3835	1370
3835	1377
3835	1578
3835	1580
3835	2252
3835	2270
3835	2254
3835	2578
3835	3560
3835	3147
3835	3444
3835	3699
3835	2999
3835	3045
3835	3597
3835	3542
3835	3558
3835	3584
3835	3679
3835	3677
3835	3786
3836	1811
3836	3837
3836	2657
3836	2663
3838	751
3838	1000
3838	1005
3838	1024
3838	1309
3838	1377
3838	3348
3838	2380
3838	2257
3838	3724
3839	405
3839	138
3839	196
3839	1741
3839	458
3839	197
3839	1035
3839	299
3839	855
3839	856
3839	1251
3839	1252
3839	1254
3839	1019
3839	1021
3839	1025
3839	1118
3839	1026
3839	1011
3839	1371
3839	3297
3839	1374
3839	1376
3839	1379
3839	1442
3839	3473
3839	1495
3839	1712
3839	2261
3839	1496
3839	3840
3839	1715
3839	2266
3839	3841
3839	2267
3839	1717
3839	1501
3839	1681
3839	1504
3839	3842
3839	2416
3839	2722
3839	1896
3839	2432
3839	1701
3839	2155
3839	2030
3839	2269
3839	2159
3839	2160
3839	2270
3839	2765
3839	2265
3839	2349
3839	2366
3839	2351
3839	2348
3839	2410
3839	2575
3839	2506
3839	2578
3839	2579
3839	2766
3839	2580
3839	2732
3839	2767
3839	2773
3839	2774
3839	2775
3839	2726
3839	2777
3839	2831
3839	3408
3839	2770
3839	2764
3839	2829
3839	3560
3839	3352
3839	3843
3839	3147
3839	3046
3839	3444
3839	3793
3839	3844
3839	3845
3839	3610
3839	3794
3839	3797
3839	3047
3839	3048
3839	3049
3839	3050
3839	3846
3839	3847
3839	3831
3839	3356
3839	3848
3839	3293
3839	3849
3839	3850
3839	3562
3839	3563
3839	3801
3839	3851
3839	3414
3839	3443
3839	3558
3839	3594
3839	3852
3839	3802
3839	3678
3839	3679
3839	3853
3839	3774
3839	3854
3839	3677
3839	3786
3839	3855
3839	3856
3839	3787
3839	3788
3857	1666
3857	1667
3857	1665
3857	3858
3857	3244
3857	3859
3857	3860
3857	3861
3857	3862
3863	186
3863	3864
3863	3865
3863	3866
3867	3868
3867	3869
3870	3871
3870	383
3870	2144
3870	2400
3870	3872
3870	3873
3874	200
3874	1096
3874	3875
3874	3876
3874	3877
3874	3878
3874	3879
3874	3880
3874	3881
3874	3882
3874	3883
3874	3884
3874	3885
3874	3886
3887	900
3887	2134
3887	902
3887	3888
3889	411
3889	714
3889	3890
3889	383
3889	544
3889	979
3889	1498
3889	1803
3889	1500
3889	2308
3889	3891
3889	2032
3889	2034
3889	2035
3889	2026
3889	2117
3889	3094
3889	2335
3889	3892
3889	2902
3889	3033
3889	2769
3889	2786
3889	3040
3889	3513
3889	3893
3889	3520
3889	3546
3889	3894
3889	3895
3889	3896
3897	375
3897	315
3897	2465
3897	3898
3897	3899
3897	2165
3897	3145
3897	3147
3897	3900
3901	3902
3901	3903
3901	3904
3901	3905
3901	1441
3901	3906
3901	3907
3908	856
3908	1020
3908	1023
3908	1024
3908	1118
3908	1701
3908	2270
3908	2349
3908	2411
3908	2366
3908	2732
3908	2775
3908	2777
3908	3415
3909	289
3909	1205
3909	1020
3909	1026
3909	1204
3909	2047
3909	2048
3909	1711
3909	2723
3909	2585
3909	2374
3909	2375
3909	3599
3909	3910
3909	3362
3909	3911
3909	3912
3913	518
3913	1704
3913	1572
3913	299
3913	1015
3913	1254
3913	1205
3913	2007
3913	1025
3913	2583
3913	2047
3913	1698
3913	2495
3913	2280
3913	2004
3913	2024
3913	2498
3913	3729
3913	3362
3913	3914
3913	3911
3913	3912
3915	856
3915	1379
3915	2005
3915	2270
3915	2562
3915	2733
3915	3916
3915	3049
3915	3846
3915	3426
3915	3917
3915	3918
3919	383
3919	544
3919	299
3919	1270
3919	1000
3919	1003
3919	1004
3919	1342
3919	1117
3919	1161
3919	1092
3919	1024
3919	999
3919	1576
3919	1495
3919	2670
3919	1498
3919	1806
3919	1875
3919	2270
3919	2366
3919	2718
3919	2446
3919	2928
3919	3285
3919	2719
3919	2715
3919	2786
3919	3353
3919	3398
3919	3258
3919	3562
3919	3647
3919	3920
3919	3839
3921	856
3921	1026
3921	1011
3921	1632
3921	1993
3921	2270
3921	2765
3921	2366
3921	2579
3921	2767
3921	2831
3921	2829
3921	3843
3921	3844
3921	3794
3921	3801
3921	3922
3923	786
3923	880
3923	383
3923	544
3923	979
3923	1087
3923	1566
3923	1915
3923	982
3923	1408
3923	986
3923	1108
3923	1919
3923	1787
3923	2015
3923	3924
3923	3604
3923	3925
3923	3926
3923	3105
3923	2902
3923	3285
3923	3605
3923	3927
3923	3928
3923	3607
3923	3929
3930	661
3930	3134
3930	3138
3930	3931
3930	2715
3932	3933
3932	2923
3932	2924
3932	2925
3932	2926
3932	2927
3932	3934
3932	3935
3932	2929
3932	2922
3932	3936
3932	3937
3932	3938
3932	3251
3939	778
3939	779
3939	383
3939	544
3939	783
3939	299
3939	975
3939	937
3939	856
3939	777
3939	1153
3939	1250
3939	1180
3939	1252
3939	1829
3939	1182
3939	1017
3939	1018
3939	1470
3939	1156
3939	1160
3939	1471
3939	1024
3939	1025
3939	1026
3939	1830
3939	1011
3939	1831
3939	1442
3939	1466
3939	1709
3939	3940
3939	3473
3939	1495
3939	1632
3939	1496
3939	3840
3939	1833
3939	1835
3939	1836
3939	1751
3939	1719
3939	1837
3939	1838
3939	2430
3939	2432
3939	1839
3939	1828
3939	3941
3939	2269
3939	2497
3939	2717
3939	3942
3939	2433
3939	2494
3939	3943
3939	3944
3939	3114
3939	3945
3939	3946
3939	3947
3939	3948
3939	3949
3939	3917
3939	3950
3951	1020
3951	1118
3951	1715
3951	3952
3951	3953
3951	3954
3951	3955
3951	3956
3951	3957
3951	3958
3959	1046
3959	3871
3959	299
3959	1050
3959	1051
3959	1052
3959	856
3959	1025
3959	1057
3959	1821
3959	3873
3959	2365
3959	2366
3959	3475
3959	2352
3959	2506
3959	3217
3959	3476
3959	3218
3959	3539
3959	3960
3959	3961
3959	3962
3959	3963
3959	3964
3959	2960
3959	3965
3959	3966
3959	3967
3959	3968
3969	2244
3969	3247
3969	3970
3969	3249
3969	3250
3969	3245
3969	3971
3972	1374
3972	1376
3972	1579
3972	2330
3972	2450
3972	2024
3972	3973
3972	3629
3972	3974
3972	3914
3972	3953
3972	3954
3972	3975
3972	3955
3972	3976
3972	3956
3977	3978
3977	2270
3977	2765
3977	2349
3977	2348
3977	2460
3977	2766
3977	2733
3977	2726
3977	3408
3977	2829
3977	3843
3977	3147
3977	3946
3977	3979
3977	3918
3977	3839
3977	3980
3977	3981
3977	3971
3977	3982
3977	3983
3984	3985
3984	1035
3984	285
3984	511
3984	512
3984	539
3984	3986
3984	753
3984	1024
3984	1027
3984	1371
3984	1577
3984	2266
3984	2267
3984	2155
3984	3987
3984	2270
3984	2787
3984	3560
3984	3640
3984	3354
3984	3699
3984	3831
3984	3356
3984	3415
3984	3853
3984	3784
3984	3785
3984	3988
3984	3989
3984	3780
3984	3830
3984	3990
3984	3991
3984	3992
3984	3993
3994	3995
3996	961
3996	1090
3996	3997
3996	3998
3996	958
3996	3999
3996	4000
3996	4001
3996	4002
3996	4003
3996	4004
4005	1311
4005	1254
4005	1442
4005	2257
4005	2365
4005	3476
4005	3218
4005	3541
4005	3850
4005	4006
4005	3731
4005	3724
4005	4007
4005	4008
4009	418
4009	3318
4009	1118
4009	1361
4009	2597
4009	2740
4009	1907
4009	2600
4009	2270
4009	2460
4009	2578
4009	3323
4009	3326
4009	3327
4009	3317
4009	4010
4009	4011
4009	4012
4009	4013
4009	4014
4015	1008
4015	4016
4015	4017
4015	4018
4019	2383
4019	4020
4019	4021
4022	267
4022	285
4022	1117
4022	1374
4022	2329
4022	3231
4022	2786
4022	4023
4022	3045
4022	3258
4022	3895
4022	4024
4022	3939
4025	4026
4025	4027
4025	4028
4025	4029
4030	709
4030	1087
4030	1652
4030	1118
4030	1919
4030	1655
4030	1625
4030	2447
4030	1701
4030	2366
4030	3183
4030	4031
4030	4032
4030	3956
4030	3951
4030	4033
4034	4035
4034	1240
4034	4036
4034	4037
4034	4038
4034	4039
4034	4040
4034	3545
4034	3221
4034	4041
4034	4042
4043	70
4043	1287
4043	1289
4043	1118
4043	1576
4043	1679
4043	1630
4043	1633
4043	1635
4043	1636
4043	1681
4043	1675
4043	1896
4043	1897
4043	1701
4043	1875
4043	2030
4043	2333
4043	2409
4043	2373
4043	2349
4043	2366
4043	2818
4043	2819
4043	2821
4043	2777
4043	3122
4043	3560
4043	4044
4043	3190
4043	3192
4043	3563
4043	3564
4045	1011
4045	1258
4045	1993
4045	1717
4045	1996
4045	2370
4045	4046
4045	3366
4045	3367
4045	4047
4045	3744
4045	3368
4045	3365
4045	3425
4045	4048
4045	4049
4050	1885
4050	1024
4050	1291
4050	1574
4050	1377
4050	1576
4050	1892
4050	1634
4050	1635
4050	1579
4050	1580
4050	1699
4050	1581
4050	1505
4050	1584
4050	1585
4050	3348
4050	1587
4050	2581
4050	2050
4050	2529
4050	2030
4050	2366
4050	4051
4050	3336
4050	2730
4050	2720
4050	2736
4050	2743
4050	4052
4050	4053
4050	4054
4055	4056
4055	4057
4058	543
4058	383
4058	544
4058	294
4058	1565
4058	4059
4058	1092
4058	4060
4058	1568
4058	1569
4058	1564
4058	1726
4058	1727
4058	1728
4058	1721
4058	2178
4061	1793
4061	3082
4062	4063
4062	4064
4062	4065
4062	4066
4062	4067
4062	693
4062	4068
4062	4069
4062	4070
4062	4071
4062	4072
4062	4073
4062	4074
4062	4075
4062	4076
4062	2479
4062	4077
4062	4078
4079	1886
4079	1891
4079	1576
4079	1631
4079	1636
4079	1637
4079	1638
4079	1893
4079	2342
4079	2254
4079	4051
4079	3336
4079	4080
4079	4081
4079	4082
4079	4083
4079	4084
4079	3937
4079	4085
4079	4086
4079	4087
4079	4053
4079	4088
4089	366
4089	696
4089	1329
4089	564
4089	4090
4089	4091
4089	4092
4089	4093
4094	411
4094	716
4094	4095
4094	802
4094	1001
4094	1109
4094	1120
4094	1699
4094	1504
4094	3027
4094	2155
4094	2270
4094	2349
4094	3407
4094	3113
4094	2726
4094	3147
4094	3045
4094	3414
4094	3558
4094	3594
4094	3679
4094	3677
4094	3786
4094	3788
4094	4096
4094	4097
4098	3206
4098	1885
4098	4099
4098	1576
4098	1631
4098	1581
4098	1505
4098	1585
4098	2342
4098	2409
4098	4100
4098	2724
4101	1377
4101	2152
4101	3563
4101	3703
4101	4102
4103	29
4103	4104
4103	27
4103	361
4103	362
4103	363
4103	3373
4103	650
4103	1284
4103	4105
4103	4106
4103	4107
4103	2202
4103	4108
4103	4109
4103	4110
4103	4041
4103	3759
4103	4111
4112	4113
4112	4114
4112	3171
4112	4115
4112	2224
4112	4116
4112	4117
4112	4118
4119	150
4119	4120
4121	2266
4121	2267
4121	2152
4121	2344
4121	2155
4121	2380
4121	2270
4121	2346
4121	2717
4121	2402
4121	2576
4121	2726
4121	3409
4121	4122
4121	3563
4121	3677
4121	3786
4121	3788
4121	3983
4123	194
4123	3212
4123	3213
4123	2230
4123	2231
4123	3538
4123	3475
4123	4124
4123	3217
4123	3476
4123	3218
4123	3627
4123	3478
4123	3479
4123	3762
4125	1143
4125	308
4125	4126
4125	1643
4125	1644
4125	4127
4125	1642
4125	4128
4125	4129
4130	1017
4130	4131
4130	1018
4130	1117
4130	1026
4130	1370
4130	1315
4130	1632
4130	1497
4130	1498
4130	2152
4130	2032
4130	2366
4130	3397
4130	2768
4130	3042
4130	3043
4130	3044
4130	4132
4130	4032
4130	3971
4130	4133
4130	4134
4130	4135
4136	2457
4136	4137
4136	4138
4139	544
4139	4140
4139	4141
4139	4142
4143	3987
4143	2270
4143	3356
4143	3784
4143	3785
4143	3677
4143	3786
4143	3780
4143	3830
4143	4144
4143	3990
4143	3992
4143	3984
4145	4146
4147	2270
4147	2735
4147	3147
4147	3364
4147	3354
4147	3356
4147	3504
4147	3505
4147	3853
4147	3787
4147	3788
4147	4148
4147	4096
4147	4149
4147	4150
4147	4151
4152	1823
4152	856
4152	1887
4152	1968
4152	1578
4152	2478
4152	2494
4152	2793
4152	4153
4152	4149
4152	4154
4155	413
4155	271
4155	272
4155	416
4155	427
4155	543
4155	443
4155	4156
4155	197
4155	403
4155	4157
4155	1153
4155	1525
4155	986
4155	2027
4155	1677
4155	4158
4155	2028
4155	1748
4155	2449
4155	2380
4155	2572
4155	2576
4155	4133
4159	114
4159	167
4159	3160
4159	2278
4159	3162
4159	4160
4161	4162
4163	1567
4163	2143
4163	1789
4163	1724
4163	1793
4163	3082
4163	3079
4163	4061
4164	4165
4164	4166
4167	4168
4167	4169
4167	4170
4167	4171
4167	4172
4167	4173
4167	4174
4167	4175
4176	4177
4176	4178
4176	4179
4180	4181
4180	4182
4180	4183
4180	570
4180	572
4180	4184
4180	2078
4180	577
4180	276
4180	3172
4180	383
4180	544
4180	4185
4180	4186
4180	4187
4180	3178
4180	4188
4180	4189
4180	4190
4191	700
4191	321
4191	636
4191	4192
4191	825
4191	4193
4191	1035
4191	1291
4191	1574
4191	1576
4191	2793
4191	4194
4191	4195
4191	4196
4191	4149
4197	1885
4197	1291
4197	1891
4197	4198
4197	1576
4197	4199
4197	1634
4197	1639
4197	1894
4197	2880
4197	2881
4197	2821
4197	2878
4200	751
4200	2690
4200	700
4200	289
4200	966
4200	636
4200	70
4200	4201
4200	71
4200	195
4200	75
4200	4202
4200	299
4200	1882
4200	1015
4200	855
4200	856
4200	1694
4200	1287
4200	1883
4200	1887
4200	1622
4200	1024
4200	1118
4200	1676
4200	1109
4200	1371
4200	1291
4200	1309
4200	1336
4200	2047
4200	1374
4200	1376
4200	1377
4200	1677
4200	1576
4200	1678
4200	1679
4200	1630
4200	1631
4200	1632
4200	1625
4200	1633
4200	1968
4200	1577
4200	1578
4200	1634
4200	1635
4200	1636
4200	1579
4200	1580
4200	1637
4200	1638
4200	1699
4200	2267
4200	2152
4200	1680
4200	1639
4200	1581
4200	1681
4200	1504
4200	1894
4200	1505
4200	1584
4200	1585
4200	1969
4200	1700
4200	1586
4200	1752
4200	1628
4200	1675
4200	4203
4200	2114
4200	2697
4200	2581
4200	1896
4200	2529
4200	4204
4200	2817
4200	1897
4200	1875
4200	2155
4200	2030
4200	2408
4200	2371
4200	3987
4200	2409
4200	2895
4200	2334
4200	2896
4200	2791
4200	2116
4200	1967
4200	2024
4200	2270
4200	4205
4200	2254
4200	2331
4200	2373
4200	2257
4200	2366
4200	3475
4200	2818
4200	4051
4200	2367
4200	3336
4200	2368
4200	2402
4200	2819
4200	4080
4200	3626
4200	2898
4200	2689
4200	4206
4200	2825
4200	2820
4200	2821
4200	2822
4200	3120
4200	3186
4200	3339
4200	2775
4200	2793
4200	3188
4200	3340
4200	3122
4200	2743
4200	2787
4200	2816
4200	4194
4200	3560
4200	3147
4200	3046
4200	3189
4200	3640
4200	3190
4200	3192
4200	2893
4200	4207
4200	4208
4200	4209
4200	4210
4200	4211
4200	3353
4200	4212
4200	3193
4200	3194
4200	3045
4200	3117
4200	3195
4200	3356
4200	4213
4200	4214
4200	3196
4200	4215
4200	4216
4200	3641
4200	3642
4200	4217
4200	4218
4200	3806
4200	3784
4200	3653
4200	3854
4200	3785
4200	4219
4200	4220
4200	3643
4200	3639
4200	3677
4200	3968
4200	3786
4200	4221
4200	4222
4200	4223
4200	3787
4200	3788
4200	3780
4200	3830
4200	3839
4200	4144
4200	3990
4200	4224
4200	4096
4200	4053
4200	4088
4200	4225
4200	4196
4200	4226
4200	4227
4200	4228
4200	3992
4200	4229
4200	4230
4200	4231
4200	4232
4200	4043
4200	4050
4200	4079
4200	4143
4200	4233
4234	4181
4234	4235
4234	4236
4234	4237
4238	1924
4238	1923
4238	4239
4240	2217
4240	3447
4240	3448
4240	2221
4240	4241
4242	778
4242	4243
4242	779
4242	1133
4242	777
4242	1829
4242	4244
4242	2626
4242	1024
4242	1833
4242	4245
4242	2727
4242	1828
4242	4246
4242	4247
4242	4248
4242	4249
4242	4250
4242	4251
4242	4252
4242	4253
4242	4254
4242	4255
4242	4256
4242	4257
4242	4258
4242	4259
4242	3939
4242	4097
4260	3448
