76	85
76	96
152	159
165	168
165	170
171	176
192	194
198	199
215	218
215	220
287	288
310	316
318	323
318	122
334	335
348	349
351	352
403	410
403	313
403	434
403	436
403	441
459	462
482	483
509	124
509	513
526	357
551	222
564	574
598	599
607	615
650	661
650	664
650	681
650	687
692	695
704	194
704	221
710	714
734	740
750	71
750	232
755	759
761	765
761	768
781	719
792	800
830	288
844	121
847	578
857	283
904	908
904	910
912	621
912	916
945	706
958	959
965	969
973	986
992	995
999	856
1032	1035
1078	1080
1078	1086
1078	1093
1094	193
1094	1102
1103	42
1103	973
1109	1092
1125	1088
1142	483
1149	714
1149	1163
1177	198
1189	1193
1194	1198
1206	1122
1209	1210
1209	1216
1209	1218
1224	1226
1247	709
1247	299
1247	935
1247	1153
1260	1266
1260	1268
1279	27
1286	1288
1295	1296
1309	197
1341	196
1341	1343
1380	515
1387	1393
1395	335
1434	1438
1434	1440
1442	1254
1466	299
1466	1158
1466	1344
1466	1471
1466	1370
1473	1475
1478	1306
1483	720
1483	1080
1491	267
1538	1541
1538	1545
1564	1566
1564	1567
1571	1585
1595	578
1595	1598
1614	1615
1619	1019
1619	1023
1619	1627
1628	1637
1648	1650
1648	1180
1665	1667
1671	1130
1692	1024
1692	1574
1692	1375
1701	518
1701	1703
1701	708
1701	195
1701	856
1701	1250
1701	1710
1701	1496
1701	1497
1740	1743
1745	1747
1748	975
1780	1006
1782	1567
1782	983
1795	336
1800	713
1800	979
1807	1808
1814	1818
1821	1044
1828	1838
1841	1845
1841	1850
1875	1879
1875	1450
1898	966
1898	1904
1905	1056
1914	1567
1925	1932
1942	1947
1967	1026
1967	1709
2000	2001
2003	1011
2006	1913
2006	2009
2017	2018
2024	1311
2024	1024
2024	1374
2026	2030
2026	2033
2036	2037
2046	1015
2046	2047
2046	1638
2071	1130
2085	289
2085	971
2085	2089
2100	786
2100	1630
2100	2115
2117	1116
2126	2127
2130	617
2141	1570
2141	2149
2150	1496
2150	1753
2163	2166
2176	544
2176	1728
2185	544
2192	2195
2192	2200
2205	2209
2235	924
2235	2240
2241	2247
2250	1887
2257	2258
2257	1011
2260	1000
2271	553
2271	195
2271	1003
2271	1156
2271	2274
2275	2287
2302	385
2302	981
2302	2306
2302	2307
2302	1786
2302	1790
2302	1701
2309	2314
2327	1377
2332	1676
2332	1630
2332	2333
2332	2334
2335	1632
2335	1500
2335	2339
2343	1748
2343	2032
2352	324
2352	1001
2352	1495
2352	2122
2352	1821
2352	2012
2369	165
2377	1026
2399	2401
2402	2403
2402	1676
2402	1630
2402	1632
2402	1577
2428	2429
2428	2430
2434	167
2440	596
2446	2447
2446	1660
2451	2452
2451	2453
2460	1055
2460	1701
2464	1399
2464	2469
2494	2497
2502	789
2502	1025
2502	2366
2507	2509
2511	975
2511	1086
2511	1131
2318	2539
2541	2542
2543	1376
2543	1624
2543	2547
2558	742
2565	2567
2573	2574
2580	1133
2580	1024
2580	1373
2580	2581
2582	2374
2590	2592
2590	2594
2616	1691
2627	870
2630	2009
2630	2254
2641	2345
2644	1501
2648	2651
2653	2656
2700	2703
2706	1024
2706	2349
2706	2460
2706	2577
2706	2625
2720	2723
2726	2378
2726	2155
2729	1584
2731	2411
2743	1889
2743	1574
2743	2381
2744	199
2744	324
2744	559
2744	226
2744	561
2744	988
2744	1997
2771	1376
2771	2348
2771	2776
2771	2780
2787	1576
2796	2800
2796	2801
2803	2805
2803	2806
2816	1886
2816	1638
2824	1373
2824	2578
2824	2729
2829	2349
2832	2838
2842	2843
2846	2852
2857	2858
2857	1431
2882	841
2893	1287
2893	1638
2893	2409
2893	2818
2903	2728
2906	680
2917	2479
2922	2923
2922	2925
2922	2926
2932	383
2934	128
2934	2941
2934	2942
2943	2947
2953	2804
2953	2955
2953	2803
2969	471
2969	2968
2987	2993
2998	1656
3004	1270
3006	3007
3026	2035
3026	3032
3026	2786
3045	2270
3061	2351
3061	2578
3061	2773
3066	3068
3072	757
3087	383
3087	2388
3087	2718
3087	2902
3087	3088
3097	1611
3102	3106
3108	1003
3108	1113
3108	3112
3108	2446
3117	1287
3117	1675
3117	3120
3123	1408
3123	2115
3131	3132
3131	2037
3141	3143
3157	3161
3170	3171
3170	572
3170	577
3170	1657
3170	3179
3184	1577
3184	2896
3184	2893
3201	3202
3211	3217
3221	118
3221	3223
3221	3224
3221	1701
3235	712
3235	1367
3235	1003
3235	1155
3235	1026
3235	1713
3235	1719
3235	3239
3245	1544
3266	2289
3268	2282
3286	1524
3286	1626
3286	3293
3294	297
3298	3303
3313	3316
3317	3324
3328	3333
3328	2269
3328	2955
3341	3342
3345	1115
3362	2047
3365	1011
3369	3370
3369	2928
3395	1156
3405	411
3405	3147
3410	2363
3410	2804
3412	2244
3414	2732
3414	2777
3417	3418
3420	2272
3438	3440
3443	2831
3443	3147
3449	149
3450	3201
3452	288
3452	636
3461	3465
3461	2084
3461	2077
3470	3472
3470	3473
3489	3496
3503	1020
3506	225
3506	2275
3512	387
3512	3036
3512	3514
3512	3515
3512	3257
3525	3527
3537	1117
3537	1442
3537	1498
3537	1504
3544	2366
3544	2785
3558	1753
3565	383
3565	981
3587	3322
3593	387
3593	2785
3594	2351
3600	3604
3608	2270
3608	3611
3614	1004
3614	3620
3632	3633
3639	1887
3639	2409
3639	2898
3639	3193
3647	1497
3647	2986
3650	3651
3650	2785
3654	2237
3661	652
3661	3134
3661	3135
3661	3665
3668	3669
3675	1309
3675	1379
3675	2432
3677	299
3685	1367
3685	1501
3697	70
3697	1504
3697	3698
3703	411
3703	2446
3703	3652
3724	3303
3724	3113
3758	3761
3763	1079
3763	384
3773	2264
3773	2733
3773	3061
3775	3778
3789	3791
3820	2365
3821	3823
3827	3828
3833	2294
3833	2296
3833	3834
3838	1000
3839	299
3839	1021
3839	1118
3839	2366
3839	3414
3870	3873
3897	375
3908	2366
3909	2048
3909	3910
3913	2498
3915	3049
3919	544
3919	2718
3919	3353
3923	1787
3923	3929
3939	1709
3939	1836
3959	3871
3972	1579
3977	2270
3977	2348
3977	2766
3977	2829
3977	3843
3977	3147
3984	1577
3984	3987
3984	3560
4005	3850
4005	4006
4022	4024
4030	3956
4043	1635
4045	1717
4045	3366
4050	1635
4050	2720
4062	4075
4079	4087
4094	1001
4098	3206
4098	1885
4098	4099
4098	1576
4121	2152
4123	3212
4123	3218
4123	3627
4130	1498
4130	2366
4147	3147
4147	3356
4152	4149
4155	4157
4155	2576
4161	4162
4167	4168
4180	276
4180	4186
4197	1576
4197	4199
4200	1579
4200	1699
4200	2896
4200	3196
4200	3639
4200	4221
4200	4144
4200	3992
4200	4229
4200	4043
4242	4251
4242	4252
4242	4253
4242	4097
4262	1376
4269	1701
4269	4030
4274	3476
4274	4195
4279	2784
4279	3512
4279	4285
4279	4288
4279	4302
4279	4304
4317	3044
4345	3541
4345	4005
4348	1823
4355	3540
4355	3788
4355	3982
4355	4358
4360	4366
4371	4326
4406	1450
4406	1884
4406	4410
4414	2581
4414	2365
4443	4444
4450	3692
4450	4300
4451	383
4451	4454
4459	2816
4459	4196
4484	1121
4484	4192
4484	1011
4484	4415
4484	4376
4484	4382
4484	4436
4484	4386
4484	4438
4492	2446
4492	2786
4502	319
4522	3868
4522	4525
4533	173
4540	3116
4541	3171
4546	4547
4553	4556
4567	4375
4568	1521
4568	1334
4573	4317
4573	4396
4573	4403
4577	1254
4580	2131
4580	299
4589	1694
4596	4191
4601	1993
4601	1501
4601	2269
4601	2715
4604	1894
4604	4322
4604	4392
4605	4356
4605	3774
4610	4613
4614	4008
4614	4619
4628	4630
4628	2299
4628	4641
4646	3289
4646	3290
4646	2549
4648	324
4648	1020
4654	1495
4654	3795
4654	4030
4674	4679
4686	4687
4690	4692
4693	197
4693	1639
4693	2030
4693	4053
4700	1913
4700	3914
4727	4729
4730	2032
4730	4663
4734	2266
4734	2775
4734	4739
4743	4748
4749	4750
4757	4759
4763	4768
4769	4770
4772	4776
4779	4780
4779	1675
4786	2410
4786	3785
4794	4797
4808	2636
4813	2467
4813	827
4825	847
4828	2786
4828	3769
4835	2898
4851	169
4851	3268
4863	4380
4863	4869
4892	634
4892	3186
4892	3188
4892	4898
4892	4200
4892	4899
4892	4902
4912	1576
4912	3785
4930	3677
4931	2391
4931	4933
4937	3668
4945	1041
4945	3975
4959	4960
4959	4963
4965	4841
4966	3629
4966	4719
4968	3255
4968	3257
4985	382
4985	4105
4993	3947
4993	4149
4997	5000
5027	5030
5027	5031
5027	3130
5039	5046
5047	1753
5061	3147
5061	3610
5066	3990
5070	2777
5070	3854
5070	5074
5075	2728
5075	5080
5075	4522
5075	5087
5089	3098
5089	4328
5089	1610
5089	5092
5100	1232
5100	2920
5109	5110
5113	1024
5126	4323
5136	3714
5136	3718
5140	1378
5140	2270
5140	4274
5140	5147
5150	992
5150	5152
5153	5154
5153	5155
5162	5163
5167	5172
5167	5179
5181	3218
5181	3539
5181	4153
5181	5147
5181	5187
5181	5189
5190	4447
5190	5192
5195	1127
5195	1115
5195	1379
5195	2344
5195	4384
5195	4390
5195	4393
5195	5068
5195	4965
5221	5225
5221	5226
5228	4651
5228	4600
5232	4323
5239	1504
5251	5253
5251	5254
5255	1311
5255	1309
5264	3970
5264	3250
5269	5272
5308	1754
5314	4866
5318	4322
5318	5321
5347	5351
5358	5360
5363	318
5363	2506
5363	5366
5370	5372
5381	4382
5381	5199
5383	700
5392	5393
5400	1576
5400	4600
5401	4349
5404	1127
5404	3514
5417	1150
5417	975
5417	4283
5417	3983
5417	5202
5430	649
5439	4650
5439	4323
5439	4604
5439	4865
5451	2944
5466	5474
5466	5482
5496	5500
5501	714
5501	1751
5501	1719
5501	4689
5509	3579
5510	5513
5528	5529
5530	3686
5530	5540
5530	5542
5556	5203
5561	3427
5561	3965
5566	5567
5574	5577
5578	777
5578	5260
5578	4833
5578	5112
5590	1352
5590	2123
5590	3111
5590	2005
5590	4315
5600	1821
5607	5609
5626	672
5627	5628
5627	5630
5627	5631
5634	1396
5634	5636
5642	5647
5648	121
5648	3225
5648	1552
5648	3095
5652	5232
5652	5658
5661	3409
5671	1091
5671	5324
5671	2005
5671	4833
5676	4149
5676	4323
5682	5245
5687	1020
5690	853
5690	4093
5715	4323
5728	3677
5728	3786
5728	4874
5728	4326
5734	2270
5734	4254
5744	1309
5744	2034
5752	1370
5752	5757
5763	3927
5768	5700
5768	5702
5788	3317
5794	2270
5794	4149
5794	5797
5798	4436
5806	4215
5806	3786
5806	3980
5806	4229
5820	5821
5827	4872
5831	5691
5831	5693
5838	5839
5843	544
5843	5232
5849	5850
5857	761
5857	4653
5860	4413
5867	3424
5867	5542
5876	2308
5876	5885
5886	5145
5886	5750
5898	1117
5898	5899
5898	5069
5898	5037
5905	4480
5910	5913
5922	1680
5922	3188
5922	4217
5922	5803
5935	5937
5938	2238
5938	4263
5938	5733
5938	5953
5959	5301
5959	3231
5959	5440
5968	4799
5973	3420
5973	3426
5973	5779
5973	3432
5989	1117
5989	3953
5989	5994
5996	5148
5996	5999
6004	4657
6004	4661
6012	1024
6012	2777
6012	6014
6012	5352
6012	5512
6012	5513
6033	1576
6033	5721
6055	1750
6055	3652
6055	4149
6055	4260
6055	5721
6055	6056
6057	3059
6062	6064
6062	5662
6079	6084
6086	4696
6086	4693
6086	5221
6095	2635
6098	3967
6108	700
6108	6109
6078	5229
6078	4692
6078	5326
6119	6122
6119	6124
6125	3186
6129	6131
6129	5206
6134	2446
6141	1576
6141	6045
6141	6144
6141	6048
6163	700
6163	4695
6163	4976
6163	6048
6164	6174
6175	6176
6180	980
6180	1754
6180	2026
6180	5783
6180	5786
6190	2786
6192	6194
6204	700
6204	4653
6205	1310
6205	1370
6205	1969
6207	6211
6220	1578
6220	6223
6224	319
6224	115
6224	322
6224	323
6224	71
6224	1252
6224	1011
6224	1752
6224	2270
6224	3422
6224	3354
6224	3258
6224	3505
6224	6226
6224	4904
6224	4868
6235	2723
6235	4149
6235	4865
6236	5440
6236	6237
6249	6250
6255	1120
6255	1709
6255	4984
6287	1719
6287	3111
6287	3941
6287	3945
6294	1486
6295	361
6291	1708
6291	1832
6297	3475
6302	1501
6302	1503
6316	4397
6334	5379
6339	1011
6339	1993
6339	5984
6339	6345
6349	4326
6353	4390
6353	5417
6362	6363
6362	6364
6369	6373
6375	5563
6376	4326
6385	3633
6400	1567
6400	984
6400	1108
6400	3546
6400	4425
6418	4376
6418	5068
6418	6419
6418	5038
6427	4465
6427	6428
6435	4191
6440	6442
6440	6450
6440	6452
6440	6453
6440	6458
6464	5661
6464	5752
6467	4323
6468	4604
6474	1581
6480	1981
6484	1823
6484	5524
6492	385
6492	1566
6492	1582
6492	1570
6492	2029
6492	6006
6492	6501
6503	666
6503	3707
6504	5904
6525	4250
6533	4398
6533	5953
6533	5954
6542	6071
6542	6337
6552	470
6552	6555
6562	4217
6562	5440
6562	6565
6577	6287
6580	856
6580	2954
6580	6581
6580	6582
6589	6067
6594	5731
6598	6603
6606	6608
6606	6610
6606	6461
6626	2793
6629	6537
6629	6570
6635	6637
6642	6643
6652	1682
6653	2641
6666	6669
6666	781
6666	5752
6399	3953
6399	6683
6688	5981
6701	2270
6713	324
6717	1838
6717	4688
6717	6341
6727	1579
6727	5200
6740	3046
6744	6746
6750	6751
6750	6652
6752	3426
6752	4284
6752	3950
6752	4842
6426	6424
6758	4394
6758	5399
6758	6421
6758	6355
6764	288
6768	5418
6768	2516
6768	6771
6768	4295
6783	4229
6788	411
6788	2028
6801	4277
6811	3081
6817	4149
6840	6843
6845	6176
6845	6853
6864	6865
6864	3944
6864	6867
6864	6871
6876	4382
6881	1701
6881	2269
6881	2402
6881	6507
6886	6822
6904	6905
6904	6908
6915	1370
6919	3786
6920	6923
6930	5155
6930	6936
6937	2029
6945	1024
6945	5063
6945	4738
6945	6949
6955	544
6960	27
6960	5560
6965	559
6965	1993
6965	3745
6965	4505
6978	1003
6978	1113
6978	3063
6978	6979
6982	3258
6987	3745
6989	5945
6995	6997
6995	6998
7000	5691
7000	4090
7004	1616
7004	1494
7004	1503
7004	5505
7007	1371
7007	5760
7007	6525
7011	7017
7026	5226
7036	4342
7036	2474
7036	2270
7036	3145
7036	4341
7048	4191
7056	779
7056	1471
7056	3941
7056	7059
7068	383
7068	4963
7068	6373
7081	4149
7087	3974
7087	4287
7087	4663
7095	2497
7095	4694
7100	3028
7100	2347
7100	2343
7100	4507
7107	7108
7124	3477
7124	5117
7130	1748
7131	2727
7131	7132
7131	7008
7131	7007
7137	6740
7153	7154
7168	7169
7168	7171
7172	6332
7175	7177
7175	7178
7179	2550
7182	2581
7183	403
7185	2368
7185	2999
7185	4957
7185	6255
7185	7186
7188	7191
7194	5983
7196	2331
7196	3217
7201	7203
7205	3971
7205	5734
7211	1011
7211	5760
7223	7225
7223	7231
7234	4625
7245	7246
7252	4923
7252	4926
7252	7254
7258	6422
7258	7261
7270	6476
7270	7273
7283	5657
7283	5658
7283	6518
7283	7298
7299	7094
7324	6848
7325	7326
7333	7334
7333	7340
7333	7341
7333	7342
7343	7346
7347	7335
7347	6835
7352	6337
7359	269
7362	6080
7362	5900
7365	7369
7373	5637
7378	6823
7381	2793
7381	4967
7387	6315
7392	6156
7394	5279
7397	3610
7397	3774
7397	3839
7397	4226
7399	2720
7399	5227
7399	7407
7416	2654
7426	7431
7434	4650
7434	2430
7434	3941
7434	5120
7434	6579
7436	1524
7436	7441
7442	1011
7442	1996
7442	3945
7442	3366
7442	5123
7453	1369
7453	7457
7458	4805
7458	5311
7458	7163
7458	6337
7458	6725
7458	6833
7458	6835
7463	4800
7463	5970
7463	7288
7468	1975
7468	6820
7470	1371
7471	3475
7471	3731
7471	7472
7489	2670
7489	2269
7489	4400
7489	7064
7501	6171
7505	3871
7523	7524
7526	197
7526	3839
7526	6159
7534	7347
7541	4149
7541	7270
7544	6829
7544	7546
7557	6713
7583	2544
7587	802
7587	2732
7587	6055
7587	6569
7602	4986
7609	6256
7609	5757
7466	6518
7466	7291
7466	7463
7620	1781
7620	7169
7627	1024
7629	1008
7633	5258
7638	2734
7638	6821
7638	7642
7645	5875
7647	1576
7655	3914
7655	7508
7660	5559
7660	6466
7662	7664
7672	383
7672	7674
7672	2641
7672	3889
7672	7688
7695	1118
7695	2270
7695	3113
7695	3982
7702	3971
7707	1015
7707	1026
7707	4790
7707	6272
7712	4384
7718	3348
7718	2005
7724	5098
7731	7732
7735	4958
7745	7350
7747	6883
7747	6822
7758	7759
7768	3873
7769	6744
7770	324
7770	3029
7770	2719
7770	3116
7770	4686
7770	5501
7770	7130
7776	6058
7776	6739
7776	7335
7790	5457
7790	5462
7795	6048
7797	1732
7799	3301
7802	3446
7811	4323
7812	7813
7817	1579
7817	7549
7820	7515
7820	7510
7823	324
7833	7838
7839	7523
7847	718
7847	2727
7847	7718
7861	7521
7863	554
7863	7866
7870	6823
7871	7777
7871	6058
7871	6479
7871	7271
7871	7746
7871	7875
7882	6367
7883	383
7884	6675
7894	7133
7894	7900
7902	7909
7764	7765
7915	6514
7915	7622
7922	2366
7922	5760
7922	6924
7926	3026
7926	4032
7935	3045
7935	5795
7941	4149
7941	6478
7941	6479
7943	1579
7943	1581
7943	3596
7943	4865
7943	4866
7943	5317
7944	7946
7951	7954
7956	7929
7956	4974
7957	1589
7959	4901
7959	7118
7961	4121
7961	5559
7961	7134
7961	7010
7967	7970
7971	6884
7978	3715
7872	7982
7872	6829
7993	1703
7993	779
7993	6866
7994	700
8000	361
8000	1975
8002	4326
8002	6422
8002	7363
8010	855
8010	5535
8010	5503
8010	8011
8010	6675
8010	8012
8024	2581
8024	5735
8024	6821
8024	6823
8024	7642
8026	8028
8036	1024
8046	8048
8055	299
8055	6519
8065	3257
8065	4149
8065	5654
8065	6535
8065	8066
8065	7139
8070	8074
8070	8075
8084	5202
8089	5394
8089	5477
8089	8093
8097	3982
8097	5930
8098	2277
8098	8099
8100	5006
8113	2924
8113	8116
8113	5988
8120	7636
8120	8128
8129	5755
8135	8139
8135	129
8135	7663
8143	3628
8143	5175
8143	3820
8143	5180
8143	6884
8148	2369
8148	6478
8150	2367
8150	5973
8150	6884
8153	8159
8153	7011
8167	1580
8167	8171
8173	5456
8173	7885
8176	3111
8176	6478
8179	7835
8179	7636
8183	3971
8183	7380
8191	5472
8193	4326
8193	5655
8211	6265
8211	7718
8212	5279
8212	5734
8216	8220
8242	1996
8250	8002
8258	312
8277	7581
8280	2029
8280	6635
8280	7762
8286	1011
8286	5755
8286	6924
8290	696
8290	2479
8306	4860
8308	5666
8311	4133
8311	4391
8311	5319
8311	5318
8311	7356
8319	8321
8324	8326
8324	8329
8330	8333
8330	5010
8330	6676
8350	5472
8356	7949
8356	7950
8357	8360
8369	6739
8370	7568
8371	8372
8371	7793
8374	3409
8374	5093
8381	6168
8381	7761
8381	8382
8385	4379
8385	4718
8385	8388
8389	1824
8389	4053
8389	4345
8393	4326
8396	7089
8398	7548
8408	4650
8408	5122
8408	6064
8408	6341
8408	7215
8415	1376
8415	3992
8415	6883
8415	6491
8415	6626
8415	8417
8415	8419
8424	4619
8431	2368
8431	3965
8431	5561
8437	8097
8439	1079
8450	5056
8468	3303
8476	8478
8484	654
8484	8497
8499	8500
8506	8507
8506	8512
8506	8519
8506	8512
8506	8515
8506	8518
8506	1829
8506	5933
8506	8516
8506	8518
8506	1833
8506	4301
8521	8523
8525	8528
8540	8406
8540	8546
8540	966
8554	8570
8554	8579
8554	8557
8580	8587
8595	8597
8595	7936
8605	8606
8605	8607
8615	1137
8615	7151
8621	8622
8621	2929
8621	7282
8626	8629
8635	8639
8635	8640
8635	4833
8656	8657
8663	8467
8679	8681
8679	1993
8679	8682
8679	856
8679	4045
8691	8702
8691	8718
8691	8720
8691	8722
8691	8724
8691	8732
8747	8752
8747	8753
8747	3258
8747	5501
8763	2270
8763	3854
8763	3677
8773	197
8783	8789
8783	8793
8816	8818
8816	5930
8843	1544
8843	2830
8843	5858
8851	1011
8866	8867
8880	1451
8913	6508
8919	8922
8919	8926
8939	1576
8939	5974
8939	6055
8943	8948
8953	514
8953	3991
8953	6675
8956	6395
8956	7357
8966	7736
8970	2349
8970	8977
8987	1495
8987	4688
8990	8991
8996	6592
8996	2352
8996	3989
8996	5279
9013	3955
9015	3147
9015	5962
9015	9021
9026	5755
9030	4323
9030	5446
9030	6337
9037	4800
9037	6384
9037	7357
9039	3963
9039	6804
9039	4954
9039	7796
9047	2331
9047	4952
9047	4954
9047	4326
9047	5184
9047	5219
9047	9053
9047	8434
9054	6350
9057	5723
8800	3902
8800	9063
8800	2890
8800	7473
9085	4804
9085	9091
9096	7650
9096	7606
9096	6327
9098	5653
9099	5235
9099	7023
9099	7877
9103	0
9103	9107
9121	4479
9121	4481
9124	196
9124	1993
7821	7512
9126	3869
9129	5312
9129	5310
9132	8369
9132	6062
9132	6631
9135	8250
9135	6828
9139	9037
9140	8002
9149	6570
9150	335
9156	3469
9156	9157
9156	9159
9156	9161
9162	7154
9162	4326
9162	7157
9163	6890
9166	165
9166	4851
8852	8211
8852	1373
8852	1996
8852	6341
9177	4885
9177	5755
9180	7860
8405	7871
8405	966
8405	7545
9184	9189
8636	7842
9201	9206
9207	4149
9211	2412
9211	2502
9211	5748
9211	9212
9211	9053
9225	544
9226	3971
8541	7545
9231	454
9233	2435
9233	1035
9233	8254
9233	9246
9256	3043
9256	3691
9256	6917
9260	5998
9264	7640
9265	1153
9265	2461
9265	2506
9265	2576
9265	9267
9276	7739
9276	9278
9279	4149
9280	6877
9284	5575
9291	6407
9293	6378
9295	605
8238	9298
7667	3386
7667	9300
9303	333
9305	2152
9305	4321
9305	6421
9305	6512
9305	7712
9309	8015
9309	6256
9310	4030
9310	6818
9310	6699
9310	5765
9310	5146
9310	9317
9310	6910
9310	9320
9310	7293
9310	7094
9310	9327
9328	3982
9328	8429
9329	406
9332	5495
8481	5017
8121	4217
9337	4321
9337	5731
9337	5926
9346	2346
9347	7335
9347	7543
9347	7636
9347	7875
9347	7582
9347	7877
9351	4147
9352	7194
9353	6715
9354	3954
9355	6084
9364	2808
9364	2953
9364	6583
9364	6584
9370	9371
9370	4402
9377	7859
9377	7860
9382	7065
9384	9386
9387	3432
9389	3991
9389	3958
9389	4660
9389	9391
9396	5653
9396	7283
9398	5925
9401	9406
9401	3307
9401	3201
9401	6206
9419	3980
9420	6122
9420	7754
8881	5203
8881	5442
8881	6832
9422	4867
9422	5311
9422	9425
9422	6835
9431	2349
9431	2366
9431	9432
9434	2529
9434	2478
9434	2609
9434	7099
9444	411
9444	712
9444	9445
9452	7291
9378	8279
9455	5037
9455	5311
9455	5902
9455	6538
9455	6589
9455	7462
9458	1026
9459	3048
9460	1087
8606	8323
9482	4874
9482	4323
9482	8418
9485	8
9485	5719
9490	5183
9492	2050
9492	4213
9492	5226
9495	7362
9497	4874
9498	1118
9498	7769
9505	4774
9507	8415
9507	4149
9509	5038
9516	1111
9516	2777
9519	5601
9519	7507
9527	432
9527	1464
9527	4024
9527	7183
7108	1878
7108	2488
7108	885
9533	565
9534	9535
9539	3912
9543	7656
9544	383
9552	3181
9552	3170
9552	9553
9554	1425
9557	9563
8748	6868
8748	7274
9565	8015
9565	855
9568	7262
9570	9495
9570	6422
9570	6478
9570	6468
9570	7546
9570	7283
9570	9573
8680	3615
8680	7985
9575	1554
9578	9414
9579	6327
9580	8032
9580	383
9584	4326
8920	9377
9586	1878
9586	3140
9586	4790
9586	6259
9589	7511
9589	7390
9590	1206
9591	9092
9592	7983
9597	855
9597	2783
9597	2876
9597	3433
8486	2194
8486	362
8486	382
8486	9602
8486	358
8486	9613
9617	9618
9623	6052
9625	6562
9627	6002
9627	6823
9627	7752
9627	7642
9630	4593
9632	4841
9634	2409
9634	7517
9642	4326
9648	1011
9648	1711
9648	3909
9648	9662
9667	8835
9667	8614
9680	1369
9680	5811
9680	5287
9680	5734
9687	9689
9697	1161
9697	1370
9697	6868
9697	7936
9697	2446
9699	9701
9699	9702
9699	9704
9716	9718
9728	8665
9728	4431
9728	6891
9739	9755
9739	5235
9739	6422
9739	7406
9757	7321
9757	5926
9763	9771
9772	3123
9801	9808
9809	7549
9818	6478
9824	9828
9824	9832
9824	9834
9824	8959
9846	6363
9852	8773
9852	9853
9852	8773
9863	9866
9863	2779
9872	5933
9872	7565
9901	8793
9919	9922
9925	9930
9941	856
9941	9366
9941	4226
9941	9945
9954	9668
9954	8630
9963	5447
9963	7293
9982	9983
9982	9810
9982	8540
9982	6829
10007	10009
10023	8559
10023	8562
10023	10027
10023	10036
10023	1085
10023	6675
10047	5183
10052	8714
10052	8470
10052	8733
10052	8742
10052	10065
10052	10068
10052	8219
10085	10086
10085	3971
10085	6822
10091	2226
10106	6517
10108	346
10109	2999
10109	5364
10109	6924
10111	8541
10111	9347
10111	7335
10111	6834
10112	5612
10113	4348
10114	7065
10114	7489
8507	1379
8507	3915
10117	7295
10118	7422
9773	2108
10124	4435
10124	5183
10124	5442
10124	6469
10124	6506
10124	6536
10128	2006
10128	5756
10128	5258
10133	9486
8508	8379
10135	5652
10138	5710
10140	9037
10140	5952
10140	6422
10141	7324
10144	9426
10144	7582
10151	9119
10053	8357
10053	4807
10053	7546
9764	321
10157	10159
10160	138
10160	4911
8509	3982
8509	7721
10167	8219
10168	4326
10168	4865
10168	6514
10177	2091
10188	7640
10191	5147
10191	6471
10206	9176
9864	4901
9864	7094
10207	10209
10207	4807
10207	7545
10207	7746
10207	7582
10211	553
10211	1997
10211	6696
10216	3059
10221	10223
10221	10226
10228	10233
10234	2152
10234	6464
10236	10257
10236	8542
10236	10267
10236	8307
10236	10299
10306	10307
10316	9228
10319	7427
10319	7432
10320	8193
10320	5654
10327	1626
10327	2546
10327	4323
10327	6583
10327	6586
10327	9368
8903	1878
10328	4484
10329	6827
10331	3213
10331	10332
10335	1137
10342	6478
10342	6829
10344	9309
10352	6890
10356	6468
10356	7363
10361	8385
10361	3188
10361	4868
10361	6513
10361	10158
10365	10366
10365	9004
10368	9309
10368	4603
10368	5585
10368	6881
10368	7611
10371	4871
10371	7657
10372	1373
10372	5583
10385	6821
10388	5282
10388	5289
10388	10096
8785	383
8785	2367
8785	2786
8785	4841
10398	6122
9848	10399
10400	4851
10401	10153
10401	10402
10403	10405
10403	6121
10407	10409
10418	4326
10419	6453
8122	4323
8122	5046
8122	7462
10238	10078
10238	10053
10238	6540
10238	6829
10426	7715
10426	7462
10428	6719
10430	7337
10444	1793
10450	5396
8582	6893
8582	8438
10454	2155
10454	8074
10458	9176
10462	10465
10472	3365
10472	4045
10472	4510
10473	1825
10473	3627
10473	7199
10482	1342
10482	6234
10484	8427
10484	8582
10484	9453
10484	7396
10484	7859
10486	118
10488	130
10488	6070
10489	8427
10489	3982
10495	1051
10496	2346
10496	4121
10496	5202
10497	2853
10497	9376
10497	9797
10500	5538
9865	7108
9865	9586
9865	8530
9865	7887
10510	566
10510	10514
10510	880
10510	10521
10510	10532
10510	1801
10510	3127
10510	2928
10510	3242
10510	4716
10510	6411
10510	7559
10510	10550
10555	10557
10558	3751
10024	1122
10024	1159
10024	3031
10565	9226
10565	5063
10565	6823
10570	8193
10570	6080
10570	4803
10570	5657
10571	5483
10571	6744
10572	7258
10573	2998
10574	4897
10576	10578
10576	6976
10579	1024
10579	2330
10579	2367
10579	4618
10579	6823
10586	1580
10586	4470
10591	9163
10591	6891
10591	6823
10592	9180
10596	7297
10596	7283
10596	8314
10597	10496
10597	6272
10597	6873
10597	7134
10597	7185
10601	2368
10601	10602
10601	7609
10605	1495
10605	2461
10605	5221
10607	1379
10607	5585
10607	6255
10614	9452
10614	1823
10614	5448
10614	7465
10615	7379
10616	7855
10616	8531
10621	10622
10621	5734
10625	4149
10625	4401
10625	4996
10625	6337
10626	6479
10240	10053
10240	7543
10628	2330
10628	2366
10628	3597
10629	10630
10629	4321
10634	5856
10638	10639
10641	8193
10641	1503
10641	1914
10641	3937
10643	765
10654	3426
10242	2435
10242	2282
10242	6060
10242	9172
10686	9369
10689	2115
10690	411
10690	6675
10690	7136
10696	2622
10696	10702
10715	5926
9292	380
9292	1567
9292	4149
10727	4790
10727	7609
10728	2550
10728	3504
10728	3505
10728	5147
10730	4326
10734	1897
10734	2408
10734	2409
8555	10329
8555	2603
8555	5996
10745	1058
9643	7295
10760	10145
10761	6702
10764	4149
10770	6921
10771	10773
10771	2719
10771	7567
10775	8148
10775	6347
10778	3971
10778	7396
10243	8785
10243	2155
10243	10480
10243	6479
10243	7024
10243	7636
10175	966
10785	10433
10790	10791
10790	10792
10793	6573
10794	10800
7748	9507
7748	3982
7748	10801
7748	8420
10802	4880
8608	8606
8608	3982
8608	7856
8608	7642
10813	8965
8921	3971
10208	8035
10208	10111
10208	7546
10826	4800
10826	5235
10826	6833
10834	3990
10835	299
10835	1015
10835	2356
10835	1629
10835	1581
10835	1681
10806	10352
10806	4149
10838	1005
10838	4274
8596	4379
8596	5913
10842	3577
10845	10846
10861	361
10861	2825
10861	3218
10861	3895
10865	6312
10874	6906
10874	6911
10876	10879
10880	7273
10880	7025
10880	7350
10881	7535
10888	3971
10889	7856
10890	9495
10890	7784
10894	10895
10905	4149
10905	5326
10905	6478
10905	7818
8882	2732
8882	6187
10912	1370
10912	3239
10912	3939
10913	8383
10913	7860
8844	1024
8844	2574
8844	2550
8844	4885
8844	4892
8844	5311
8844	7518
10916	1875
10916	2270
10919	10574
10921	1576
10921	5224
10921	4839
10921	6144
10921	9274
10934	8427
10936	4809
10942	8267
10945	8024
10945	6821
10945	6893
10945	6886
10946	7520
10947	1126
10947	10949
10947	3255
10947	8066
10947	7937
10960	6587
10961	5618
10963	10964
10968	1996
10244	3268
10245	6478
10973	1576
10973	2254
10978	8370
10978	5465
10978	5456
8406	10807
10979	7463
10980	1021
10980	3426
10981	9013
10981	3982
10981	6678
10981	6884
10983	7109
10983	6823
10246	8035
8681	6424
10991	10111
10991	10144
10991	6739
10992	7854
10992	10484
10992	8608
10995	10968
10998	10936
10998	2636
10998	4811
10998	5478
10998	8192
10998	5466
11000	582
11001	5460
11001	8299
11002	7901
11003	10190
11003	10785
11003	4505
11003	6478
11003	6833
10247	7872
10247	5900
10247	7337
9717	4326
9827	9830
9827	6684
9827	6397
11016	4323
11016	5755
11017	8369
11017	10078
11021	6051
11021	9624
11022	4414
11022	5407
11022	4970
11022	5671
11022	6374
11022	7846
8488	1987
11028	11032
11033	5063
8786	7094
11034	11037
11034	11038
11042	8393
11043	1240
11043	7377
11046	1929
11046	4326
10452	7854
10452	8427
10452	8607
10452	2349
10452	6883
11049	9260
11049	544
11049	4396
11049	7335
11050	4361
11050	2287
11050	3273
11054	10984
11055	4149
11056	6145
11062	1965
10248	5956
10248	7746
11065	4587
9849	11069
9849	6841
11071	10418
11071	7642
11072	7545
11072	7818
11081	4926
11081	7257
11082	5760
9984	7350
11084	2322
11097	1545
11109	6575
11109	7898
11111	8052
11114	8291
11115	6247
11117	8606
11117	10114
11117	8508
11117	8582
11117	10806
11117	10934
11117	3882
11117	7855
11118	11120
11122	9279
11122	4326
11122	7203
11124	1721
11124	2177
11124	5377
9644	8315
9644	6066
11129	3259
11129	6739
11129	7072
11129	6834
11130	9788
11134	11135
11137	3147
11139	2774
11140	11142
11140	6337
11140	9451
11147	8015
11147	1442
11147	9049
11147	5440
11147	6566
11151	1579
11151	4415
11151	11152
11153	5609
11161	4323
11161	6160
11161	9308
11164	9422
11167	4696
11167	5676
11171	856
9802	8383
11176	4790
11177	10806
11178	3033
11178	11179
11181	5365
11185	6478
11185	7745
11186	6835
8818	2402
8818	3971
8818	3982
8818	6823
11187	6478
11187	7531
11195	4321
11195	4323
11196	1576
11196	2346
11196	3558
11196	5795
11196	10300
11201	11163
11203	3476
11206	11208
10249	11212
10249	11217
11218	2152
11218	4994
11218	4790
11218	7059
11218	7010
11220	11225
11227	10368
11227	5760
11227	6823
11227	7609
10250	2370
10250	6966
10250	7746
11228	10891
11232	9408
11232	6583
11234	885
11234	2155
11234	5762
11237	11238
8819	3045
8819	3971
11242	1137
11246	1152
11246	11248
8638	6058
11252	3562
11252	9508
8820	8111
8820	10489
11253	1503
11253	2376
11253	4080
11253	5622
11253	4084
11253	11254
11253	6675
11253	7851
11253	8006
11258	11259
11258	4260
11258	7566
11261	11262
11261	4024
11267	8122
11267	3971
11267	3977
11267	6893
11267	7362
11267	7642
11272	6823
11275	836
11281	11287
11289	761
11289	3786
11291	10111
11292	8062
11292	4374
11292	5125
11292	5417
11296	2007
11296	2727
11296	4589
11296	7519
11301	10106
11301	5412
11301	1831
11301	5127
8821	8819
8821	5281
8821	6821
11303	2257
11304	3899
11304	2165
11304	7037
11308	981
10937	8192
11318	634
11318	4796
11318	5848
11318	6089
9819	7606
11330	7609
11331	3322
11331	6670
11332	8333
11333	1827
11333	11334
11333	808
11338	11337
11338	7723
11340	1701
11340	4657
11340	6818
11340	9325
9942	7636
11343	3971
11343	3977
11343	5930
11357	4733
10008	6824
11366	11020
11368	7723
11369	4885
11369	4790
11371	11373
11374	966
11374	6380
11377	2030
11377	7703
9803	11380
11384	10372
11384	5756
11384	5762
11385	5053
11388	1624
11389	3819
11390	3261
11390	11392
11390	11395
11398	6478
10830	11399
11204	1374
11204	2270
11204	3543
11400	1370
11400	2753
11400	2758
11400	3241
11403	10190
11403	10238
11403	10785
11403	5949
11403	6540
11404	795
11404	11406
11404	2016
8822	8606
8822	10418
8822	11251
11411	709
11411	2165
11417	2019
11417	5180
11421	9399
11423	8311
11423	8194
11423	4149
11425	4322
11425	5336
11426	7146
10009	5283
10009	5277
10009	7856
11434	4326
8764	11444
8764	5806
8764	6950
8764	11445
11448	4895
11448	3794
11448	5354
9873	3303
11455	7674
11455	1920
11455	4213
11455	4402
11457	11289
11457	4260
11460	7922
11460	7108
11460	10372
11460	783
11465	10889
11468	10531
11468	1232
8823	5288
8823	9358
11471	1754
11471	3335
11471	3561
11477	11082
11477	1011
11477	9219
11480	4688
11480	4689
11480	4730
11480	11482
11483	11484
11483	11485
11488	5094
11488	5096
11488	9272
11490	10206
11490	10776
11490	7546
11491	5318
11493	321
11493	2966
11493	4260
11493	5188
11495	1597
11495	1439
11501	10329
11501	4323
11501	6827
11501	6572
11501	6828
11502	9279
11505	5680
11505	11507
11508	11147
11508	1878
11508	6508
11508	7622
11508	7709
11511	9119
11511	8818
11511	11203
11512	7028
11517	5100
9964	10320
9964	2841
9964	4718
11521	1701
11522	8002
11522	8680
11522	10239
11522	4507
11522	7146
11523	1748
11525	7929
11525	5460
11530	3576
11536	10979
11536	2841
11536	4795
11536	5924
11536	7093
11542	11544
11545	1118
11547	988
11548	6823
11549	10755
11549	6606
11551	10380
11551	11552
11555	10615
11557	9427
11557	6422
11558	11559
9668	4567
9668	6893
11560	8017
11560	4744
9804	6121
10252	11568
8914	4024
8914	5439
8914	6536
11572	3953
11572	5875
11573	11017
11573	5121
11576	5037
11576	5195
11576	6758
11577	5203
11577	6356
11583	4803
11583	9038
11583	6512
11587	933
11587	8114
11587	11095
11597	11595
11602	5900
11602	6478
11603	502
11605	11604
11605	9106
11606	11609
10253	11072
10253	6478
10253	7350
11619	1024
11620	10607
11620	11016
11620	6337
11622	10875
11622	11624
8802	841
8802	8812
8802	8815
11626	1574
11626	5717
8749	10771
8749	406
8749	606
8749	544
8749	3520
8749	4608
8749	7865
10254	6422
10254	7636
11630	7192
11632	1379
11632	2005
11639	7901
11639	7785
11640	7390
11641	1756
11641	8448
11651	3634
11660	11402
11660	3957
11661	8257
11665	11666
11667	10686
11668	2953
11668	9538
9669	9201
9669	9668
9669	6889
9669	6890
9669	7642
11671	6890
9545	2143
9545	6815
11672	5405
11672	1657
11672	11673
11672	11674
11675	1495
11675	4365
11677	11681
11682	11683
11682	5782
11684	10508
11684	8382
11686	979
11686	4424
11686	7163
11686	6833
11686	7636
11702	966
11705	1103
11711	8844
11711	8819
11711	11713
11711	2270
11719	4323
11719	5657
11720	9469
11720	6129
8556	6461
11723	4878
11723	10954
8609	10806
8609	8818
8609	3158
8609	6893
11730	9579
11735	324
11735	7621
11739	6887
9710	8820
9710	6886
11742	4892
11744	7072
11746	11270
11746	1657
11746	4270
11746	9324
11747	9427
11747	7340
11749	4175
11749	11750
11752	10114
11752	11218
11752	779
11752	3944
11752	6872
11752	7215
11755	3101
11759	7243
11759	11760
11761	4556
11761	4326
11761	5053
11764	7302
11767	9422
11767	6514
11767	7258
11770	11771
11770	11772
11773	9176
11773	9422
11773	6478
11773	7543
8750	6675
8750	7218
11777	4326
11777	5949
11777	5952
11777	6589
11777	6833
11778	6140
11780	2446
11781	6364
11781	8334
11782	9309
11782	1630
11782	2010
11786	3957
11734	9328
11734	2270
11734	2825
11789	9426
11789	10144
11790	4415
11790	6474
11790	11791
8825	11203
8825	8822
8825	11792
8825	1118
11794	1575
11794	2898
11798	2290
11798	11799
11810	5232
11810	5902
11810	7362
11811	6884
11812	6478
10256	10053
10256	6059
8583	8582
11817	1137
11820	11744
11820	11107
11821	5634
11826	11748
11826	9025
11829	4274
8826	8818
8826	8819
11832	981
11832	2783
11833	10992
11834	2998
11834	3423
11834	5815
11838	9668
11838	5735
11841	6478
11843	3675
11846	11847
9965	7466
11849	10470
11849	1087
11849	982
11849	4242
11849	7887
11851	9218
8788	8787
11854	10979
11854	1374
11854	3048
11854	4153
11854	5448
11854	7356
11854	7298
11854	7901
11858	7762
11863	1900
11863	7337
11792	8826
11792	3971
11868	383
11868	983
11868	11870
11871	10085
11871	3982
11872	8357
11872	10785
11881	659
11881	11882
11890	5755
11898	6057
11901	8970
11901	10740
11904	11905
11906	4295
11906	6337
11909	4284
11909	4419
11909	7681
11909	11910
11912	8486
11912	361
9874	7565
11913	7818
11921	1833
11935	9899
11940	7350
11941	2717
11942	9669
11942	5984
11942	6119
11942	7858
11949	6993
11955	7298
11956	2990
11956	346
11958	345
11959	5093
11965	1011
11965	2370
11966	8486
11966	7392
9921	9387
9921	1995
9921	1752
9921	6288
9921	4149
9921	5811
9921	6508
9921	7217
11784	1776
8744	7649
11977	777
11982	7025
11990	10486
11990	1739
11992	2238
11993	197
11993	2366
11993	3339
11993	2816
11993	4653
11994	7337
11994	7338
11994	7023
11995	11996
11995	4149
11995	6828
11997	8829
11998	1627
12001	4796
12001	5448
12001	6055
12004	544
12004	4671
12011	1026
12011	7299
12012	8819
12013	10331
10259	10024
10259	1003
10259	1117
10259	1994
10259	4807
12025	9810
12025	6342
12028	8309
12032	2270
12032	3971
12032	7622
12032	7856
12032	7642
12039	9570
12039	7535
12039	10300
12039	7542
12041	4885
12041	5757
11793	9681
11793	1025
11793	7198
12043	10626
12043	12044
12043	2366
12043	6341
12045	5455
12048	1717
12048	7707
12054	4965
9986	10190
9986	10247
9986	6478
9858	6879
8828	8819
8829	3563
8829	4672
12060	4796
12060	4901
12060	8941
12062	8015
12062	5760
9830	9827
9830	3067
12066	197
12066	544
12067	5918
12068	2152
12072	12073
12074	7025
12075	10236
12075	11776
9774	6033
12081	5188
12081	6102
12081	6133
12083	11810
12083	3980
12083	6886
12084	2814
12084	6270
12086	3124
12086	2104
10260	8148
10260	7399
12088	9669
12090	12091
12092	2367
8501	10921
8501	4133
8501	4692
8501	6959
12094	6477
12094	6823
12094	7378
12095	7725
12097	321
12097	4976
12097	5188
12097	5603
12097	7560
12099	5510
12100	2600
12100	5511
12100	6014
12101	1838
12101	4300
12104	2849
12104	11598
12108	10257
12108	6347
10048	4967
12130	7337
12130	7351
12133	9119
12133	7462
12135	4874
8542	10968
8542	4080
8542	6835
8542	7559
9729	9804
12137	12138
12137	2594
12139	1045
12139	5565
12139	5600
12143	8279
12143	11833
12143	3971
12143	6121
12143	6890
12143	6823
12143	8438
8543	8541
8543	10111
8543	10237
12149	1118
12149	3982
12149	4738
12150	11033
12150	8609
12150	1024
12151	10155
12154	4737
12154	4326
12154	4784
12154	7127
12154	5820
12154	7281
12155	7363
12156	6832
8502	9347
8502	10245
8502	10261
8502	1011
8502	7786
12158	3067
12162	12163
12162	4673
12162	6680
12162	10909
9765	7956
12166	2366
12167	6668
12167	514
12168	3125
12168	3128
12168	9375
12169	6823
12170	710
12170	3409
12170	7136
12171	3212
12174	11176
12174	3971
12174	6679
12174	7642
12175	4326
12178	141
12181	11810
12181	5235
12181	7163
12181	7635
12182	2449
12182	2366
12182	11472
12182	7442
12186	1709
12186	4373
12186	5204
12187	12191
12194	8820
12195	778
12195	5263
12195	5204
12197	11329
12199	213
12202	8508
12203	1015
12203	11621
12203	10131
12208	7528
12208	7898
12209	11876
12209	3953
12209	8373
9805	1815
9805	5005
9805	11380
12213	4380
12220	11635
12220	6817
12223	10329
12223	8501
12223	1889
12223	5891
12224	1715
12224	4033
12224	4272
12224	4659
12235	6823
12239	1113
8544	4505
8544	7462
12248	9465
12248	6440
12249	7844
12163	11719
12163	197
12163	4149
12250	1026
12250	1836
12251	10889
12251	2578
12251	6823
12252	9074
12256	6267
12257	8822
12257	9668
12257	12019
12260	11909
12260	4304
12261	5037
12271	10316
12271	11176
12271	11251
12271	4875
12273	4149
12278	781
12278	1677
12278	4121
8845	6695
12279	8825
12279	6886
12284	1964
12284	6451
12286	8762
12287	678
12287	7609
12288	3980
12289	5279
12289	12290
12289	5290
8830	8279
8830	7642
12291	3856
12291	9432
8853	9309
8853	12250
8853	885
8853	3409
8853	6263
8853	7609
8627	9955
8627	12194
8627	7640
12293	5469
12293	5474
12305	6823
12307	9710
12307	2331
12308	2762
8854	8882
8854	11055
8854	12162
8854	778
8854	1722
8854	1884
8854	1026
8854	3431
8854	4356
8854	3040
8854	4372
8854	5779
8854	5208
8854	6924
12312	3800
12313	10753
12319	11292
12319	778
12319	5558
12319	12320
8510	5259
8510	5459
8510	6901
12323	7171
12324	8582
8545	11747
8545	8502
8545	6347
8545	6339
8545	7745
12328	8383
12328	8818
12328	9804
8639	8646
8639	8651
12337	10577
12338	4179
9639	6736
9639	7733
8831	8828
12345	10973
12345	515
12345	324
12345	559
12345	383
12345	1004
12345	1155
12345	1641
12345	2360
12345	2717
12345	5848
12345	11144
12354	11995
12354	12022
12356	1376
12359	4805
12360	3186
12360	3192
12360	4383
12362	8606
12362	10615
12363	10245
12363	6339
12364	6688
12365	12368
12372	9135
12372	1711
12372	6058
8469	8122
8469	12208
8469	6143
8469	6422
12374	2982
12374	2983
12375	11337
12378	8819
12378	12279
12387	7894
12387	11385
12387	4149
12387	7355
12388	11056
12391	10727
12391	5930
12399	3067
12399	9089
12399	5565
12399	6751
12399	7278
12404	7163
12405	10123
12405	8582
12405	12174
12406	9497
12406	9668
12406	2152
12406	2270
12406	4295
12406	4874
12406	5283
12406	5288
12406	5277
12406	5483
12406	8900
10265	11202
10265	7548
12409	1486
12409	5040
12414	1581
12414	5989
12416	5536
12416	5682
12422	9176
12422	9321
12422	6478
8789	4149
12430	8431
12433	6061
12433	6965
12434	8606
8558	1092
8558	8574
12435	7642
12437	2133
12447	7929
12447	12458
12447	8322
12459	12421
12462	8278
12462	10237
12462	11841
12462	7334
8610	11227
8610	6267
12463	1717
9866	8820
9866	2368
9866	6888
9866	6337
8790	1035
8790	9049
12465	12467
12471	5930
12475	8583
12475	8853
12475	1373
12475	1833
12475	4790
12479	2492
9758	11761
12482	3213
12483	5071
12483	4837
12484	3183
12484	6699
12484	9326
12488	10601
12488	12382
12490	12491
12490	12492
12494	11542
9875	8509
5832	5834
12497	6893
12497	6822
12497	7755
12497	8423
12500	12274
12502	5411
12502	12215
12504	11337
12504	3838
12504	4662
12506	7354
12506	7355
12506	7292
12506	7901
12506	7466
12507	12508
12510	7872
12510	6576
12510	6825
12511	700
12514	8377
12514	8583
12514	7586
12514	6267
12515	12354
12515	12462
12515	10302
12516	8279
12516	6889
12517	5400
12520	5173
12522	114
12522	167
12522	16
12522	1547
12522	121
12522	5677
12525	11176
12525	5760
12526	10426
12526	2086
12529	405
12532	9226
12532	3626
12532	9323
12535	2949
12539	11164
12539	12368
8922	10452
8922	8819
8922	4379
12541	12543
8884	385
8884	3068
8884	2155
8884	5953
12548	9414
12549	6124
12550	4326
12550	5400
12550	6434
12550	7031
12554	10998
12554	11601
10267	7542
9867	9864
9867	7094
12555	6892
12555	6823
9956	9163
9956	10398
12556	4149
12556	4326
12556	6424
12557	12560
12557	4878
12561	10944
12568	2914
12568	12572
12568	12574
12585	12062
10268	9381
10268	7351
10268	7347
10268	7818
10268	7786
12586	194
12586	3475
12588	7925
12588	666
12588	3997
12591	7724
12599	5184
12600	12135
12605	10807
12606	8681
12606	8542
12606	1127
12606	6966
12606	6478
8923	9378
8923	8921
8923	3971
9682	4326
12608	12303
9059	11798
9059	841
9059	5046
8674	1377
8674	2327
8674	5779
8611	8829
8611	7717
12614	9586
12614	8903
12614	12585
12614	7609
12615	12496
12615	4371
12621	6057
12621	8125
12621	7786
12622	1182
12623	12516
12623	6122
12623	6823
12623	7642
12624	12175
12624	6478
12624	8009
12625	12546
12633	1530
12633	3099
12633	10752
8692	4323
8692	9246
8692	6352
12641	9864
12641	1486
8559	1008
8559	9449
12645	8582
12645	6821
12645	7622
12645	7626
12646	11704
12647	4096
12649	700
12652	7557
12653	6222
10209	10807
10209	10246
10209	9717
10209	1717
10209	7581
12656	7721
12657	966
12657	6514
12658	12666
12671	9024
12672	1530
12672	4866
12673	7093
12674	9364
12674	4149
12674	6129
9775	10122
9775	9788
12678	2926
12678	12680
12678	8210
12686	7775
12687	6450
12689	12378
12690	1709
12690	3349
12690	2430
12690	4372
12690	5117
12690	5093
12691	8259
12691	4814
8547	8541
8547	7546
8547	7544
12701	12702
12710	9864
12710	9866
12710	12556
12710	7792
10269	10257
10270	10785
10270	7549
10271	1717
10271	6060
10271	6061
10271	7746
10271	7582
12714	4790
12716	1569
12716	2718
12719	3971
12720	8154
12720	8157
12720	6147
12720	9481
12723	6631
12724	138
12725	12032
12725	12174
12725	12434
8612	10352
8612	3971
8612	6894
8612	7642
12726	5985
12732	8311
11762	7894
11762	4326
11762	11763
11762	12737
12738	4321
12738	5443
12740	11176
12740	11227
12749	7965
12750	12248
12750	12751
12755	4149
12755	4397
12755	4398
12757	12511
12757	1370
12757	1636
12757	1875
12757	4222
12757	4977
12757	7095
12762	5442
12762	7059
12762	7774
12762	7136
12762	7710
12762	7887
12766	4003
12772	578
12775	5925
12781	9119
12781	966
12781	1036
12781	12784
12781	1118
12781	2024
12781	8901
10274	4326
12789	11203
12789	3953
12791	1020
12791	5110
12791	5217
12791	4619
12795	778
12795	1832
12795	11779
12795	6823
8464	7108
8464	7586
9912	7192
10275	6832
10275	7462
12801	6040
12801	7665
12802	1035
12803	3971
12803	5282
12803	6888
12808	8122
12808	7191
12808	11586
12808	6832
12808	7188
12808	8125
12808	7462
12809	10239
12809	1694
12809	4484
12809	6834
12813	7094
12814	7311
12814	10740
12819	9987
12819	1993
12819	6342
12820	8278
12820	4045
12821	1024
12821	4885
12821	4790
12822	4871
12826	8415
12826	7855
12827	1118
12828	2265
12828	8376
12831	10816
12831	6739
12832	6936
12833	5223
12833	7078
12837	10372
12837	8583
12840	4149
12842	8374
12842	11337
12842	783
12842	2152
12842	4687
12846	7820
12849	11790
12850	9305
12850	12851
12852	10430
12854	12856
12860	6071
12864	4510
10277	11072
10277	10253
12869	1993
10278	10245
10278	6347
12871	3512
12872	12614
12872	12837
12872	3973
12873	4222
12873	6475
11592	7022
12875	6435
12878	7860
9926	5287
12879	7859
12882	515
12882	2339
12882	6402
12882	3724
12882	9340
12882	7852
12888	10776
12888	7541
12891	538
12891	10527
12899	1376
12899	3539
12899	3975
10280	10237
10280	10968
12901	324
12901	5977
12907	600
12909	6441
12914	1703
12914	1836
12914	6772
12916	8610
12916	6267
12918	4647
12925	12307
12925	6741
9776	2112
9776	6033
12928	3971
12933	12174
12933	12821
9927	3662
9927	7583
9927	7609
12937	11234
12937	8583
12937	12062
12937	6255
9966	5053
9966	6517
9966	7464
12938	11289
12938	2217
12938	4326
12938	6532
12942	4103
9060	7606
9060	9078
12943	1024
12944	7884
12944	8750
12945	10344
12945	10888
12945	12946
12951	7787
12951	8404
12951	11557
12954	5043
12954	7261
12955	8819
12955	11581
12966	3780
10283	9331
10283	12108
12969	12970
12972	1118
10284	1495
10284	7271
10284	7336
12973	11247
12976	8075
12977	1703
12977	3349
12977	4255
12977	6874
8407	7545
9913	4242
12979	7882
12979	11301
12979	2366
12979	4807
12981	9711
12981	1118
12982	8822
12982	3971
12983	5583
8904	6260
12989	7883
12990	6085
12992	407
12992	3233
12992	5086
12993	12994
13000	11218
13000	12821
13001	9570
13001	2497
13001	5235
13001	5956
13001	7350
13005	9455
13005	6422
10285	10053
10285	11718
10285	6057
8457	13011
13012	4200
13015	2944
13015	1243
13015	10684
13016	7508
13018	7882
13018	11096
13018	11704
13018	4718
13023	10807
13023	13024
11884	11888
11884	7389
11884	6315
10286	7873
9988	10891
13028	3213
13028	13030
13034	3786
13035	11997
13035	12012
13035	1372
10288	8541
10288	6058
10289	9135
10289	12810
10289	4388
13036	5848
13037	7028
13038	4326
13040	406
13041	8996
13041	10123
13041	12062
13042	6888
13042	8215
13043	7609
13044	9121
13044	6416
13045	10728
13045	8764
13045	4355
13046	9290
13046	1863
13046	4712
9671	8429
13049	12521
13053	4326
13053	6535
13056	618
13056	6616
13056	13064
13056	383
13056	13069
13056	13070
13056	4200
13056	6609
13056	4600
13056	5069
13056	5949
13056	7190
13056	5958
13056	6434
13056	11865
13056	8419
13083	3512
13083	10953
13085	10936
13085	7448
8791	986
8791	4323
13088	12514
13088	12828
13088	12916
13088	3409
13088	4382
13089	851
13089	4790
13091	7800
13091	10571
13095	5448
13098	10346
13101	11192
13106	960
13106	1820
13106	963
13106	13109
13112	2344
13112	5757
13112	6272
13113	6823
13115	4326
13116	2152
13117	6147
13122	8922
13123	13124
13125	8826
13125	6889
13125	5930
13125	8428
13125	6821
13125	7640
13126	1580
13126	5241
13130	5469
13138	11704
9766	5559
13145	7929
13145	9057
13145	12952
13145	4260
12046	1241
12046	7344
8693	8692
13149	5211
13150	10123
13150	12287
13150	12585
13150	13043
13150	3664
13150	4885
10293	2719
13151	7585
13152	13154
13155	847
13157	9565
13157	10372
13157	10809
13157	12828
13157	12872
13157	851
13157	6272
13158	3982
13158	6891
13158	6820
13161	9180
13161	9670
13161	8215
13162	4800
13162	6515
13162	7298
12558	4133
12558	7379
13167	4323
13167	7009
13168	8153
13168	3177
13169	10217
8915	5987
8915	6347
13172	11719
13172	6085
10019	12391
10019	4790
12559	9226
12559	2450
12559	9228
13175	6437
13179	1118
13181	9574
13181	12556
13181	6354
13184	9226
13184	12094
13184	3982
13185	10418
13185	10992
13185	7642
13186	13043
13186	6884
13189	13190
9948	5158
13193	894
13196	7108
13196	11227
13196	8583
13196	12062
13196	13043
13196	7109
13196	7609
13197	1170
13198	5460
13200	11048
13202	2550
13204	11187
13208	1045
13208	4945
13211	11228
13211	2712
13211	5757
13212	6823
13213	9162
13213	11810
13213	5953
13214	4616
13216	6734
13218	9279
13218	11522
13218	1692
13218	6422
13218	7942
13218	8221
13222	1164
10020	6267
10020	7207
13228	11686
13228	10796
13228	6164
8584	12323
8584	12725
8584	8904
8584	12559
8584	661
8584	4874
8584	5930
13233	48
13235	1024
13236	5657
13236	6822
13236	7094
13245	3889
13245	7762
13254	1551
13254	9576
13259	167
13259	3161
13260	9535
8597	8881
8597	13167
8597	4024
8597	8472
8597	7363
8597	7660
13263	12977
13263	6874
13263	8414
13264	2402
10295	10240
10295	10208
10295	7023
13265	582
13266	13108
13266	2066
13271	8542
13271	7875
9891	6328
13284	13114
13284	4717
13284	5183
13285	4397
12880	4326
13289	8582
13289	9927
13289	8584
13289	3664
13289	6267
13290	9819
13290	840
13290	10789
8925	9378
8925	8606
8925	8920
8925	8923
8925	8924
13298	977
13298	2351
13299	2368
13299	4718
13301	12214
13303	12559
13303	1118
13304	6833
13305	11810
13305	1377
13306	764
13307	3255
13307	2958
13310	840
13310	2883
13312	12734
13313	5380
13313	6085
13314	11238
13316	10885
13320	11230
9967	9966
9967	5656
9967	7287
13322	5926
13322	7318
13323	6032
13326	7784
13327	9710
13327	8829
13327	606
13327	3610
13327	6227
13327	3971
13327	6230
13328	714
13328	6478
13329	2830
13334	8610
13342	3396
13342	3252
13342	4110
13342	3251
13345	3562
13345	7578
13349	12329
13354	2277
13357	8214
13358	1493
13360	5059
13361	9627
13361	11196
13361	6337
9876	9873
9876	9874
9876	6505
13362	6478
8846	8821
13367	9121
13367	9201
13367	9328
13370	13372
13373	6897
8548	8547
13375	299
11845	8529
11845	8532
13382	12081
13382	5110
13383	12287
13384	9864
13384	1137
13384	3192
13385	13386
13385	3504
13385	3614
13389	10686
13389	418
13389	6587
13389	6588
13389	9183
13390	4790
13390	7887
13396	5323
13396	4323
13396	5221
13397	324
13398	8148
13398	1717
13399	6478
8628	7857
8628	7642
13401	10281
13402	4326
13405	12354
13413	11072
13413	6834
13414	2871
9928	12763
9928	13186
9928	3662
8665	13418
8665	7563
13420	12423
13420	13303
13420	6823
13421	4326
13421	4730
13421	6675
13422	12714
13422	13390
13422	13416
13422	2727
13429	4923
13429	7255
13431	13434
13435	8800
12769	10905
12769	5413
13439	544
13439	1343
13439	4830
13443	8826
13443	12652
13443	12724
13444	13445
13447	10123
13447	10601
13447	11227
13447	8610
13447	13043
13447	4885
13447	9946
13447	7706
13448	4969
13451	8431
13451	3972
13456	6124
13456	7858
13458	13459
13460	12514
13460	12758
13460	9928
13460	3664
13462	6543
13463	12174
13463	12362
13463	6531
13463	6823
8695	2101
8695	1337
8695	1035
8695	8217
8695	6065
13470	1627
13470	6954
13471	9420
13471	13122
13471	5734
13472	3178
13473	9247
13473	9252
13474	7080
13476	12090
12729	7014
13477	12550
13477	7033
13487	1206
8885	1501
13493	4380
13494	8612
13494	13367
13500	5692
13501	3348
13501	3838
13501	3939
13501	6873
13501	7064
13501	7065
13502	165
13502	13503
13505	3042
13506	8881
13506	13167
13506	8007
13508	11637
13508	13510
13512	10283
13512	1717
13512	6384
13513	12728
13513	3182
13513	7011
13520	1020
13520	7520
13522	4149
13524	9940
13524	12988
13525	10418
13525	8608
13525	11117
13530	6835
9929	7941
9929	13178
9929	12988
9929	3664
13541	4476
13546	8749
13546	1370
13546	2366
13547	3443
13549	7507
13551	13408
13554	12112
13554	12113
13555	11744
13557	12983
13557	2573
13558	12769
13559	10620
13559	10212
13560	2312
13560	1117
13560	2317
13560	7239
13564	12763
13568	11788
13569	11942
13569	6823
13572	2550
13572	3971
9968	9964
9968	7284
9968	5972
13574	13167
13574	5203
13574	5558
13574	7635
13575	2465
13575	5645
13576	3188
13576	6518
13579	5756
13579	7707
13580	1496
13580	3349
13580	3941
13580	6255
13583	6146
13583	2660
13584	12530
13586	7023
13591	1680
13596	11176
13596	12983
13596	10019
13596	13394
13598	13403
9922	11147
9922	12068
9922	12656
9922	1115
9922	5093
9922	5442
13603	2270
13607	5413
13610	8904
13611	11600
13611	4810
13611	5477
13581	12101
13581	5116
13581	7886
13613	1495
13613	4313
9902	10123
9902	11128
13617	13464
13620	2882
13626	5902
13626	6468
13626	7295
9957	8821
9957	8628
9957	3982
9957	5281
9957	6124
8560	8785
8560	8558
13629	10084
13630	6901
13630	7852
13630	7887
13631	6078
13632	2718
13632	4421
10021	8211
10021	12032
10021	8464
10021	9927
10021	10019
10021	2578
13635	12135
13635	4874
13637	13639
13637	13640
13642	8122
13642	4108
13642	6435
13642	10716
13643	3255
13643	6282
13644	13262
13648	2576
13648	6666
13649	7537
13649	7271
13655	5634
13655	7373
13656	13660
13661	11176
13664	2277
13664	1993
13664	2370
13664	3279
13664	5599
13664	5986
13665	1994
13665	2399
13665	5125
13665	6064
13665	6341
8640	6982
13667	13669
8696	8502
8696	9246
8696	8218
8696	6478
13670	7611
13671	6478
13672	9180
13672	10806
13672	13548
13672	7859
8491	650
13673	6833
13674	12144
13674	4326
13678	11847
10011	12362
13680	11196
13680	5999
13680	9056
13681	8541
13682	13683
13682	1109
13682	13668
13682	7851
13684	9671
13684	1289
13684	2348
13684	2573
13684	3186
13685	3816
13688	2064
13379	6823
13692	9426
13692	6422
13694	12725
13694	3971
13695	10011
13695	6881
13693	9426
13697	10807
13697	10991
13698	10787
13698	5783
13699	10890
13699	4149
13699	5037
13699	7635
13700	13494
13701	7935
13701	12185
13701	1829
13701	1114
13701	2105
13701	5578
13703	2378
13703	7297
13704	6315
13705	8541
13707	526
13707	4678
13707	12997
9990	8250
9990	8501
9990	13711
9990	6478
13711	6835
13716	5162
13718	13719
13720	4323
13720	6072
13720	7459
13722	9260
13722	4805
13722	5952
13723	9135
13724	13727
13728	13428
13730	2573
13732	7897
13733	12358
13219	6422
13751	4149
13751	7010
13752	1994
13753	1329
13753	3182
13759	10819
13759	12556
13759	12690
13759	5093
13759	7700
13759	7067
8888	2576
8888	5202
13764	214
13764	973
13764	1919
13764	1969
13764	2446
13764	3546
13764	4493
13764	4833
13764	6406
13772	13773
13774	3352
13774	5665
13774	8011
13777	9294
13778	8582
13779	8582
13779	6823
13782	8785
13782	197
13782	5235
13783	10119
13783	7421
13783	7416
13788	4606
9806	5888
13794	6515
9741	5006
9741	7458
9672	9378
9672	4874
9672	7859
13799	4149
13799	6337
13802	544
13802	979
13802	7139
13803	3982
13803	6255
13804	4727
13650	7024
13807	9309
13807	10600
13807	12287
13807	12514
13807	12692
13807	6267
11869	981
11869	6412
11869	11870
13810	8541
13813	7941
13813	9180
13813	8829
13813	10011
13817	6886
13821	299
13821	7520
13822	6617
13822	6619
13822	13827
13840	2578
13841	10156
13841	1993
13841	5119
13843	12557
13844	13845
13848	5607
13850	10136
13850	1373
13850	13854
13850	6534
13850	7611
13855	13348
13855	3982
13856	13229
13856	1791
13856	2141
13856	5881
13856	7680
13856	7683
13856	7672
13862	3155
13862	1717
13864	3140
13865	10416
13865	11744
13866	13566
13869	2270
13869	5734
13870	10675
13872	13547
13872	2368
13877	13369
13877	6866
13879	12899
13879	3048
13885	128
8855	2366
8855	7182
13895	12219
13896	11626
13896	8610
13896	12652
13896	12933
13896	3971
13896	4149
13896	6886
13898	6265
13899	10082
13900	855
13901	10293
13901	1004
13901	3563
13902	5117
13903	10286
13905	4874
13910	199
13910	7442
13913	10724
13913	8479
13916	10875
13917	10049
13918	12828
13918	13800
13918	13864
9673	11117
9673	9668
9673	11838
9673	8922
9673	13367
9673	6889
9673	7857
13920	1023
8598	7785
13932	1008
13932	7654
13933	1736
13933	5831
13936	13838
13936	5283
13936	5930
13936	7984
13937	4653
13938	5182
13942	11017
13942	13671
13942	13650
13942	7636
13943	4882
13943	3045
13943	6466
13944	10410
13948	4321
13948	4323
8563	4323
8889	5235
8889	9600
8889	7707
8751	8749
8751	411
8751	4891
13956	11082
13956	1717
13957	2840
13318	6059
13959	12209
13962	12313
13963	12615
13963	6344
13964	7938
13964	12690
13964	3520
13964	3895
9651	5744
13965	8695
13966	11283
9903	12032
9903	6823
13969	2247
13971	11858
9834	3971
8465	8464
8465	7583
13977	9420
13977	10452
13977	11449
13977	6011
13979	11884
13979	7890
13979	3399
13979	4851
13979	13994
13999	5795
13999	7640
13999	7856
13999	7642
14001	9145
14001	6248
14003	4498
9665	9502
8856	5260
8905	2087
14010	8502
14010	13413
14011	8035
14011	6835
14012	700
14012	4692
14012	7408
14015	13964
14015	4382
14015	6464
14016	13416
14017	9309
14017	661
14019	12323
14019	12837
14019	7609
14020	11557
14020	13705
14024	11961
14029	4326
14036	1024
14036	1118
14036	1630
14037	12135
14037	12983
14037	13262
14037	2410
14038	6583
14040	2499
14040	3251
14040	3760
14041	8065
14042	6292
14048	10358
14048	6478
14048	7875
14052	9984
14052	11718
14052	1011
14052	6061
14054	5540
14057	8680
14057	10237
14057	6340
14057	6479
14057	8901
14058	4505
14064	8681
14064	12606
14065	3285
14065	7294
14065	7160
14071	7554
14074	13861
14075	2964
14075	7933
14075	8299
9742	6866
9742	9476
14078	2210
14081	8066
14083	12011
14083	1026
14083	6870
14084	6468
9778	2804
9778	4603
14086	12108
14086	1011
14086	7745
9698	1004
9698	1161
9698	3991
8688	8690
14093	8785
14093	11055
14093	8764
14093	9866
14093	2825
14093	4790
14096	9649
14096	6424
14096	7083
14098	8825
14098	406
14098	408
14098	667
14098	1975
14101	1699
9718	9383
9718	9458
9718	4365
9718	6965
14102	5396
14102	5479
9958	9420
9958	2550
9958	4606
9958	5244
9958	5290
9958	5483
14104	8381
14104	8382
9779	9775
14108	11615
14108	167
14109	2722
9969	4718
9969	5653
9969	5657
14111	3576
14111	5930
9904	9903
14115	10240
14115	4510
14115	6966
14115	5982
14115	6835
9877	9875
9877	12828
9877	7567
9877	7718
14125	10776
14125	10980
14125	6488
14129	11218
13949	11218
13949	12203
13949	8883
13949	8889
13949	6869
14130	13471
14130	10011
14131	7128
14137	1651
14137	6280
14137	3991
8752	8903
8752	8749
8752	12068
8752	411
8752	5762
8752	6670
14138	8854
14141	11025
14141	6983
14142	12981
14142	3971
14142	6055
14142	6822
14144	3575
14144	3577
13719	1593
14147	778
14154	224
13950	3434
13950	9600
14155	8562
14155	4323
13757	8558
14156	4807
14156	6160
14156	6479
9930	8674
9930	8752
13780	3982
13780	6823
14160	4053
14160	4088
14158	10601
14158	11227
14158	13178
14158	13186
14158	8752
14158	1373
14158	7609
14170	12203
14170	6924
10025	13581
10025	1501
14174	3683
14176	11176
14176	11227
14177	9671
14177	13684
14177	3982
14178	6618
14178	6620
14178	2066
14183	5650
14183	14184
14186	7776
14186	7871
14186	10247
14187	13564
14187	9930
14188	5692
10012	11838
10012	8628
14195	13192
14196	9176
14206	383
8511	8508
8511	9874
8511	1371
8511	4248
8511	4195
8511	4149
8511	6532
8511	6901
14207	13547
14207	3873
14207	5601
14207	5600
14207	6884
14208	6176
14210	8826
14215	2702
14215	5729
14217	6835
14218	4326
14219	544
14220	7108
14220	3662
14220	6256
14220	4885
14220	5755
14223	1753
14223	2446
14224	12013
14224	10720
14233	3855
14233	6958
8586	3971
14237	1079
14238	8610
14238	8584
14239	3185
14239	5068
14239	14242
14239	7407
14239	7408
14243	2971
14244	12108
14244	13650
14244	3368
14244	4510
14245	12324
14245	12983
14245	13644
14247	14248
14247	6683
14253	9317
14254	10601
14254	12933
14255	10600
14255	9930
14255	14158
14256	11403
14256	10285
14256	13324
14256	8358
14261	8250
14261	6832
14261	7983
14263	8904
14264	14266
14264	6958
