749	543
749	383
749	197
749	544
749	388
750	751
750	71
750	232
750	752
753	285
753	511
753	512
753	513
753	539
753	754
755	756
755	757
755	758
755	759
755	760
761	762
761	763
761	764
761	765
761	766
761	767
761	472
761	768
761	769
761	770
761	771
772	773
772	774
772	775
772	776
777	778
777	779
777	780
781	411
781	713
781	714
781	719
781	722
781	782
781	783
781	784
781	710
785	786
785	787
788	789
788	737
788	790
788	791
792	154
792	793
792	794
792	795
792	796
792	797
792	798
792	799
792	800
792	801
802	411
802	421
802	803
802	425
802	804
802	805
802	384
802	782
802	710
802	806
807	808
807	267
807	270
807	809
807	810
807	811
807	812
807	121
807	442
807	383
807	326
807	813
807	285
807	814
815	816
815	817
815	818
819	166
819	167
819	820
819	821
819	822
819	169
823	155
823	182
823	183
823	90
823	76
823	185
823	188
823	180
824	288
824	825
824	768
824	826
827	828
827	829
830	288
830	831
830	4
830	6
830	291
830	832
830	3
830	833
830	834
830	835
830	836
830	767
837	838
839	501
839	840
839	841
839	842
839	843
844	114
844	116
844	118
844	16
844	119
844	323
844	324
844	121
844	845
844	113
844	326
844	846
847	848
847	578
847	849
847	850
847	851
847	852
847	853
847	692
854	299
854	855
854	856
854	761
857	23
857	858
857	859
857	860
857	861
857	25
857	312
857	313
857	862
857	863
857	275
857	864
857	865
857	33
857	280
857	866
857	98
857	99
857	867
857	283
857	868
857	869
857	870
857	871
857	872
857	873
857	874
857	875
857	876
857	877
878	659
878	879
878	262
878	194
878	220
878	880
878	221
878	881
878	639
878	383
878	544
878	882
878	883
884	737
884	739
884	742
884	743
884	744
884	488
884	745
884	734
884	885
886	887
886	888
889	890
889	891
889	892
893	887
893	894
895	287
895	856
896	212
896	394
896	897
896	898
899	900
899	901
899	902
899	903
904	5
904	324
904	195
904	241
904	123
904	905
904	297
904	906
904	771
904	907
904	908
904	909
904	910
904	911
912	608
912	609
912	913
912	914
912	618
912	620
912	621
912	624
912	627
912	915
912	916
912	917
912	918
912	69
912	636
912	919
912	71
912	72
912	73
912	920
912	921
912	922
912	923
912	924
912	925
912	926
912	927
912	928
912	929
912	930
912	931
912	932
933	934
933	556
933	194
933	220
933	195
933	560
933	544
933	192
933	935
933	936
933	937
933	856
933	938
933	939
940	662
941	942
941	943
941	408
941	667
941	418
941	944
945	946
945	947
945	289
945	518
945	705
945	706
945	707
945	708
945	194
945	220
945	324
945	195
945	704
948	949
948	244
948	950
948	472
948	246
948	951
952	368
952	369
952	370
952	953
952	954
952	66
952	955
952	371
952	364
952	692
952	956
952	957
958	656
958	663
958	959
958	960
958	961
958	962
958	963
958	964
965	966
965	967
965	968
965	969
965	970
965	971
965	972
973	974
973	273
973	383
973	544
973	549
973	975
973	976
973	977
973	978
973	979
973	980
973	981
973	982
973	983
973	984
973	985
973	986
973	987
973	988
989	990
989	991
992	993
992	994
992	995
992	996
992	997
992	998
999	383
999	544
999	299
999	385
999	387
999	856
999	1000
999	1001
999	1002
999	1003
999	1004
999	1005
1006	1007
1006	125
1006	127
1006	1008
1006	880
1006	539
1006	1009
1006	1010
1011	778
1011	1012
1011	1013
1011	1014
1011	1015
1011	855
1011	856
1011	1016
1011	1017
1011	1018
1011	1019
1011	1020
1011	1021
1011	1022
1011	1023
1011	1024
1011	1025
1011	1026
1027	1028
1027	1029
1027	285
1027	511
1027	512
1027	539
1027	1030
1031	863
1031	99
1031	868
1032	1033
1032	1034
1032	1035
1032	1036
1032	1037
1038	1039
1038	1040
1038	1041
1038	1042
1038	879
1038	1043
1038	1044
1038	1045
1038	119
1038	1046
1038	1047
1038	113
1038	1048
1038	318
1038	1049
1038	1050
1038	1051
1038	1052
1053	173
1053	1054
1053	1055
1053	1056
1057	1058
1057	1059
1057	1060
1057	1051
1057	1052
1057	1061
1057	1062
1063	1064
1063	1065
1063	1066
1067	712
1067	713
1067	515
1067	425
1067	1068
1067	445
1067	516
1067	1069
1070	1071
1062	1072
1062	1073
1062	1074
1062	1075
1062	1051
1062	1061
1076	1077
1078	709
1078	1079
1078	544
1078	1080
1078	975
1078	1081
1078	1082
1078	1083
1078	1084
1078	1085
1078	1086
1078	1087
1078	1088
1078	980
1078	1089
1078	981
1078	1090
1078	1091
1078	1092
1078	1093
1094	1095
1094	193
1094	200
1094	1096
1094	1097
1094	1098
1094	198
1094	1099
1094	1100
1094	1101
1094	1102
1103	44
1103	55
1103	49
1103	974
1103	1104
1103	1105
1103	276
1103	804
1103	42
1103	280
1103	281
1103	383
1103	544
1103	385
1103	978
1103	979
1103	1106
1103	982
1103	983
1103	986
1103	987
1103	1107
1103	1108
1103	973
1109	942
1109	1110
1109	1111
1109	421
1109	1112
1109	1014
1109	383
1109	299
1109	856
1109	1000
1109	1002
1109	1003
1109	1113
1109	1114
1109	1115
1109	1116
1109	1117
1109	1020
1109	1092
1109	1118
1109	1119
1109	1026
1120	1121
1120	1122
1120	1123
1120	1000
1120	1001
1120	1024
1120	1124
1125	720
1125	383
1125	1126
1125	384
1125	544
1125	975
1125	1081
1125	1127
1125	1082
1125	1084
1125	1085
1125	1128
1125	1086
1125	1088
1125	1089
1125	1090
1125	1091
1125	1129
1125	1130
1125	1092
1125	1131
1132	1133
1132	1014
1132	299
1132	855
1132	856
1132	1000
1132	1003
1132	1134
1132	1020
1132	1135
1132	1023
1132	1024
1132	1025
1132	1118
1136	1137
1138	1139
1138	1140
1138	1141
1142	1143
1142	942
1142	1144
1142	1110
1142	48
1142	1145
1142	483
1142	1146
1142	411
1142	1111
1142	712
1142	421
1142	1112
1142	425
1142	306
1142	307
1142	722
1142	1147
1142	856
1142	1000
1142	1001
1142	1148
1142	1114
1142	1116
1142	1117
1142	1109
1149	199
1149	223
1149	553
1149	411
1149	1150
1149	712
1149	421
1149	713
1149	714
1149	425
1149	716
1149	1151
1149	516
1149	544
1149	782
1149	299
1149	937
1149	1122
1149	856
1149	1152
1149	1153
1149	1001
1149	1003
1149	1004
1149	1154
1149	1155
1149	1113
1149	1156
1149	1157
1149	1116
1149	1158
1149	1159
1149	1160
1149	1161
1149	1162
1149	1163
1149	1119
1164	1165
1164	1166
1167	544
1167	388
1168	1169
1168	1170
1168	1171
1172	1173
1174	23
1174	858
1174	265
1174	24
1174	36
1174	312
1174	275
1174	864
1174	865
1174	868
1174	871
1174	872
1175	1176
1177	200
1177	1178
1177	1097
1177	803
1177	198
1177	1179
1177	802
1177	1099
1177	1100
1177	1180
1177	1181
1177	1182
1177	1183
1177	1184
1177	1185
1177	1186
1177	1187
1177	1188
1177	1094
1189	23
1189	36
1189	1190
1189	1191
1189	1192
1189	1193
1194	1195
1194	1196
1194	1197
1194	1198
1194	1199
1194	1200
1194	1201
1194	1202
1194	1203
1204	1015
1204	856
1204	1019
1204	1205
1204	1026
1206	1207
1206	1208
1206	411
1206	714
1206	383
1206	1122
1206	1000
1206	1001
1206	1087
1206	1117
1206	1024
1206	1118
1206	1026
1206	1109
1209	1210
1209	1211
1209	1212
1209	1213
1209	1214
1209	1215
1209	1216
1209	1217
1209	1218
1209	1219
1209	1220
1209	1221
1209	1222
1223	515
1223	438
1223	445
1223	214
1223	710
1224	1225
1224	1226
1224	1227
1224	1228
1224	1229
1230	1231
1232	11
1232	349
1232	32
1232	1233
1232	1234
1235	1236
1235	1237
1235	1158
1235	1238
1239	1240
1239	1241
1239	1242
1239	1243
1239	1244
1239	1245
1239	1246
1247	216
1247	289
1247	518
1247	1248
1247	705
1247	217
1247	218
1247	220
1247	195
1247	709
1247	1249
1247	383
1247	458
1247	544
1247	299
1247	975
1247	935
1247	1015
1247	937
1247	856
1247	1153
1247	1250
1247	1251
1247	1252
1247	1003
1247	1253
1247	1254
1247	1115
1247	1156
1247	1116
1247	1255
1247	1256
1247	1025
1247	1011
1247	1257
1247	1258
1247	1259
1260	1261
1260	456
1260	1262
1260	1263
1260	69
1260	1008
1260	1264
1260	70
1260	1265
1260	71
1260	72
1260	73
1260	74
1260	139
1260	1266
1260	1267
1260	920
1260	136
1260	1268
1260	1035
1260	233
1260	1269
1260	1270
1260	1271
1260	1272
1260	930
1260	1273
1260	1274
1260	1000
1260	1275
1260	1276
1277	1278
1279	1280
1279	1281
1279	787
1279	27
1279	1282
1279	1283
1279	1284
1279	1285
1286	611
1286	70
1286	221
1286	75
1286	1287
1286	1288
1286	1289
1286	1290
1286	1291
1286	1292
1293	1294
1295	795
1295	127
1295	1296
1295	132
1295	1297
1295	1298
1295	1299
1295	1300
1295	1301
1302	1303
1302	1304
1302	1305
1302	1306
1302	1307
1302	1308
1309	1014
1309	197
1309	1310
1309	856
1309	1000
1309	1311
1309	1312
1309	1005
1309	1020
1309	1024
1309	1118
1309	1109
1309	1313
1309	1314
1309	1315
1316	1317
1316	1318
1316	1319
1320	1321
1320	1322
1320	1323
1320	1324
1320	1325
1326	570
1326	577
1326	1327
1326	579
1326	1328
1326	1329
1326	588
1330	1331
1330	1332
1330	1333
1330	1334
1330	1335
1336	636
1336	1337
1336	138
1336	70
1336	71
1336	1338
1336	1266
1336	1035
1336	930
1336	1339
1336	1340
1341	193
1341	411
1341	559
1341	196
1341	383
1341	299
1341	385
1341	387
1341	856
1341	802
1341	1153
1341	1250
1341	1000
1341	1001
1341	1003
1341	1004
1341	1154
1341	1342
1341	1155
1341	1113
1341	1343
1341	1115
1341	1156
1341	1157
1341	1116
1341	1117
1341	1344
1341	1345
1341	1161
1341	1162
1341	1092
1341	1163
1341	1119
1341	1109
1341	1125
1341	1149
1341	1313
1341	1346
1347	1348
1347	1349
1347	1350
1351	1207
1351	1208
1351	1352
1351	1000
1351	1001
1351	1069
1351	1346
1351	1206
1353	1354
1353	1355
1353	412
1353	1356
1353	737
1353	1357
1353	1358
1353	1359
1353	1360
1353	1361
1362	467
1362	1363
1362	1364
1365	220
1365	1366
1365	299
1365	1015
1365	937
1365	855
1365	856
1365	1152
1365	1367
1365	1251
1365	1254
1365	1019
1365	1005
1365	1020
1365	1021
1365	1368
1365	1024
1365	1118
1365	1369
1365	1026
1365	1011
1365	1109
1365	1132
1365	1370
1365	1371
1365	1314
1365	1259
1365	1372
1365	1373
1365	1247
1365	1374
1365	1375
1365	1376
1365	1377
1365	1378
1365	1379
1380	711
1380	1381
1380	1207
1380	1208
1380	1382
1380	713
1380	515
1380	1383
1380	1068
1380	516
1380	1352
1380	710
1384	1385
1384	1386
1384	71
1384	231
1384	1339
1387	611
1387	1388
1387	288
1387	1389
1387	1390
1387	1391
1387	1392
1387	1393
1387	607
1387	1394
1395	1396
1395	1397
1395	335
1395	1398
1395	1399
1400	1401
1400	774
1400	1402
1400	776
1400	1403
1400	1287
1404	762
1404	786
1404	1405
1404	1406
1404	1407
1404	785
1404	1408
1404	1409
1404	1410
1411	1412
1411	45
1411	1413
1411	1414
1411	1415
1411	1416
1411	230
1411	1417
1411	1418
1411	1419
1411	648
1411	451
1411	1420
1411	1421
1411	1422
1423	1424
1423	1425
1426	1424
1426	1425
1427	36
1427	1428
1427	1429
1427	1430
1427	1431
1427	1432
1433	172
1434	1435
1434	1436
1434	1437
1434	1438
1434	1439
1434	1440
1434	1441
1442	1151
1442	1014
1442	856
1442	1443
1442	1311
1442	1180
1442	1182
1442	1254
1442	1024
1442	1444
1442	1118
1442	1011
1442	1376
1442	1378
1442	1379
1445	1431
1445	1446
1447	1448
1449	751
1449	288
1449	1450
1449	1451
1452	543
1452	1453
1452	388
1452	1454
1455	675
1455	1456
1455	1457
1455	1458
1455	1459
1455	1460
1455	1461
1462	415
1462	1463
1462	1464
1462	449
1462	1465
1462	285
1462	454
1462	511
1462	1027
1466	1467
1466	1468
1466	1151
1466	299
1466	514
1466	1469
1466	937
1466	856
1466	1153
1466	1250
1466	1000
1466	1180
1466	1003
1466	1004
1466	1182
1466	1115
1466	1470
1466	1156
1466	1158
1466	1159
1466	1344
1466	1471
1466	1021
1466	1024
1466	1025
1466	1163
1466	1119
1466	1026
1466	988
1466	1011
1466	1109
1466	1120
1466	1370
1466	1314
1466	1315
1466	1309
1466	1472
